3.51667,3.63711,0.794007,-3.08164
3.51951,3.61732,0.794306,-3.12129
3.52235,3.59752,0.794606,3.12226
3.52519,3.57773,0.794906,3.08262
3.52803,3.55793,0.795206,3.04298
3.53087,3.53814,0.795505,3.00334
3.53371,3.51834,0.795805,2.9637
3.53655,3.49855,0.796105,2.92406
3.53939,3.47875,0.796405,2.88442
3.54223,3.45896,0.796704,2.84478
3.54507,3.43916,0.797004,2.80513
3.54791,3.41937,0.797304,2.76549
3.55075,3.39957,0.797604,2.72585
3.55359,3.37978,0.797903,2.68621
3.55643,3.35998,0.798203,2.64657
3.55927,3.34018,0.798503,2.60693
3.56211,3.32039,0.798803,2.56729
3.56495,3.30059,0.799102,2.52765
3.56779,3.2808,0.799402,2.48801
3.57063,3.261,0.799702,2.44837
3.57347,3.24121,0.800002,2.40873
3.57631,3.22141,0.800301,2.36909
3.57915,3.20162,0.800601,2.32945
3.58199,3.18182,0.800901,2.28981
3.58483,3.16203,0.801201,2.25017
3.58767,3.14223,0.8015,2.21053
3.59051,3.12244,0.8018,2.17088
3.59336,3.10264,0.8021,2.13124
3.5962,3.08285,0.8024,2.0916
3.59904,3.06305,0.802699,2.05196
3.60188,3.04326,0.802999,2.01232
3.60472,3.02346,0.803299,1.97268
3.60756,3.00367,0.803599,1.93304
3.6104,2.98387,0.803898,1.8934
3.61324,2.96408,0.804198,1.85376
3.61608,2.94428,0.804498,1.81412
3.61892,2.92449,0.804798,1.77448
3.62176,2.90469,0.805097,1.73484
3.6246,2.8849,0.805397,1.6952
3.62744,2.8651,0.805697,1.65556
3.63028,2.84531,0.805997,1.61592
3.63312,2.82551,0.806296,1.57628
3.63596,2.80572,0.806596,1.53663
3.6388,2.78592,0.806896,1.49699
3.64164,2.76613,0.807196,1.45735
3.64448,2.74633,0.807495,1.41771
3.64732,2.72654,0.807795,1.37807
3.65016,2.70674,0.808095,1.33843
3.653,2.68695,0.808395,1.29879
3.65584,2.66715,0.808695,1.25915
3.59739,2.95658,0.863297,1.78
3.57758,2.95393,0.862476,1.79778
3.55778,2.95128,0.861656,1.81555
3.53797,2.94864,0.860836,1.83333
3.51816,2.94599,0.860016,1.85111
3.49835,2.94335,0.859195,1.86888
3.47855,2.9407,0.858375,1.88666
3.45874,2.93806,0.857555,1.90444
3.43893,2.93541,0.856735,1.92221
3.41913,2.93276,0.855914,1.93999
3.39932,2.93012,0.855094,1.95777
3.37951,2.92747,0.854274,1.97554
3.3597,2.92483,0.853453,1.99332
3.3399,2.92218,0.852633,2.0111
3.32009,2.91953,0.851813,2.02887
3.30028,2.91689,0.850993,2.04665
3.28047,2.91424,0.850172,2.06443
3.26067,2.9116,0.849352,2.08221
3.24086,2.90895,0.848532,2.09998
3.22105,2.90631,0.847712,2.11776
3.20125,2.90366,0.846891,2.13554
3.18144,2.90101,0.846071,2.15331
3.16163,2.89837,0.845251,2.17109
3.14182,2.89572,0.844431,2.18887
3.12202,2.89308,0.84361,2.20664
3.10221,2.89043,0.84279,2.22442
3.0824,2.88778,0.84197,2.2422
3.06259,2.88514,0.841149,2.25997
3.04279,2.88249,0.840329,2.27775
3.02298,2.87985,0.839509,2.29553
3.00317,2.8772,0.838689,2.3133
2.98337,2.87456,0.837868,2.33108
2.96356,2.87191,0.837048,2.34886
2.94375,2.86926,0.836228,2.36664
2.92394,2.86662,0.835408,2.38441
2.90414,2.86397,0.834587,2.40219
2.88433,2.86133,0.833767,2.41997
2.86452,2.85868,0.832947,2.43774
2.84472,2.85603,0.832127,2.45552
2.82491,2.85339,0.831306,2.4733
2.8051,2.85074,0.830486,2.49107
2.78529,2.8481,0.829666,2.50885
2.76549,2.84545,0.828846,2.52663
2.74568,2.84281,0.828025,2.5444
2.72587,2.84016,0.827205,2.56218
2.70606,2.83751,0.826385,2.57996
2.68626,2.83487,0.825564,2.59773
2.66645,2.83222,0.824744,2.61551
2.64664,2.82958,0.823924,2.63329
2.62684,2.82693,0.823104,2.65107
2.60703,2.82428,0.822283,2.66884
2.61996,2.83902,0.826221,2.69284
2.63289,2.85376,0.830159,2.71683
2.64582,2.8685,0.834097,2.74083
2.65876,2.88324,0.838035,2.76482
2.67169,2.89798,0.841973,2.78882
2.68462,2.91272,0.845911,2.81281
2.69755,2.92746,0.849849,2.83681
2.71048,2.9422,0.853787,2.8608
2.72341,2.95694,0.857725,2.8848
2.73635,2.97168,0.861663,2.9088
2.74928,2.98642,0.8656,2.93279
2.76221,3.00116,0.869538,2.95679
2.77514,3.0159,0.873476,2.98078
2.78807,3.03064,0.877414,3.00478
2.801,3.04538,0.881352,3.02877
2.81394,3.06012,0.88529,3.05277
2.82687,3.07486,0.889228,3.07676
2.8398,3.0896,0.893166,3.10076
2.85273,3.10434,0.897104,3.12475
2.86566,3.11908,0.901042,-3.13444
2.8786,3.13382,0.90498,-3.11044
2.89153,3.14856,0.908917,-3.08645
2.90446,3.1633,0.912855,-3.06245
2.91739,3.17804,0.916793,-3.03846
2.93032,3.19278,0.920731,-3.01446
2.94325,3.20752,0.924669,-2.99046
2.95619,3.22226,0.928607,-2.96647
2.96912,3.237,0.932545,-2.94247
2.98205,3.25174,0.936483,-2.91848
2.99498,3.26648,0.940421,-2.89448
3.00791,3.28122,0.944359,-2.87049
3.02085,3.29596,0.948297,-2.84649
3.03378,3.3107,0.952235,-2.8225
3.04671,3.32544,0.956172,-2.7985
3.05964,3.34018,0.96011,-2.77451
3.07257,3.35492,0.964048,-2.75051
3.0855,3.36966,0.967986,-2.72652
3.09844,3.3844,0.971924,-2.70252
3.11137,3.39914,0.975862,-2.67853
3.1243,3.41388,0.9798,-2.65453
3.13723,3.42862,0.983738,-2.63054
3.15016,3.44336,0.987676,-2.60654
3.16309,3.4581,0.991614,-2.58254
3.17603,3.47284,0.995552,-2.55855
3.18896,3.48758,0.999489,-2.53455
3.20189,3.50232,1.00343,-2.51056
3.21482,3.51706,1.00737,-2.48656
3.22775,3.5318,1.0113,-2.46257
3.24069,3.54654,1.01524,-2.43857
3.25362,3.56127,1.01918,-2.41458
3.25067,3.57972,1.02633,-2.38726
3.24772,3.59817,1.03347,-2.35994
3.24477,3.61661,1.04062,-2.33262
3.24182,3.63506,1.04776,-2.3053
3.23887,3.6535,1.05491,-2.27799
3.23592,3.67195,1.06206,-2.25067
3.23297,3.69039,1.0692,-2.22335
3.23002,3.70884,1.07635,-2.19603
3.22707,3.72728,1.08349,-2.16871
3.22412,3.74573,1.09064,-2.14139
3.22117,3.76417,1.09779,-2.11408
3.21822,3.78262,1.10493,-2.08676
3.21527,3.80106,1.11208,-2.05944
3.21232,3.81951,1.11923,-2.03212
3.20937,3.83796,1.12637,-2.0048
3.20642,3.8564,1.13352,-1.97749
3.20347,3.87485,1.14066,-1.95017
3.20052,3.89329,1.14781,-1.92285
3.19757,3.91174,1.15496,-1.89553
3.19462,3.93018,1.1621,-1.86821
3.19167,3.94863,1.16925,-1.84089
3.18872,3.96707,1.1764,-1.81358
3.18577,3.98552,1.18354,-1.78626
3.18282,4.00396,1.19069,-1.75894
3.17987,4.02241,1.19783,-1.73162
3.17692,4.04085,1.20498,-1.7043
3.17397,4.0593,1.21213,-1.67698
3.17102,4.07774,1.21927,-1.64967
3.16807,4.09619,1.22642,-1.62235
3.16512,4.11464,1.23356,-1.59503
3.16217,4.13308,1.24071,-1.56771
3.15922,4.15153,1.24786,-1.54039
3.15627,4.16997,1.255,-1.51307
3.15332,4.18842,1.26215,-1.48576
3.15037,4.20686,1.2693,-1.45844
3.14743,4.22531,1.27644,-1.43112
3.14448,4.24375,1.28359,-1.4038
3.14153,4.2622,1.29073,-1.37648
3.13858,4.28064,1.29788,-1.34917
3.13563,4.29909,1.30503,-1.32185
3.13268,4.31753,1.31217,-1.29453
3.12973,4.33598,1.31932,-1.26721
3.12678,4.35442,1.32647,-1.23989
3.12383,4.37287,1.33361,-1.21257
3.12088,4.39132,1.34076,-1.18526
3.11793,4.40976,1.3479,-1.15794
3.11498,4.42821,1.35505,-1.13062
3.11203,4.44665,1.3622,-1.1033
3.10908,4.4651,1.36934,-1.07598
3.10613,4.48354,1.37649,-1.04866
3.08951,4.47322,1.37233,-1.07639
3.0729,4.46289,1.36818,-1.10411
3.05628,4.45256,1.36402,-1.13183
3.03967,4.44223,1.35987,-1.15955
3.02305,4.43191,1.35571,-1.18727
3.00644,4.42158,1.35155,-1.21499
2.98982,4.41125,1.3474,-1.24272
2.9732,4.40092,1.34324,-1.27044
2.95659,4.3906,1.33909,-1.29816
2.93997,4.38027,1.33493,-1.32588
2.92336,4.36994,1.33077,-1.3536
2.90674,4.35961,1.32662,-1.38132
2.89013,4.34929,1.32246,-1.40904
2.87351,4.33896,1.31831,-1.43677
2.8569,4.32863,1.31415,-1.46449
2.84028,4.3183,1.31,-1.49221
2.82366,4.30798,1.30584,-1.51993
2.80705,4.29765,1.30168,-1.54765
2.79043,4.28732,1.29753,-1.57537
2.77382,4.27699,1.29337,-1.60309
2.7572,4.26667,1.28922,-1.63082
2.74059,4.25634,1.28506,-1.65854
2.72397,4.24601,1.28091,-1.68626
2.70736,4.23568,1.27675,-1.71398
2.69074,4.22536,1.27259,-1.7417
2.67413,4.21503,1.26844,-1.76942
2.65751,4.2047,1.26428,-1.79714
2.64089,4.19438,1.26013,-1.82487
2.62428,4.18405,1.25597,-1.85259
2.60766,4.17372,1.25182,-1.88031
2.59105,4.16339,1.24766,-1.90803
2.57443,4.15307,1.2435,-1.93575
2.55782,4.14274,1.23935,-1.96347
2.5412,4.13241,1.23519,-1.99119
2.52459,4.12208,1.23104,-2.01892
2.50797,4.11176,1.22688,-2.04664
2.49136,4.10143,1.22272,-2.07436
2.47474,4.0911,1.21857,-2.10208
2.45812,4.08077,1.21441,-2.1298
2.44151,4.07045,1.21026,-2.15752
2.42489,4.06012,1.2061,-2.18525
2.40828,4.04979,1.20195,-2.21297
2.39166,4.03946,1.19779,-2.24069
2.37505,4.02914,1.19363,-2.26841
2.35843,4.01881,1.18948,-2.29613
2.34182,4.00848,1.18532,-2.32385
2.3252,3.99815,1.18117,-2.35157
2.30858,3.98783,1.17701,-2.3793
2.29197,3.9775,1.17286,-2.40702
2.27535,3.96717,1.1687,-2.43,2.,1.2866,1.66947
-2.50658,-2.0895,1.2899,1.68725
-2.51141,-2.07037,1.29319,1.70503
-2.51623,-2.05125,1.29649,1.72281
-2.52106,-2.03212,1.29979,1.74058
-2.53709,-2.04389,1.30188,1.70895
-2.55313,-2.05566,1.30398,1.67732
-2.56916,-2.06743,1.30608,1.64568
-2.58519,-2.0792,1.30818,1.61405
-2.60123,-2.09097,1.31027,1.58242
-2.61726,-2.10274,1.31237,1.55079
-2.63329,-2.11451,1.31447,1.51915
-2.64933,-2.12628,1.31657,1.48752
-2.66536,-2.13805,1.31866,1.45589
-2.68139,-2.14982,1.32076,1.42426
-2.69743,-2.16159,1.32286,1.39262
-2.71346,-2.17336,1.32495,1.36099
-2.72949,-2.18513,1.32705,1.32936
-2.74553,-2.1969,1.32915,1.29772
-2.76156,-2.20867,1.33125,1.26609
-2.77759,-2.22044,1.33334,1.23446
-2.79363,-2.23221,1.33544,1.20283
-2.80966,-2.24398,1.33754,1.17119
-2.82569,-2.25575,1.33964,1.13956
-2.84173,-2.26752,1.34173,1.10793
-2.85776,-2.27929,1.34383,1.07629
-2.87379,-2.29106,1.34593,1.04466
-2.88983,-2.30283,1.34802,1.01303
-2.90586,-2.3146,1.35012,0.981397
-2.92189,-2.32637,1.35222,0.949764
-2.93793,-2.33814,1.35432,0.918131
-2.95396,-2.34991,1.35641,0.886499
-2.96999,-2.36168,1.35851,0.854866
-2.98603,-2.37345,1.36061,0.823233
-3.00206,-2.38522,1.36271,0.7916
-3.01809,-2.39699,1.3648,0.759968
-3.03413,-2.40876,1.3669,0.728335
-3.05016,-2.42053,1.369,0.696702
-3.06619,-2.4323,1.37109,0.665069
-3.08223,-2.44407,1.37319,0.633437
-3.09826,-2.45584,1.37529,0.601804
-3.11429,-2.46761,1.37739,0.570171
-3.13033,-2.47938,1.37948,0.538538
-3.14636,-2.49115,1.38158,0.506906
-3.16239,-2.50292,1.38368,0.475273
-3.17843,-2.51469,1.38578,0.44364
-3.19446,-2.52646,1.38787,0.412007
-3.21049,-2.53823,1.38997,0.380375
-3.22653,-2.55,1.39207,0.348742
-3.24256,-2.56177,1.39416,0.317109
-3.25859,-2.57354,1.39626,0.285476
-3.27463,-2.58531,1.39836,0.253844
-3.29066,-2.59708,1.40046,0.222211
-3.30669,-2.60885,1.40255,0.190578
-3.32273,-2.62062,1.40465,0.158945
-3.3114,-2.6043,1.40693,0.207345
-3.30007,-2.58797,1.4092,0.255745
-3.28874,-2.57165,1.41148,0.304145
-3.27741,-2.55532,1.41376,0.352544
-3.26609,-2.539,1.41604,0.400944
-3.25476,-2.52267,1.41831,0.449344
-3.24343,-2.50635,1.42059,0.497743
-3.2321,-2.49002,1.42287,0.546143
-3.22077,-2.4737,1.42514,0.594543
-3.20944,-2.45738,1.42742,0.642943
-3.19812,-2.44105,1.4297,0.691342
-3.18679,-2.42473,1.43197,0.739742
-3.17546,-2.4084,1.43425,0.788142
-3.16413,-2.39208,1.43653,0.836541
-3.1528,-2.37575,1.43881,0.884941
-3.14148,-2.35943,1.44108,0.933341
-3.13015,-2.3431,1.44336,0.98174
-3.11882,-2.32678,1.44564,1.03014
-3.10749,-2.31046,1.44791,1.07854
-3.09616,-2.29413,1.45019,1.12694
-3.08483,-2.27781,1.45247,1.17534
-3.07351,-2.26148,1.45474,1.22374
-3.06218,-2.24516,1.45702,1.27214
-3.05085,-2.22883,1.4593,1.32054
-3.03952,-2.21251,1.46157,1.36894
-3.02819,-2.19618,1.46385,1.41734
-3.01687,-2.17986,1.46613,1.46574
-3.00554,-2.16354,1.46841,1.51414
-2.99421,-2.14721,1.47068,1.56254
-2.98288,-2.13089,1.47296,1.61094
-2.97155,-2.11456,1.47524,1.65934
-2.96022,-2.09824,1.47751,1.70774
-2.9489,-2.08191,1.47979,1.75614
-2.93757,-2.06559,1.48207,1.80454
-2.92624,-2.04926,1.48434,1.85294
-2.91491,-2.03294,1.48662,1.90133
-2.90358,-2.01662,1.4889,1.94973
-2.89225,-2.00029,1.49117,1.99813
-2.88093,-1.98397,1.49345,2.04653
-2.8696,-1.96764,1.49573,2.09493
-2.85827,-1.95132,1.49801,2.14333
-2.84694,-1.93499,1.50028,2.19173
-2.83561,-1.91867,1.50256,2.24013
-2.82429,-1.90234,1.50484,2.28853
-2.81296,-1.88602,1.50711,2.33693
-2.80163,-1.8697,1.50939,2.38533
-2.7903,-1.85337,1.51167,2.43373
-2.77897,-1.83705,1.51394,2.48213
-2.76764,-1.82072,1.51622,2.53053
-2.75632,-1.8044,1.5185,2.57893
-2.75949,-1.78471,1.52001,2.57408
-2.76267,-1.76502,1.52152,2.56922
-2.76585,-1.74533,1.52303,2.56437
-2.76903,-1.72565,1.52454,2.55952
-2.77221,-1.70596,1.52604,2.55466
-2.77538,-1.68627,1.52755,2.54981
-2.77856,-1.66658,1.52906,2.54496
-2.78174,-1.64689,1.53057,2.5401
-2.78492,-1.62721,1.53208,2.53525
-2.7881,-1.60752,1.53359,2.5304
-2.79127,-1.58783,1.5351,2.52554
-2.79445,-1.56814,1.53661,2.52069
-2.79763,-1.54845,1.53812,2.51584
-2.80081,-1.52876,1.53963,2.51098
-2.80399,-1.50908,1.54114,2.50613
-2.80716,-1.48939,1.54265,2.50128
-2.81034,-1.4697,1.54415,2.49642
-2.81352,-1.45001,1.54566,2.49157
-2.8167,-1.43032,1.54717,2.48672
-2.81988,-1.41064,1.54868,2.48186
-2.82306,-1.39095,1.55019,2.47701
-2.82623,-1.37126,1.5517,2.47216
-2.82941,-1.35157,1.55321,2.4673
-2.83259,-1.33188,1.55472,2.46245
-2.83577,-1.3122,1.55623,2.4576
-2.83895,-1.29251,1.55774,2.45274
-2.84212,-1.27282,1.55925,2.44789
-2.8453,-1.25313,1.56076,2.44304
-2.84848,-1.23344,1.56226,2.43818
-2.85166,-1.21375,1.56377,2.43333
-2.85484,-1.19407,1.56528,2.42848
-2.85801,-1.17438,1.56679,2.42362
-2.86119,-1.15469,1.5683,2.41877
-2.86437,-1.135,1.56981,2.41392
-2.86755,-1.11531,1.57132,2.40906
-2.87073,-1.09563,1.57283,2.40421
-2.8739,-1.07594,1.57434,2.39936
-2.87708,-1.05625,1.57585,2.3945
-2.88026,-1.03656,1.57736,2.38965
-2.88344,-1.01687,1.57887,2.3848
-2.88662,-0.997185,1.58038,2.37994
-2.88979,-0.977497,1.58188,2.37509
-2.89297,-0.957809,1.58339,2.37024
-2.89615,-0.938121,1.5849,2.36538
-2.89933,-0.918433,1.58641,2.36053
-2.90251,-0.898744,1.58792,2.35568
-2.90568,-0.879056,1.58943,2.35082
-2.90886,-0.859368,1.59094,2.34597
-2.91204,-0.83968,1.59245,2.34112
-2.91522,-0.819992,1.59396,2.33626
-2.90021,-0.806777,1.59399,2.29525
-2.88519,-0.793562,1.59402,2.25425
-2.87018,-0.780346,1.59406,2.21324
-2.85517,-0.767131,1.59409,2.17223
-2.84016,-0.753916,1.59413,2.13122
-2.82515,-0.740701,1.59416,2.09021
-2.81014,-0.727486,1.59419,2.0492
-2.79512,-0.71427,1.59423,2.0082
-2.78011,-0.701055,1.59426,1.96719
-2.7651,-0.68784,1.59429,1.92618
-2.75009,-0.674625,1.59433,1.88517
-2.73508,-0.66141,1.59436,1.84416
-2.72006,-0.648195,1.59439,1.80316
-2.70505,-0.634979,1.59443,1.76215
-2.69004,-0.621764,1.59446,1.72114
-2.67503,-0.608549,1.59449,1.68013
-2.66002,-0.595334,1.59453,1.63912
-2.645,-0.582119,1.59456,1.59812
-2.62999,-0.568903,1.5946,1.55711
-2.61498,-0.555688,1.59463,1.5161
-2.59997,-0.542473,1.59466,1.47509
-2.58496,-0.529258,1.5947,1.43408
-2.56994,-0.516043,1.59473,1.39307
-2.55493,-0.502827,1.59476,1.35207
-2.53992,-0.489612,1.5948,1.31106
-2.52491,-0.476397,1.59483,1.27005
-2.5099,-0.463182,1.59486,1.22904
-2.49488,-0.449967,1.5949,1.18803
-2.47987,-0.436751,1.59493,1.14703
-2.46486,-0.423536,1.59496,1.10602
-2.44985,-0.410321,1.595,1.06501
-2.43484,-0.397106,1.59503,1.024
-2.41983,-0.383891,1.59506,0.982993
-2.40481,-0.370676,1.5951,0.941985
-2.3898,-0.35746,1.59513,0.900976
-2.37479,-0.344245,1.59517,0.859968
-2.35978,-0.33103,1.5952,0.81896
-2.34477,-0.317815,1.59523,0.777952
-2.32975,-0.3046,1.59527,0.736944
-2.31474,-0.291384,1.5953,0.695936
-2.29973,-0.278169,1.59533,0.654927
-2.28472,-0.264954,1.59537,0.613919
-2.26971,-0.251739,1.5954,0.572911
-2.25469,-0.238524,1.59543,0.531903
-2.23968,-0.225308,1.59547,0.490895
-2.22467,-0.212093,1.5955,0.449887
-2.20966,-0.198878,1.59553,0.408878
-2.19465,-0.185663,1.59557,0.36787
-2.17963,-0.172448,1.5956,0.326862
-2.16462,-0.159233,1.59563,0.285854
-2.16884,-0.139925,1.59871,0.261232
-2.17305,-0.120618,1.60179,0.23661
-2.17727,-0.101311,1.60486,0.211988
-2.18149,-0.082004,1.60794,0.187366
-2.1857,-0.0626969,1.61101,0.162744
-2.18992,-0.0433898,1.61409,0.138122
-2.19414,-0.0240827,1.61716,0.1135
-2.19835,-0.00477556,1.62024,0.088878
-2.20257,0.0145316,1.62332,0.064256
-2.20678,0.0338387,1.62639,0.039634
-2.211,0.0531458,1.62947,0.015012
-2.21522,0.0724529,1.63254,-0.00961002
-2.21943,0.09176,1.63562,-0.034232
-2.22365,0.111067,1.63869,-0.058854
-2.22786,0.130374,1.64177,-0.083476
-2.23208,0.149681,1.64484,-0.108098
-2.2363,0.168988,1.64792,-0.13272
-2.24051,0.188296,1.651,-0.157342
-2.24473,0.207603,1.65407,-0.181964
-2.24895,0.22691,1.65715,-0.206586
-2.25316,0.246217,1.66022,-0.231208
-2.25738,0.265524,1.6633,-0.25583
-2.26159,0.284831,1.66637,-0.280452
-2.26581,0.304138,1.66945,-0.305074
-2.27003,0.323445,1.67253,-0.329696
-2.27424,0.342753,1.6756,-0.354318
-2.27846,0.36206,1.67868,-0.37894
-2.28267,0.381367,1.68175,-0.403562
-2.28689,0.400674,1.68483,-0.428184
-2.29111,0.419981,1.6879,-0.452806
-2.29532,0.439288,1.69098,-0.477428
-2.29954,0.458595,1.69405,-0.50205
-2.30375,0.477902,1.69713,-0.526672
-2.30797,0.497209,1.70021,642