-2.76773e-11,2.48133e-11,0.13,-9.17257e-18
-2.76773e-11,2.48133e-11,0.13,-1.15119e-17
-3.88685e-11,1.15919e-11,0.13,-1.37064e-17
-3.88685e-11,1.15919e-11,0.13,-1.62182e-17
-2.76773e-11,2.48133e-11,0.13,-1.89205e-17
-3.88685e-11,1.15919e-11,0.13,-2.10906e-17
-2.76773e-11,2.48133e-11,0.13,-2.38088e-17
-3.88685e-11,1.15919e-11,0.13,-2.60166e-17
-2.76773e-11,2.48133e-11,0.13,-2.87188e-17
-3.88685e-11,1.15919e-11,0.13,-3.08759e-17
-2.76773e-11,2.48133e-11,0.13,-3.35358e-17
-3.88685e-11,1.15919e-11,0.13,-3.57189e-17
-2.76773e-11,2.48133e-11,0.13,-3.83895e-17
-3.88685e-11,1.15919e-11,0.13,-4.05492e-17
-2.76773e-11,2.48133e-11,0.13,-4.32606e-17
-3.88686e-11,1.15919e-11,0.13,-4.54375e-17
-2.76773e-11,2.48133e-11,0.13,-4.81056e-17
-3.88686e-11,1.15919e-11,0.13,-5.02852e-17
-2.76774e-11,2.48133e-11,0.13,-5.29517e-17
0.000991932,1.14576e-07,0.15302,-7.51609e-08
0.0150592,4.52541e-06,0.233518,-6.80375e-08
0.0773642,8.44761e-05,0.436808,9.70107e-06
0.103817,0.000188519,0.544704,8.74542e-06
0.122663,0.000303922,0.671799,-0.00395644
0.125779,-0.00133353,0.748961,-0.0286586
0.123942,-0.00543194,0.795068,-0.066465
0.121802,-0.0106563,0.818004,-0.109093
0.121338,-0.0159988,0.826752,-0.154458
0.121986,-0.0202238,0.828196,-0.192284
0.123631,-0.0330982,0.82443,-0.285266
0.123372,-0.0425502,0.819438,-0.354136
0.122815,-0.047486,0.816665,-0.393602
0.120226,-0.0596204,0.812684,-0.501666
0.116211,-0.0699244,0.810304,-0.583861
0.110218,-0.079582,0.808231,-0.667446
0.102113,-0.0895183,0.808093,-0.774509
0.09849,-0.0938427,0.80815,-0.818372
0.0885142,-0.103667,0.807866,-0.91886
0.0573029,-0.123343,0.808348,-1.19461
0.0568721,-0.123552,0.80834,-1.19793
0.0564402,-0.123759,0.808332,-1.20124
0.0560074,-0.123963,0.808323,-1.20454
0.0368524,-0.130417,0.807521,-1.34721
0.0364989,-0.130499,0.807566,-1.35014
0.0121172,-0.13542,0.808323,-1.53861
0.0116534,-0.13546,0.808307,-1.54183
-0.0149452,-0.134627,0.808411,-1.74189
-0.0153927,-0.134596,0.808423,-1.74524
-0.0158439,-0.134564,0.808434,-1.7486
-0.0447994,-0.128032,0.807442,-1.95809
-0.0451503,-0.127891,0.807468,-1.96096
-0.0755243,-0.113019,0.80804,-2.21427
-0.0758824,-0.112764,0.808014,-2.21733
-0.076237,-0.112509,0.807987,-2.22038
-0.102064,-0.0898474,0.808392,-2.47654
-0.102376,-0.0894953,0.808377,-2.47976
-0.102685,-0.089142,0.808361,-2.48297
-0.102992,-0.0887876,0.808345,-2.48618
-0.123858,-0.0559611,0.808391,-2.77423
-0.124057,-0.0555362,0.80838,-2.77749
-0.124253,-0.0551106,0.808369,-2.78073
-0.124447,-0.0546843,0.808356,-2.78397
-0.306763,-0.204546,0.799758,-3.03663
-0.312763,-0.209723,0.799326,-3.03809
-0.31875,-0.214899,0.798911,-3.03954
-0.324717,-0.220074,0.798513,-3.04098
-0.62347,-0.496916,0.801924,-3.12776
-0.623994,-0.4974,0.802028,-3.12817
-0.624496,-0.49786,0.80213,-3.12857
-0.624976,-0.498296,0.802231,-3.12897
-0.632699,-0.499958,0.80469,3.13586
-0.632696,-0.499926,0.804672,3.13583
-0.632694,-0.499895,0.804653,3.1358
-0.632691,-0.499866,0.804635,3.13577
-0.632987,-0.499453,0.803336,3.1367
-0.632991,-0.499457,0.803325,3.13673
-0.632995,-0.499461,0.803315,3.13676
-0.633141,-0.499733,0.802876,3.13984
-0.633141,-0.499734,0.802875,3.13986
-0.633141,-0.499736,0.802874,3.13989
-0.633141,-0.499738,0.802873,3.13991
-0.633113,-0.499978,0.802892,-3.14153
-0.633113,-0.499979,0.802892,-3.14152
-0.633113,-0.499979,0.802892,-3.14152
-0.633113,-0.49998,0.802892,-3.14152
-0.633113,-0.49998,0.802892,-3.14152
-0.633113,-0.499981,0.802892,-3.14152
-0.633113,-0.499981,0.802892,-3.14152
-0.633113,-0.499982,0.802892,-3.14152
-0.7564,-0.499296,0.845558,-3.0925
-0.758745,-0.499301,0.846218,-3.09096
-0.761087,-0.499304,0.846881,-3.0894
-0.763427,-0.499306,0.847544,-3.08781
-0.964044,-0.494006,0.905162,-2.82482
-0.965852,-0.493967,0.905658,-2.82121
-0.967656,-0.493929,0.906153,-2.81757
-0.969458,-0.493891,0.906647,-2.81393
-1.13753,-0.495881,0.950349,-2.39522
-1.13907,-0.495905,0.950763,-2.39071
-1.14061,-0.495927,0.951176,-2.38619
-1.14214,-0.495948,0.951589,-2.38167
-1.27271,-0.491258,0.989458,-1.95505
-1.27403,-0.491096,0.989876,-1.95032
-1.27535,-0.490932,0.990295,-1.9456
-1.27666,-0.490765,0.990714,-1.94087
-1.3842,-0.466583,1.02621,-1.54128
-1.38546,-0.466166,1.02663,-1.53651
-1.38672,-0.465746,1.02706,-1.53173
-1.48143,-0.423745,1.05754,-1.14445
-1.48204,-0.423326,1.05773,-1.14065
-1.48263,-0.42291,1.05791,-1.13688
-1.48321,-0.422496,1.05809,-1.13313
-1.49223,-0.398747,1.06292,-0.921255
-1.4921,-0.398522,1.06292,-0.91932
-1.49196,-0.398299,1.06292,-0.917405
-1.48157,-0.387021,1.06252,-0.825747
-1.48146,-0.386925,1.06252,-0.825059
-1.48135,-0.386829,1.06251,-0.824383
-1.48192,-0.381358,1.06534,-0.796863
-1.48226,-0.381154,1.06551,-0.796474
-1.53388,-0.35626,1.082,-0.782175
-1.53527,-0.355628,1.08239,-0.782066
-1.53667,-0.354992,1.08278,-0.781961
-1.61813,-0.318762,1.10485,-0.782402
-1.61985,-0.318007,1.10531,-0.782513
-1.72038,-0.274263,1.1323,-0.793597
-1.72216,-0.273495,1.13279,-0.793862
-1.82619,-0.228953,1.16102,-0.811799
-1.828,-0.228185,1.16151,-0.812143
-1.93498,-0.182838,1.19045,-0.833522
-1.93678,-0.182077,1.19094,-0.833897
-1.93858,-0.181317,1.19143,-0.834272
-2.0323,-0.141904,1.21677,-0.853963
-2.03411,-0.141145,1.21726,-0.854345
-2.14313,-0.0953485,1.24653,-0.877122
-2.14494,-0.0945897,1.24702,-0.8775
-2.24957,-0.050645,1.27512,-0.899237
-2.25137,-0.0498876,1.2756,-0.899605
-2.25317,-0.0491304,1.27608,-0.899973
-2.37298,0.00035133,1.30398,-0.934245
-2.37308,0.000378552,1.304,-0.934373
-2.37316,0.000404295,1.30402,-0.934499
-2.37325,0.00042861,1.30404,-0.934623
-2.37333,0.000451549,1.30406,-0.934745
-2.38074,-0.00161745,1.30752,-0.94698
-2.38115,-0.00188226,1.30764,-0.947522
-2.38157,-0.00216533,1.30776,-0.948082
-2.43397,-0.065306,1.31642,-1.03282
-2.43508,-0.0668299,1.31656,-1.03483
-2.52681,-0.196586,1.32738,-1.23106
-2.52815,-0.198483,1.32754,-1.23433
-2.62637,-0.331626,1.33863,-1.4886
-2.62783,-0.333464,1.33879,-1.4925
-2.62928,-0.3353,1.33894,-1.49641
-2.63074,-0.337134,1.3391,-1.50032
-2.74501,-0.471474,1.35073,-1.81394
-2.74652,-0.473127,1.35087,-1.81811
-2.74803,-0.474776,1.35101,-1.82227
-2.86728,-0.598331,1.36285,-2.16277
-2.86874,-0.599792,1.363,-2.16701
-3.00501,-0.73249,1.3771,-2.58079
-3.00628,-0.733686,1.37722,-2.58485
-3.00755,-0.734871,1.37735,-2.58889
-3.00881,-0.736045,1.37747,-2.59292
-3.01006,-0.737208,1.3776,-2.59693
-3.0113,-0.738359,1.37772,-2.60094
-3.07307,-0.772182,1.38371,-2.96132
-3.07311,-0.772008,1.38369,-2.96256
-3.07315,-0.771833,1.38367,-2.96378
-3.07319,-0.771659,1.38366,-2.96499
-3.07323,-0.771485,1.38364,-2.96618
-3.06661,-0.757813,1.38928,-3.02671
-3.06605,-0.757415,1.38951,-3.02698
-3.06548,-0.757006,1.38974,-3.02724
-3.06488,-0.756585,1.38997,-3.02749
-2.96687,-0.686745,1.41904,-3.01041
-2.96536,-0.685662,1.41945,-3.00982
-2.96384,-0.684577,1.41986,-3.00923
-2.82892,-0.591041,1.45545,-2.93821
-2.82735,-0.589988,1.45587,-2.93722
-2.82578,-0.588935,1.45629,-2.93622
-2.8242,-0.587881,1.45671,-2.93523
-2.67625,-0.490759,1.49562,-2.83656
-2.67465,-0.489719,1.49604,-2.83546
-2.67306,-0.488678,1.49646,-2.83435
-2.67146,-0.487638,1.49688,-2.83324
-2.52506,-0.393259,1.53506,-2.73197
-2.52343,-0.392212,1.53548,-2.73085
-2.5218,-0.391164,1.5359,-2.72974
-2.37807,-0.298918,1.57241,-2.63268
-2.37654,-0.297939,1.57276,-2.63166
-2.37502,-0.296968,1.57311,-2.63065
-2.37351,-0.296005,1.57346,-2.62964
-2.30372,-0.255117,1.58731,-2.56151
-2.29786,-0.255856,1.58827,-2.53903
-2.29783,-0.255891,1.58827,-2.53882
-2.29781,-0.255926,1.58828,-2.53862
-2.29778,-0.255961,1.58828,-2.53842
-2.29776,-0.255995,1.58829,-2.53822
-2.25909,-0.25016,1.58836,-2.55695
-2.25787,-0.250016,1.58826,-2.55791
-2.25663,-0.249873,1.58816,-2.5589
-2.25538,-0.249731,1.58806,-2.5599
-2.09449,-0.238668,1.56622,-2.74032
-2.09266,-0.238517,1.56592,-2.74289
-2.09083,-0.238365,1.56562,-2.74547
-2.089,-0.238211,1.56531,-2.74806
-1.92241,-0.218625,1.53669,-3.01643
-1.92051,-0.218353,1.53637,-3.01968
-1.9186,-0.218081,1.53606,-3.02294
-1.9167,-0.217808,1.53574,-3.02619
-1.73534,-0.190028,1.50715,2.94374
-1.73331,-0.189713,1.50685,2.94029
-1.73127,-0.189399,1.50655,2.93684
-1.72923,-0.189084,1.50624,2.93339
-1.52631,-0.160434,1.47751,2.60172
-1.52412,-0.160157,1.47722,2.59827
-1.52192,-0.159881,1.47692,2.59481
-1.51972,-0.159606,1.47663,2.59135
-1.33931,-0.140784,1.45331,2.30336
-1.33797,-0.140622,1.45311,2.30069
-1.33665,-0.140459,1.45292,2.29805
-1.27485,-0.124401,1.44484,2.08456
-1.27477,-0.124368,1.44485,2.0842
-1.27469,-0.124335,1.44487,2.08385
-1.27461,-0.124303,1.44489,2.0835
-1.27454,-0.124271,1.4449,2.08316
-1.27446,-0.124239,1.44492,2.08283
-1.27438,-0.124208,1.44494,2.08251
-1.23663,-0.12935,1.44376,2.04926
-1.23542,-0.129666,1.4437,2.04861
-1.23418,-0.129991,1.44364,2.04797
-1.23293,-0.130323,1.44357,2.04731
-1.0726,-0.178673,1.43295,1.95555
-1.07062,-0.179272,1.43279,1.95423
-1.06863,-0.179872,1.43263,1.95291
-0.879192,-0.237476,1.41849,1.81339
-0.877123,-0.238114,1.41834,1.81173
-0.875054,-0.238751,1.41819,1.81008
-0.872985,-0.239388,1.41804,1.80842
-0.671522,-0.302454,1.40424,1.64293
-0.669446,-0.303122,1.4041,1.64119
-0.474643,-0.36738,1.39116,1.47954
-0.47255,-0.368085,1.39102,1.47781
-0.470457,-0.368791,1.39089,1.47608
-0.468364,-0.369496,1.39075,1.47434
-0.466271,-0.370202,1.39061,1.47261
-0.464178,-0.370909,1.39047,1.47088
-0.295732,-0.429686,1.37938,1.3297
-0.294211,-0.430239,1.37928,1.32826
-0.292711,-0.430783,1.37918,1.32683
-0.291232,-0.431321,1.37908,1.32541
-0.215897,-0.448586,1.37491,1.2007
-0.215421,-0.44813,1.37493,1.1997
-0.214937,-0.447653,1.37495,1.19868
-0.214445,-0.447153,1.37497,1.19766
-0.213945,-0.446632,1.37499,1.19662
-0.113725,-0.257998,1.38261,0.942096
-0.112911,-0.256251,1.3827,0.939423
-0.112098,-0.254505,1.38279,0.936743
-0.111284,-0.252759,1.38289,0.934057
-0.110471,-0.251014,1.38298,0.931365
-0.0588559,-0.141684,1.38893,0.744679
-0.0572311,-0.13834,1.38911,0.738517
-0.0564191,-0.136674,1.38919,0.735431
-0.0100649,-0.041705,1.39419,0.5476
-0.00929817,-0.0401329,1.39427,0.544342
-0.00853247,-0.0385614,1.39435,0.541082
0.0329692,0.0483701,1.39879,0.356828
0.0336736,0.0498726,1.39887,0.353523
0.0669046,0.124598,1.40276,0.187813
0.0675388,0.126087,1.40283,0.1845
0.0939505,0.190847,1.40622,0.0386204
0.0945179,0.192328,1.4063,0.0352996
0.114625,0.246749,1.40914,-0.0864491
0.136975,0.314398,1.4118,-0.333431
0.136944,0.314413,1.4118,-0.335013
0.136911,0.314422,1.41179,-0.336578
0.136877,0.314425,1.41178,-0.338128
0.13624,0.313913,1.41165,-0.358198
0.13535,0.312671,1.41172,-0.379466
0.132217,0.309217,1.41276,-0.408802
0.1231,0.297413,1.41436,-0.42209
0.113819,0.284631,1.41561,-0.425882
0.0931101,0.254503,1.41809,-0.424374
0.0606846,0.205576,1.42175,-0.410142
0.0286816,0.156737,1.42533,-0.387898
0.0107587,0.129558,1.42737,-0.372732
-0.0158463,0.0896944,1.43046,-0.347564
-0.0380241,0.0567825,1.43303,-0.324462
-0.0700886,0.00967381,1.43671,-0.288374
-0.105861,-0.0423254,1.44083,-0.245588
-0.119479,-0.0619223,1.44241,-0.229292
-0.139611,-0.0908072,1.44472,-0.205229
-0.174941,-0.141482,1.44875,-0.163123
-0.218229,-0.203176,1.45365,-0.110954
-0.219292,-0.204678,1.45377,-0.109685
-0.263828,-0.267176,1.45877,-0.0566629
-0.310127,-0.331567,1.46399,-0.00273375
-0.311207,-0.333064,1.46411,-0.00149033
-0.38321,-0.429588,1.47009,0.103202
-0.383418,-0.429898,1.47013,0.103684
-0.383624,-0.430218,1.47017,0.104152
-0.383828,-0.430549,1.47021,0.104605
-0.391057,-0.467811,1.47282,0.101157
-0.391138,-0.469121,1.47288,0.100494
-0.391216,-0.470454,1.47293,0.0998061
-0.392563,-0.563266,1.47517,0.032007
-0.392552,-0.565349,1.47521,0.030132
-0.390374,-0.685749,1.47679,-0.0969646
-0.390324,-0.688069,1.47681,-0.0997183
-0.38881,-0.788736,1.47789,-0.228475
-0.38923,-0.880521,1.47886,-0.355449
-0.389279,-0.882966,1.47889,-0.35889
-0.392749,-0.972251,1.47975,-0.489079
-0.39288,-0.974655,1.47978,-0.492667
-0.398457,-1.06138,1.48069,-0.623153
-0.407716,-1.15911,1.48164,-0.773715
-0.407975,-1.16148,1.48166,-0.777397
-0.422119,-1.27329,1.48267,-0.954689
-0.422441,-1.2756,1.48269,-0.958395
-0.442044,-1.40125,1.48391,-1.1621
-0.442434,-1.40348,1.48393,-1.16579
-0.492506,-1.57267,1.48599,-1.5701
-0.492693,-1.57274,1.48597,-1.57146
-0.492879,-1.57281,1.48596,-1.57279
-0.493063,-1.57288,1.48594,-1.57412
-0.493246,-1.57294,1.48592,-1.57542
-0.506381,-1.58003,1.48634,-1.62555
-0.506818,-1.58043,1.48636,-1.62562
-0.507268,-1.58083,1.48639,-1.62565
-0.507732,-1.58125,1.48642,-1.62565
-0.573387,-1.63363,1.48958,-1.54183
-0.574662,-1.63458,1.48965,-1.53952
-0.575942,-1.63554,1.48971,-1.53717
-0.668932,-1.7005,1.49521,-1.31154
-0.670227,-1.70133,1.49529,-1.30768
-0.67152,-1.70216,1.49536,-1.3038
-0.758471,-1.75288,1.50052,-1.00824
-0.759719,-1.75352,1.50059,-1.00364
-0.842586,-1.78905,1.50531,-0.693159
-0.843909,-1.78951,1.50538,-0.688247
-0.845235,-1.78997,1.50545,-0.683332
-0.924779,-1.81204,1.50947,-0.39956
-0.92625,-1.81237,1.50955,-0.394545
-1.01414,-1.82796,1.51364,-0.107805
-1.08831,-1.83785,1.51679,0.109665
-1.09012,-1.83809,1.51686,0.114737
-1.09193,-1.83832,1.51693,0.119809
-1.22681,-1.85101,1.51911,0.525674
-1.22754,-1.8509,1.51907,0.529042
-1.22826,-1.85078,1.51904,0.532384
-1.22897,-1.85066,1.519,0.5357
-1.25732,-1.84015,1.51714,0.681247
-1.25797,-1.83991,1.51709,0.683333
-1.3317,-1.81607,1.50683,0.766284
-1.33329,-1.81552,1.50655,0.76688
-1.33488,-1.81497,1.50628,0.767455
-1.44838,-1.77239,1.48375,0.767011
-1.45019,-1.77169,1.48336,0.76652
-1.45199,-1.77099,1.48296,0.766017
-1.56442,-1.72815,1.45718,0.715503
-1.56617,-1.7275,1.45676,0.714473
-1.6814,-1.68584,1.42966,0.637983
-1.68313,-1.68523,1.42925,0.636742
-1.68485,-1.68462,1.42885,0.6355
-1.79873,-1.64531,1.40231,0.551538
-1.80048,-1.64472,1.40191,0.550253
-1.80222,-1.64413,1.40152,0.548969
-2.02017,-1.57187,1.35198,0.39092
-2.02194,-1.57129,1.35158,0.389667
-2.02371,-1.57072,1.35119,0.388415
-2.02547,-1.57014,1.35079,0.387164
-2.02724,-1.56957,1.35039,0.385914
-2.1454,-1.53421,1.32134,0.270098
-2.14551,-1.53423,1.32129,0.269601
-2.14561,-1.53426,1.32125,0.26911
-2.14571,-1.53428,1.3212,0.268624
-2.1458,-1.53431,1.32116,0.268145
-2.15345,-1.53263,1.32002,0.241079
-2.15385,-1.53237,1.32,0.240402
-2.15427,-1.53209,1.31997,0.23971
-2.20224,-1.48534,1.31493,0.164398
-2.20323,-1.48422,1.31479,0.162672
-2.26722,-1.41013,1.30476,0.0322536
-2.26834,-1.40886,1.30457,0.0296812
-2.26946,-1.40758,1.30438,0.027098
-2.33882,-1.33349,1.29238,-0.144808
-2.34003,-1.33228,1.29217,-0.147927
-2.41772,-1.25757,1.27986,-0.350465
-2.41901,-1.25638,1.27966,-0.353843
-2.4203,-1.25519,1.27947,-0.357223
-2.49482,-1.18867,1.26878,-0.550141
-2.4962,-1.18748,1.26859,-0.553628
-2.57921,-1.11627,1.25735,-0.757941
-2.5807,-1.11499,1.25716,-0.761489
-2.67192,-1.0369,1.24556,-0.974555
-2.67346,-1.03558,1.24537,-0.978099
-2.675,-1.03425,1.24517,-0.981642
-2.77416,-0.948029,1.23345,-1.20724
-2.7754,-0.946945,1.23329,-1.2103
-2.82149,-0.912568,1.22618,-1.34865
-2.84497,-0.896927,1.22717,-1.44885
-2.84513,-0.896325,1.22738,-1.44957
-2.84527,-0.895703,1.2276,-1.45027
-2.84541,-0.89506,1.22782,-1.45095
-2.83195,-0.804601,1.25701,-1.4349
-2.83148,-0.80289,1.25755,-1.43384
-2.831,-0.801171,1.25809,-1.43276
-2.78838,-0.676626,1.29778,-1.32009
-2.78766,-0.674735,1.29839,-1.31796
-2.78693,-0.672842,1.299,-1.31582
-2.73586,-0.545327,1.33967,-1.15573
-2.73507,-0.543373,1.34028,-1.1531
-2.73428,-0.541419,1.34089,-1.15046
-2.6805,-0.40811,1.38184,-0.966886
-2.67971,-0.406085,1.38245,-0.964081
-2.67891,-0.404061,1.38305,-0.961275
-2.63065,-0.278286,1.42039,-0.788488
-2.62987,-0.27619,1.421,-0.785651
-2.58046,-0.136944,1.46078,-0.598775
-2.57973,-0.134811,1.46138,-0.595947
-2.57901,-0.132676,1.46199,-0.59312
-2.53428,0.00713972,1.49996,-0.410943
-2.53372,0.00905651,1.50043,-0.408389
-2.53263,0.0128396,1.50137,-0.403316
-2.50391,0.124976,1.52522,-0.204832
-2.50386,0.125789,1.52526,-0.20461
-2.50382,0.126617,1.52529,-0.204418
-2.50378,0.127462,1.52532,-0.204256
-2.50374,0.128323,1.52535,-0.204124
-2.50814,0.224544,1.52155,-0.27719
-2.50827,0.226164,1.52143,-0.279256
-2.5084,0.227785,1.52131,-0.281348
-2.5227,0.341771,1.51016,-0.481042
-2.52298,0.343373,1.50999,-0.4845
-2.52328,0.344974,1.50981,-0.487972
-2.55112,0.460263,1.49671,-0.769603
-2.55158,0.461832,1.49653,-0.773732
-2.55204,0.463401,1.49635,-0.777864
-2.59212,0.581304,1.48366,-1.09033
-2.59275,0.583,1.48349,-1.09472
-2.59337,0.584697,1.48332,-1.0991
-2.64022,0.708532,1.47159,-1.40883
-2.64093,0.710379,1.47142,-1.41328
-2.64447,0.719643,1.47057,-1.43552
-2.69359,0.851958,1.45926,-1.73522
-2.69431,0.85403,1.45909,-1.73969
-2.76022,1.0204,1.44312,-2.20265
-2.76044,1.02065,1.44309,-2.20441
-2.76066,1.02089,1.44306,-2.20615
-2.76597,1.02661,1.44285,-2.24948
-2.76613,1.02681,1.44287,-2.25081
-2.7663,1.02701,1.44288,-2.25213
-2.76647,1.02721,1.44291,-2.25344
-2.78888,1.05693,1.44979,-2.31794
-2.78968,1.05786,1.45003,-2.31909
-2.7905,1.05881,1.45027,-2.32024
-2.86896,1.14016,1.4723,-2.39928
-2.96215,1.23049,1.50007,-2.48463
-2.96371,1.232,1.50055,-2.48612
-2.96527,1.2335,1.50103,-2.48762
-2.96683,1.23501,1.50151,-2.48911
-3.05311,1.31885,1.5283,-2.57591
-3.05463,1.32034,1.52878,-2.57751
-3.15469,1.41943,1.55986,-2.68574
-3.15621,1.42095,1.56032,-2.68741
-3.15772,1.42247,1.56079,-2.68908
-3.23448,1.50031,1.58449,-2.77505
-3.236,1.50185,1.58496,-2.77675
-3.32122,1.58983,1.61127,-2.87374
-3.3227,1.59137,1.61173,-2.87545
-3.4112,1.68442,1.63949,-2.97793
-3.41267,1.68597,1.63996,-2.97964
-3.41413,1.68753,1.64042,-2.98134
-3.51378,1.80298,1.67206,-3.14028
-3.5139,1.80319,1.6721,-3.14101
-3.51401,1.8034,1.67215,3.14146
-3.51412,1.80361,1.67219,3.14076
-3.51423,1.8038,1.67223,3.14006
-3.52203,1.81594,1.66739,3.11313
-3.52237,1.8163,1.66701,3.11305
-3.56483,1.85419,1.61208,-3.13788
-3.56571,1.85489,1.61089,-3.13686
-3.56659,1.8556,1.60969,-3.13581
-3.62647,1.90006,1.52273,-3.04342
-3.62746,1.90074,1.52124,-3.0416
-3.62844,1.90143,1.51976,-3.03977
-3.68711,1.94154,1.42708,-2.91388
-3.68805,1.94218,1.42554,-2.91163
-3.74214,1.97906,1.33543,-2.77263
-3.74302,1.97967,1.33393,-2.77021
-3.74391,1.98028,1.33243,-2.76778
-3.78842,2.01196,1.25415,-2.63952
-3.78925,2.01257,1.25266,-2.63704
-3.83287,2.04585,1.17193,-2.5022
-3.83366,2.04648,1.17043,-2.4997
-3.87322,2.07938,1.09383,-2.37198
-3.87399,2.08004,1.09233,-2.36947
-3.91328,2.11553,1.01422,-2.23802
-3.91398,2.11617,1.01289,-2.23564
-3.93325,2.14429,0.936579,-1.99104
-3.93299,2.14437,0.936576,-1.9906
-3.93272,2.14444,0.936576,-1.99015
-3.93244,2.14452,0.936577,-1.98971
-3.93213,2.1446,0.936581,-1.98928
-3.93181,2.14469,0.936587,-1.98884
-3.93147,2.14477,0.936594,-1.98841
-3.93112,2.14486,0.936604,-1.98798
-3.88742,2.15022,0.94109,-1.96721
-3.88602,2.15032,0.941259,-1.96679
-3.78907,2.15497,0.954227,-1.94295
-3.78711,2.15503,0.954514,-1.94251
-3.78514,2.15509,0.954801,-1.94206
-3.54704,2.16212,0.992419,-1.8852
-3.54501,2.16218,0.992748,-1.88469
-3.54298,2.16224,0.993078,-1.88418
-3.54096,2.1623,0.993409,-1.88367
-3.4124,2.16599,1.01427,-1.85084
-3.41037,2.16604,1.0146,-1.85032
-3.40833,2.1661,1.01493,-1.84979
-3.29854,2.16921,1.0326,-1.82118
-3.2965,2.16927,1.03293,-1.82065
-3.15332,2.17339,1.05578,-1.78327
-3.15127,2.17344,1.05611,-1.78273
-3.14921,2.1735,1.05644,-1.78219
-3.02232,2.17751,1.07614,-1.7492
-3.02058,2.17757,1.07639,-1.74871
-3.01886,2.17764,1.07664,-1.74823
-2.93948,2.17953,1.0871,-1.71047
-2.93943,2.17952,1.08709,-1.71033
-2.93939,2.17951,1.08709,-1.7102
-2.93935,2.1795,1.08709,-1.71007
-2.93931,2.17949,1.08709,-1.70995
-2.92829,2.18426,1.0914,-1.69443
-2.9278,2.18468,1.09159,-1.69383
-2.92729,2.18511,1.09178,-1.69322
-2.86598,2.26821,1.11397,-1.59923
-2.86497,2.26981,1.11433,-1.5973
-2.86394,2.27141,1.11468,-1.59536
-2.79146,2.3859,1.13906,-1.43624
-2.79029,2.38771,1.13943,-1.43344
-2.72109,2.49519,1.16126,-1.25747
-2.71989,2.49707,1.16164,-1.25426
-2.71869,2.49895,1.16201,-1.25105
-2.65415,2.60109,1.18205,-1.07461
-2.65293,2.60308,1.18243,-1.0712
-2.57235,2.73989,1.20796,-0.838553
-2.57116,2.74199,1.20835,-0.835044
-2.56998,2.74409,1.20873,-0.831533
-2.49175,2.89054,1.23479,-0.589203
-2.49065,2.89269,1.23516,-0.585683
-2.48956,2.89484,1.23554,-0.582162
-2.42228,3.03526,1.25947,-0.358505
-2.42132,3.03742,1.25981,-0.355136
-2.38072,3.13942,1.2745,-0.170244
-2.3804,3.14035,1.27462,-0.167931
-2.38008,3.14125,1.27473,-0.165636
-2.37058,3.1723,1.27749,-0.0551012
-2.37053,3.17252,1.27749,-0.0539425
-2.37049,3.17273,1.27748,-0.0527982
-2.36402,3.18641,1.27804,0.0053002
-2.36311,3.18714,1.27801,0.00740345
-2.28052,3.22182,1.27047,0.113236
-2.27883,3.22239,1.27031,0.115259
-2.27713,3.22297,1.27015,0.117296
-2.16108,3.25856,1.25923,0.27212
-2.15916,3.25912,1.25904,0.274943
-2.15724,3.25968,1.25885,0.277774
-2.04654,3.29289,1.24768,0.459064
-2.0447,3.29345,1.24749,0.462332
-1.9411,3.32671,1.23591,0.661724
-1.93941,3.32726,1.23571,0.665206
-1.84095,3.35871,1.22386,0.871637
-1.83928,3.35924,1.22365,0.875247
-1.83761,3.35978,1.22345,0.878857
-1.75407,3.38546,1.21299,1.06673
-1.75251,3.38591,1.21279,1.07036
-1.67359,3.40671,1.20267,1.25549
-1.67207,3.40708,1.20247,1.25911
-1.59605,3.4238,1.19261,1.44222
-1.59466,3.42409,1.19244,1.44566
-1.54405,3.4365,1.18095,1.80467
-1.54397,3.43697,1.18093,1.80526
-1.54389,3.43746,1.18092,1.80585
-1.54381,3.43797,1.18091,1.80642
-1.54372,3.43851,1.18089,1.807
-1.54364,3.43908,1.18088,1.80756
-1.54356,3.43967,1.18086,1.80812
-1.54348,3.44028,1.18084,1.80868
-1.5417,3.50538,1.17956,1.83128
-1.54639,3.62032,1.1803,1.84444
-1.54649,3.62228,1.18034,1.84458
-1.54659,3.62425,1.18037,1.84472
-1.54669,3.62621,1.1804,1.84485
-1.55201,3.72748,1.18231,1.85008
-1.55211,3.72946,1.18235,1.85016
-1.55717,3.83502,1.18429,1.85353
-1.55726,3.83703,1.18432,1.85359
-1.56249,3.95239,1.18606,1.85665
-1.56257,3.95436,1.18609,1.8567
-1.56266,3.95633,1.18612,1.85675
-1.56714,4.05707,1.1874,1.85956
-1.56723,4.05904,1.18742,1.85962
-1.57156,4.15695,1.1885,1.86259
-1.57165,4.15895,1.18853,1.86265
-1.57595,4.2561,1.18976,1.86585
-1.57604,4.2581,1.18979,1.86591
-1.58229,4.3989,1.19245,1.87201
-1.5823,4.39923,1.19247,1.87205
-1.58231,4.39955,1.19249,1.87209
-1.58232,4.39986,1.1925,1.87212
-1.58201,4.40785,1.19369,1.87094
-1.58191,4.40807,1.19376,1.87067
-1.55451,4.4264,1.20053,1.82998
-1.55333,4.4269,1.20076,1.82843
-1.47642,4.44931,1.21379,1.72479
-1.47437,4.44977,1.21411,1.72188
-1.36991,4.46996,1.23039,1.56099
-1.36747,4.47038,1.23076,1.55698
-1.26722,4.48577,1.24596,1.38254
-1.16675,4.49656,1.26093,1.19252
-1.16417,4.49676,1.26131,1.18746
-1.06167,4.50156,1.27656,0.979187
-1.05913,4.50159,1.27694,0.973848
-0.943616,4.499,1.2944,0.724228
-0.826903,4.48761,1.3128,0.452246
-0.824612,4.4873,1.31317,0.446641
-0.715692,4.47003,1.33155,0.170186
-0.713553,4.46963,1.33193,0.164513
-0.597661,4.44478,1.35391,-0.165605
-0.595811,4.44435,1.35428,-0.171308
-0.593966,4.44392,1.35466,-0.177008
-0.492613,4.40337,1.37928,-0.702806
-0.492678,4.40317,1.37933,-0.705969
-0.49275,4.40297,1.37937,-0.709105
-0.496524,4.39357,1.38142,-0.848888
-0.496256,4.39345,1.38148,-0.850659
-0.495965,4.39333,1.38153,-0.852404
-0.495651,4.39321,1.38158,-0.854123
-0.425295,4.38932,1.3866,-0.910743
-0.42361,4.38934,1.38671,-0.910789
-0.421911,4.38937,1.38683,-0.910812
-0.297188,4.39465,1.39619,-0.873792
-0.295163,4.39477,1.39635,-0.872728
-0.175946,4.40261,1.40581,-0.795674
-0.173825,4.40277,1.40597,-0.794102
-0.0412584,4.41445,1.41618,-0.688121
-0.0391187,4.41466,1.41634,-0.686325
-0.0369795,4.41487,1.4165,-0.684527
0.0964655,4.42939,1.42646,-0.569166
0.0985795,4.42963,1.42662,-0.567321
0.100692,4.42987,1.42677,-0.565478
0.249894,4.44815,1.43774,-0.4348
0.252006,4.44842,1.4379,-0.43297
0.254119,4.44869,1.43805,-0.431139
0.40492,4.46859,1.44919,-0.300411
0.406966,4.46887,1.44933,-0.298652
0.409004,4.46915,1.44947,-0.296899
0.527291,4.49491,1.45892,-0.131242
0.527331,4.49498,1.45891,-0.130781
0.527369,4.49505,1.45889,-0.130327
0.527406,4.49511,1.45888,-0.129879
0.527442,4.49518,1.45887,-0.129437
0.527476,4.49524,1.45885,-0.129002
0.535734,4.49997,1.45781,-0.114305
0.536248,4.50015,1.45774,-0.114334
0.600675,4.52237,1.44745,-0.144769
0.60218,4.52289,1.4472,-0.145752
0.603693,4.52341,1.44696,-0.146751
0.702109,4.55806,1.43061,-0.229766
0.703841,4.55867,1.43032,-0.231528
0.800674,4.59224,1.4132,-0.343772
0.802391,4.59282,1.41288,-0.345976
0.905378,4.62728,1.39363,-0.488935
0.907042,4.62783,1.39332,-0.491379
0.908704,4.62838,1.393,-0.493825
1.01989,4.666,1.37139,-0.664514
1.02149,4.66655,1.37108,-0.667055
1.02309,4.6671,1.37076,-0.669597
1.1175,4.70128,1.35187,-0.822857
1.11906,4.70187,1.35155,-0.825411
1.21402,4.73917,1.3321,-0.983674
1.21553,4.73979,1.33178,-0.986222
1.21704,4.74041,1.33147,-0.98877
1.30809,4.77892,1.31306,-1.14804
1.30908,4.77934,1.31285,-1.15014
1.3378,4.7926,1.30451,-1.25519
1.33786,4.79266,1.30445,-1.25643
1.33792,4.79271,1.30438,-1.25766
1.34407,4.79532,1.30434,-1.30604
1.34464,4.79541,1.30442,-1.30604
1.34716,4.79578,1.30476,-1.30572
1.4325,4.80411,1.31367,-1.23553
1.43447,4.8043,1.31387,-1.23339
1.58497,4.82033,1.32961,-1.03215
1.58737,4.82061,1.32987,-1.02843
1.58977,4.8209,1.33013,-1.02469
1.74698,4.84377,1.34718,-0.751901
1.7494,4.84421,1.34744,-0.747337
1.75183,4.84465,1.3477,-0.742764
1.89946,4.87831,1.36373,-0.447362
1.90174,4.87895,1.36398,-0.442461
2.04859,4.92509,1.38068,-0.108062
2.0507,4.92583,1.38093,-0.10301
2.0528,4.92657,1.38117,-0.0979558
2.18153,4.97605,1.39721,0.232206
2.18341,4.97681,1.39747,0.237311
2.29614,5.024,1.41349,0.563367
2.29774,5.0247,1.41372,0.568346
2.29934,5.0254,1.41395,0.573312
2.36052,5.0584,1.42392,0.833078
2.36093,5.05873,1.42402,0.83678
2.36435,5.06955,1.42638,0.998135
2.36421,5.06968,1.42638,1.00043
2.36406,5.0698,1.42638,1.00271
2.35702,5.07385,1.4272,1.09706
2.35705,5.07375,1.42727,1.09846
2.36697,5.03526,1.43673,1.15729
2.36725,5.03398,1.43698,1.15803
2.38367,4.95018,1.45183,1.18519
2.384,4.94839,1.45214,1.18551
2.40132,4.85189,1.46827,1.19555
2.40167,4.84995,1.46859,1.19564
2.41897,4.75495,1.48431,1.19757
2.41933,4.75302,1.48463,1.19757
2.43097,4.69108,1.49501,1.19693
2.43133,4.68913,1.49534,1.1969
2.44579,4.61307,1.50809,1.19537
2.4634,4.52195,1.52336,1.19336
2.46377,4.52001,1.52369,1.19331
2.48407,4.41548,1.54119,1.19143
2.50115,4.32725,1.55594,1.19035
2.50153,4.3253,1.55627,1.19033
2.50191,4.32335,1.5566,1.19031
2.51883,4.23603,1.57095,1.18963
2.51918,4.23416,1.57124,1.18961
2.53907,4.13573,1.58554,1.18646
2.53927,4.13524,1.58566,1.18624
2.53948,4.13474,1.58578,1.186
2.53969,4.13422,1.58591,1.18576
2.5627,4.09188,1.59433,1.15893
2.56347,4.09059,1.59454,1.158
2.61568,4.00895,1.60666,1.08909
2.61684,4.0072,1.6069,1.0874
2.67903,3.91578,1.619,0.987189
2.68029,3.91396,1.61923,0.984981
2.74301,3.82324,1.63103,0.868066
2.7443,3.82136,1.63127,0.865544
2.79883,3.74009,1.6416,0.753595
2.80009,3.73818,1.64183,0.750925
2.85332,3.65642,1.65205,0.636248
2.8546,3.65442,1.6523,0.63348
2.908,3.56836,1.66265,0.513903
2.90921,3.56636,1.66289,0.511108
2.96112,3.4795,1.67326,0.390434
3.01231,3.38975,1.68394,0.267129
3.01344,3.38771,1.68418,0.26433
3.07371,3.27666,1.69707,0.113898
3.07478,3.27463,1.69728,0.111207
3.12713,3.15748,1.70896,-0.0975099
3.12721,3.15715,1.70897,-0.0987532
3.12729,3.15683,1.70899,-0.0999829
3.12736,3.15651,1.709,-0.101199
3.12743,3.1562,1.70902,-0.102402
3.13029,3.14474,1.71102,-0.149532
3.13049,3.14439,1.71114,-0.150547
3.15927,3.11802,1.72135,-0.208702
3.16034,3.11721,1.72169,-0.210289
3.21943,3.07484,1.74052,-0.294944
3.26626,3.04226,1.75709,-0.368386
3.26785,3.04116,1.75768,-0.371035
3.32521,3.00159,1.77971,-0.47386
3.37795,2.96439,1.80071,-0.580899
3.43762,2.88871,1.83189,-0.95104
3.43756,2.88865,1.83186,-0.951413
3.43749,2.88859,1.83183,-0.951779
3.43743,2.88854,1.8318,-0.952139
3.43737,2.88848,1.83177,-0.952491
3.4373,2.88842,1.83174,-0.952837
3.43607,2.88728,1.83123,-0.959171
3.43603,2.88724,1.83122,-0.959363
3.43598,2.88719,1.83122,-0.959544
3.43594,2.88715,1.83121,-0.959714
3.43333,2.88315,1.83109,-0.955607
3.42404,2.86566,1.82961,-0.927699
3.42363,2.86483,1.82953,-0.926375
3.41154,2.83981,1.82712,-0.884058
3.39843,2.81214,1.82442,-0.83317
3.3809,2.77491,1.82054,-0.755835
3.36382,2.74019,1.81665,-0.671607
3.3495,2.71305,1.81347,-0.597091
3.3126,2.65091,1.80518,-0.394947
3.30462,2.63895,1.80341,-0.351084
3.28901,2.61682,1.80004,-0.266145
3.2575,2.57684,1.79367,-0.100252
3.21705,2.53289,1.78654,0.0940628
3.216,2.53183,1.78637,0.0988468
3.16317,2.48177,1.77817,0.325658
3.16196,2.48069,1.778,0.330522
3.10087,2.42818,1.7697,0.563527
3.09954,2.42708,1.76952,0.568371
3.01746,2.36061,1.75978,0.849771
3.01594,2.35938,1.75963,0.854564
2.90635,2.28612,1.74578,1.28134
2.90596,2.28609,1.74573,1.28354
2.90557,2.28607,1.74568,1.28572
2.90518,2.28605,1.74564,1.28787
2.9048,2.28603,1.74559,1.29001
2.87425,2.28168,1.7498,1.39007
2.87343,2.28151,1.75003,1.3907
2.8726,2.28133,1.75026,1.39131
2.7635,2.27289,1.78109,1.3588
2.76182,2.27285,1.78159,1.35749
2.76013,2.27281,1.7821,1.35615
2.61587,2.26854,1.82886,1.18758
2.61419,2.26845,1.82943,1.18511
2.61251,2.26836,1.83001,1.18263
2.4697,2.25689,1.87917,0.946752
2.46808,2.25671,1.87972,0.943895
2.46646,2.25654,1.88028,0.941038
2.46485,2.25636,1.88083,0.938178
2.33357,2.23871,1.92532,0.705985
2.33191,2.23846,1.92587,0.703072
2.33026,2.2382,1.92643,0.700159
2.18163,2.21264,1.97489,0.444463
2.17989,2.21232,1.97544,0.441567
2.17815,2.212,1.97599,0.43867
2.1764,2.21168,1.97655,0.435773
2.03672,2.17514,2.01515,0.133293
2.03662,2.17497,2.01518,0.132115
2.03651,2.17479,2.0152,0.13095
2.03642,2.17461,2.01523,0.129798
2.03632,2.17444,2.01525,0.128659
2.03623,2.17427,2.01527,0.127533
2.02452,2.16347,2.01589,0.0814288
2.02388,2.16321,2.01583,0.0811999
1.94065,2.13181,2.00118,0.111921
1.93908,2.13122,2.00082,0.113019
1.93749,2.13063,2.00045,0.114133
1.80708,2.08487,1.96608,0.23879
1.80526,2.08429,1.96557,0.240899
1.80343,2.0837,1.96506,0.243018
1.6695,2.04383,1.92791,0.414517
1.66766,2.04332,1.9274,0.417041
1.66582,2.04282,1.9269,0.419569
1.5615,2.01443,1.89957,0.562518
1.55956,2.0139,1.89908,0.565163
1.4423,1.98183,1.86987,0.725189
1.44033,1.98129,1.86939,0.727865
1.43835,1.98075,1.8689,0.730541
1.29924,1.94163,1.8354,0.915835
1.29718,1.94102,1.83491,0.918524
1.29512,1.94042,1.83442,0.921212
1.12741,1.88944,1.79608,1.14313
1.12601,1.88903,1.79576,1.1453
1.12464,1.88863,1.79544,1.14745
1.06005,1.87916,1.78105,1.31488
1.05995,1.87918,1.78107,1.31535
1.05986,1.87919,1.78109,1.31581
1.05977,1.8792,1.78111,1.31626
1.05967,1.87922,1.78113,1.31671
1.05958,1.87923,1.78115,1.31715
1.03036,1.86728,1.7779,1.33003
1.02938,1.86676,1.77775,1.32976
1.02839,1.86623,1.7776,1.32948
0.92614,1.80953,1.75988,1.27522
0.923,1.80775,1.75927,1.27292
0.921429,1.80685,1.75896,1.27176
0.803666,1.73669,1.73441,1.16325
0.802074,1.7357,1.73407,1.16155
0.800483,1.73471,1.73374,1.15985
0.701253,1.67138,1.71257,1.04376
0.699726,1.67038,1.71224,1.04186
0.698199,1.66938,1.71192,1.03996
0.579306,1.58982,1.68723,0.890009
0.576162,1.58769,1.6866,0.886055
0.574591,1.58662,1.68628,0.884077
0.454348,1.50424,1.66195,0.731936
0.452766,1.50315,1.66163,0.729962
0.451185,1.50205,1.66132,0.727988
0.338415,1.42406,1.63924,0.589023
0.336891,1.423,1.63896,0.587168
0.335377,1.42195,1.63869,0.58532
0.263812,1.36071,1.6203,0.424215
0.263816,1.36061,1.6203,0.423682
0.263822,1.36051,1.6203,0.423156
0.263828,1.36041,1.6203,0.422637
0.263836,1.36032,1.62031,0.422125
0.263843,1.36023,1.62031,0.421621
0.254873,1.35062,1.61809,0.398313
0.254276,1.35024,1.61796,0.398025
0.170633,1.30199,1.59647,0.382617
0.169088,1.30112,1.59602,0.382456
0.167538,1.30025,1.59557,0.382296
0.0669652,1.24425,1.56392,0.374199
0.065276,1.24332,1.56337,0.374087
0.0635872,1.24238,1.56281,0.373976
-0.0560961,1.17651,1.52283,0.366875
-0.0578036,1.17558,1.52227,0.366782
-0.0595109,1.17464,1.52172,0.366689
-0.169201,1.1147,1.48618,0.360734
-0.170882,1.11378,1.48565,0.360642
-0.175919,1.11104,1.48404,0.360368
-0.289755,1.04892,1.44781,0.354048
-0.291451,1.04799,1.44727,0.353952
-0.400889,0.98832,1.41305,0.347773
-0.402592,0.987392,1.41251,0.347675
-0.404295,0.986463,1.41197,0.347577
-0.504905,0.931618,1.38091,0.341739
-0.506447,0.93078,1.38047,0.341646
-0.578778,0.8908,1.35458,0.334409
-0.578904,0.890733,1.35454,0.334346
-0.578964,0.890702,1.35452,0.334316
-0.579021,0.890672,1.3545,0.334285
-0.579076,0.890644,1.35448,0.334255
-0.584623,0.883823,1.35395,0.327929
-0.584884,0.883337,1.35392,0.327596
-0.585151,0.882829,1.3539,0.327252
-0.606969,0.820289,1.34949,0.28516
-0.607427,0.818605,1.34936,0.283986
-0.633584,0.706867,1.33988,0.194484
-0.634024,0.704737,1.33968,0.192565
-0.65913,0.577844,1.32802,0.0657356
-0.65957,0.575605,1.32782,0.0633169
-0.684331,0.455334,1.31732,-0.0717263
-0.684825,0.453052,1.31713,-0.074379
-0.685321,0.45077,1.31693,-0.0770331
-0.714492,0.323573,1.30626,-0.228825
-0.715038,0.321313,1.30607,-0.231581
-0.743782,0.207738,1.29673,-0.370218
-0.744388,0.205452,1.29654,-0.373009
-0.776783,0.0891763,1.28692,-0.515374
-0.777444,0.0869172,1.28673,-0.518166
-0.812282,-0.0282227,1.27702,-0.66056
-0.812991,-0.0304806,1.27683,-0.663346
-0.844655,-0.126991,1.26899,-0.783923
-0.845308,-0.128845,1.26885,-0.786399
-0.873167,-0.197994,1.26353,-0.906245
-0.873465,-0.198598,1.26347,-0.907872
-0.873757,-0.199187,1.26342,-0.909485
-0.883344,-0.216509,1.26196,-0.970195
-0.883463,-0.216874,1.26194,-0.97113
-0.864703,-0.258683,1.25916,-0.990711
-0.863864,-0.259783,1.25909,-0.990454
-0.793823,-0.333607,1.25576,-0.942929
-0.792379,-0.334955,1.25572,-0.941618
-0.708109,-0.409516,1.25412,-0.848782
-0.70658,-0.410818,1.25409,-0.846843
-0.705051,-0.41212,1.25407,-0.844898
-0.625406,-0.478307,1.25262,-0.734899
-0.623862,-0.479563,1.25259,-0.732641
-0.542357,-0.544506,1.25068,-0.610937
-0.540787,-0.545727,1.25065,-0.60854
-0.458666,-0.609106,1.24872,-0.479951
-0.457137,-0.610276,1.24868,-0.477508
-0.397829,-0.655875,1.24717,-0.381946
-0.396313,-0.657039,1.24713,-0.379494
-0.336267,-0.703267,1.24551,-0.281576
-0.289205,-0.739865,1.24425,-0.203453
-0.287742,-0.74101,1.24421,-0.201024
-0.23358,-0.783253,1.24273,-0.110112
-0.171717,-0.827911,1.24142,0.021689
-0.171321,-0.828152,1.24142,0.0231915
-0.170936,-0.828384,1.24141,0.024681
-0.163441,-0.831927,1.2413,0.0663775
-0.159874,-0.838905,1.24295,0.104326
-0.164227,-0.863414,1.24818,0.141465
-0.16452,-0.864453,1.24839,0.14263
-0.176849,-0.901884,1.25585,0.179261
-0.190618,-0.938339,1.26298,0.211176
-0.211328,-0.989151,1.27294,0.255724
-0.235728,-1.04549,1.28427,0.308416
-0.236462,-1.04714,1.28461,0.310018
-0.255024,-1.08813,1.29302,0.350936
-0.281553,-1.14517,1.30497,0.410752
-0.312061,-1.20945,1.31837,0.480035
-0.31285,-1.2111,1.31872,0.481837
-0.342245,-1.27225,1.33128,0.54917
-0.371182,-1.33147,1.34331,0.615276
-0.371987,-1.3331,1.34364,0.617117
-0.41508,-1.41953,1.36121,0.714659
-0.415902,-1.42116,1.36154,0.716505
-0.450376,-1.48924,1.37546,0.792343
-0.482901,-1.55321,1.3882,0.862384
-0.483753,-1.55488,1.38852,0.864184
-0.531007,-1.6406,1.40284,0.98311
-0.531304,-1.64101,1.40293,0.984145
-0.531596,-1.64141,1.40302,0.985161
-0.536556,-1.66439,1.40762,1.00336
-0.519637,-1.72094,1.41256,0.959209
-0.518998,-1.7226,1.41266,0.957398
-0.518349,-1.72427,1.41276,0.955556
-0.477281,-1.81915,1.41646,0.827077
-0.476317,-1.82125,1.41652,0.823771
-0.440601,-1.89692,1.41819,0.694364
-0.400868,-1.98096,1.41985,0.534084
-0.399793,-1.9833,1.41989,0.529494
-0.362364,-2.06981,1.42142,0.357258
-0.333748,-2.14492,1.42271,0.205529
-0.304363,-2.2348,1.42438,0.0226168
-0.303596,-2.23739,1.42442,0.0173169
-0.282374,-2.3153,1.42592,-0.142713
-0.263005,-2.40306,1.42763,-0.325908
-0.24807,-2.49004,1.42926,-0.510607
-0.247693,-2.49259,1.42931,-0.516061
-0.238029,-2.56879,1.4307,-0.679977
-0.231188,-2.65297,1.43244,-0.866341
-0.230797,-2.77507,1.43491,-1.16227
-0.230978,-2.77662,1.43495,-1.16694
-0.231164,-2.77813,1.435,-1.17158
-0.23805,-2.81011,1.43637,-1.29625
-0.24756,-2.83774,1.44056,-1.44469
-0.266943,-2.89497,1.45032,-1.61968
-0.26757,-2.89659,1.45061,-1.6238
-0.301148,-2.97424,1.46695,-1.81745
-0.30195,-2.97599,1.46737,-1.82193
-0.342014,-3.06413,1.49098,-2.06524
-0.342741,-3.06577,1.49146,-2.0701
-0.375386,-3.14,1.51426,-2.30621
-0.37605,-3.14152,1.51475,-2.31138
-0.399565,-3.1957,1.53285,-2.50583
-0.422891,-3.25352,1.55399,-2.74294
-0.423336,-3.25477,1.55446,-2.74839
-0.440243,-3.31239,1.57723,-3.01239
-0.4405,-3.31356,1.57771,-3.01794
-0.448099,-3.37129,1.60112,2.98635
-0.448141,-3.37244,1.60159,2.98074
-0.442669,-3.44151,1.62924,2.6484
-0.442444,-3.44272,1.62971,2.64274
-0.442215,-3.44394,1.63018,2.63709
-0.372852,-3.54169,1.66346,1.87525
-0.372631,-3.54163,1.66346,1.87393
-0.372412,-3.54157,1.66345,1.87262
-0.372195,-3.54151,1.66344,1.87133
-0.37198,-3.54145,1.66343,1.87006
-0.371768,-3.54139,1.66343,1.86881
-0.371557,-3.54133,1.66342,1.86757
-0.371349,-3.54128,1.66341,1.86635
-0.363838,-3.53993,1.66521,1.82722
-0.363685,-3.53991,1.6653,1.82678
-0.357684,-3.52161,1.66938,1.8408
-0.357609,-3.52072,1.66946,1.84192
-0.359458,-3.44402,1.67341,1.95764
-0.359586,-3.44235,1.67348,1.96057
-0.366494,-3.36813,1.6771,2.10958
-0.366669,-3.36639,1.67719,2.11352
-0.374742,-3.28889,1.68136,2.31145
-0.374909,-3.28727,1.68145,2.31608
-0.382369,-3.20441,1.68594,2.58018
-0.382472,-3.20296,1.68602,2.58528
-0.384723,-3.13808,1.68945,2.83049
-0.384703,-3.13677,1.68952,2.8358
-0.377333,-3.0642,1.69379,-3.13581
-0.377086,-3.06298,1.69387,-3.13038
-0.351964,-2.98192,1.69896,-2.76962
-0.351448,-2.98067,1.69904,-2.76413
-0.350928,-2.97941,1.69911,-2.75863
-0.310543,-2.89754,1.70358,-2.41436
-0.309834,-2.89626,1.70364,-2.40912
-0.250529,-2.83377,1.70433,-1.96955
-0.250258,-2.83336,1.70439,-1.96731
-0.249998,-2.83293,1.70445,-1.96511
-0.24975,-2.83247,1.70452,-1.96296
-0.249514,-2.832,1.70458,-1.96084
-0.260219,-2.77215,1.71066,-1.90942
-0.260811,-2.77063,1.71079,-1.90975
-0.374296,-2.56125,1.72483,-2.14507
-0.375492,-2.55929,1.72495,-2.14835
-0.376691,-2.55733,1.72506,-2.15165
-0.377891,-2.55537,1.72518,-2.15496
-0.379095,-2.5534,1.72529,-2.15829
-0.450365,-2.43434,1.73221,-2.36896
-0.451589,-2.43221,1.73234,-2.37282
-0.45281,-2.43008,1.73246,-2.37669
-0.531722,-2.28423,1.74062,-2.64407
-0.532855,-2.282,1.74075,-2.64813
-0.615674,-2.10402,1.7504,-2.96836
-0.616668,-2.10167,1.75052,-2.9725
-0.617659,-2.09932,1.75065,-2.97663
-0.621606,-2.08989,1.75116,-2.99317
-0.693638,-1.89726,1.7611,2.9562
-0.695158,-1.89265,1.76131,2.94825
-0.695909,-1.89035,1.76141,2.9443
-0.72141,-1.75123,1.7668,2.58696
-0.721326,-1.75102,1.76678,2.58561
-0.721241,-1.75082,1.76676,2.58427
-0.721156,-1.75061,1.76675,2.58295
-0.72107,-1.75042,1.76673,2.58164
-0.712513,-1.71824,1.76562,2.51788
-0.712244,-1.71725,1.76558,2.51759
-0.711966,-1.71624,1.76554,2.5173
-0.71168,-1.71522,1.7655,2.51704
-0.668396,-1.59882,1.76058,2.53736
-0.667679,-1.59709,1.76051,2.53807
-0.66696,-1.59536,1.76043,2.53879
-0.611419,-1.46508,1.75432,2.61408
-0.610675,-1.46336,1.75423,2.6153
-0.609932,-1.46164,1.75415,2.61652
-0.554148,-1.33362,1.74759,2.71769
-0.55341,-1.33195,1.74751,2.71909
-0.552673,-1.33028,1.74742,2.7205
-0.491183,-1.19258,1.74027,2.8393
-0.490439,-1.19094,1.74018,2.84073
-0.489697,-1.1893,1.7401,2.84217
-0.488955,-1.18766,1.74001,2.84361
-0.429278,-1.05819,1.73349,2.95691
-0.428514,-1.05656,1.73341,2.95834
-0.42775,-1.05493,1.73333,2.95977
-0.377707,-0.949623,1.72815,3.05129
-0.377077,-0.948309,1.72808,3.05254
-0.376456,-0.947012,1.72801,3.05378
-0.354223,-0.902189,1.72443,3.1154
-0.354065,-0.901934,1.72439,3.11618
-0.350514,-0.898281,1.72337,3.14132
-0.350473,-0.898296,1.72336,-3.14137
-0.354144,-0.884922,1.72485,-3.13706
-0.354521,-0.884198,1.72487,-3.13786
-0.354915,-0.883455,1.72489,-3.13868
-0.425088,-0.776799,1.72431,2.98855
-0.426313,-0.774981,1.7243,2.98543
-0.427541,-0.773158,1.72429,2.98229
-0.530284,-0.613535,1.7235,2.65442
-0.531448,-0.611581,1.72349,2.64987
-0.532608,-0.609627,1.72348,2.64531
-0.614927,-0.454139,1.72261,2.25225
-0.615831,-0.452197,1.72259,2.24707
-0.616731,-0.450257,1.72258,2.24189
-0.617627,-0.448318,1.72256,2.2367
-0.670394,-0.324478,1.72142,1.88161
-0.671074,-0.322774,1.72141,1.87624
-0.726886,-0.189638,1.72038,1.4053
-0.775284,-0.0966064,1.71949,0.98003
-0.77569,-0.0958586,1.71947,0.975234
-0.776087,-0.0951283,1.71945,0.97046
-0.776476,-0.0944157,1.71944,0.965709
-0.776856,-0.0937209,1.71942,0.960981
-0.777227,-0.0930439,1.7194,0.956276
-0.782628,-0.0888247,1.71808,0.582292
-0.782498,-0.0887283,1.71814,0.580131
-0.782358,-0.0886136,1.7182,0.577979
-0.782208,-0.0884805,1.71826,0.575839
-0.782047,-0.0883285,1.71833,0.573709
-0.752368,-0.0516826,1.72471,0.467979
-0.751478,-0.0505934,1.72489,0.466199
-0.685322,0.028911,1.73961,0.360452
-0.68418,0.0302877,1.7399,0.358782
-0.683037,0.0316662,1.74019,0.357111
-0.606968,0.124519,1.76009,0.246506
-0.605828,0.125931,1.7604,0.244809
-0.604689,0.127344,1.76071,0.243112
-0.522808,0.229149,1.78224,0.119265
-0.521678,0.230558,1.78253,0.117521
-0.438353,0.335649,1.80408,-0.0148919
-0.437259,0.33705,1.80436,-0.0166772
-0.436165,0.338452,1.80465,-0.0184629
-0.435071,0.339854,1.80493,-0.0202488
-0.36914,0.425183,1.82225,-0.129464
-0.368061,0.426603,1.82253,-0.131266
-0.300993,0.515474,1.84052,-0.244887
-0.29995,0.516872,1.84079,-0.246666
-0.298909,0.518267,1.84106,-0.248441
-0.254244,0.577315,1.85238,-0.335427
-0.253758,0.577966,1.85251,-0.336758
-0.241102,0.594725,1.85654,-0.398174
-0.241063,0.594757,1.85656,-0.398939
-0.241245,0.595976,1.8578,-0.436882
-0.241353,0.596149,1.85783,-0.437774
-0.241473,0.596332,1.85786,-0.438684
-0.276189,0.622072,1.85826,-0.518113
-0.277314,0.62278,1.85823,-0.520172
-0.355714,0.666428,1.85415,-0.660962
-0.357432,0.667307,1.85403,-0.664154
-0.468441,0.718375,1.84548,-0.884052
-0.470411,0.719213,1.84532,-0.888129
-0.56885,0.760917,1.83777,-1.09476
-0.570962,0.761826,1.83762,-1.09926
-0.673775,0.807692,1.83063,-1.32061
-0.675942,0.808695,1.83049,-1.32532
-0.797279,0.868455,1.82268,-1.58867
-0.799511,0.869634,1.82254,-1.59351
-0.801744,0.870817,1.82241,-1.59835
-0.927026,0.942385,1.8149,-1.87156
-0.929258,0.943759,1.81476,-1.87646
-1.07032,1.03824,1.80601,-2.19107
-1.0725,1.03982,1.80587,-2.19599
-1.07467,1.04141,1.80573,-2.20091
-1.24252,1.19071,1.79411,-2.71316
-1.2428,1.19111,1.79407,-2.71554
-1.24307,1.1915,1.79403,-2.71791
-1.24334,1.19188,1.794,-2.72025
-1.24359,1.19226,1.79396,-2.72257
-1.26659,1.22517,1.78571,-2.84476
-1.26728,1.22596,1.7854,-2.84563
-1.26799,1.22676,1.78508,-2.84648
-1.34864,1.31194,1.74691,-2.86067
-1.34992,1.31324,1.74628,-2.8603
-1.35121,1.31454,1.74565,-2.85991
-1.45236,1.41398,1.69294,-2.80032
-1.45365,1.41523,1.69224,-2.79927
-1.45493,1.41647,1.69154,-2.79822
-1.55438,1.51177,1.63718,-2.70534
-1.65332,1.60701,1.58242,-2.60204
-1.65456,1.60821,1.58173,-2.60072
-1.65581,1.60942,1.58104,-2.5994
-1.65705,1.61063,1.58035,-2.59808
-1.65829,1.61183,1.57966,-2.59676
-1.65954,1.61304,1.57897,-2.59545
-1.74398,1.69559,1.53184,-2.5053
-1.7452,1.6968,1.53115,-2.504
-1.74642,1.69801,1.53047,-2.5027
-1.83683,1.78775,1.48081,-2.40671
-1.83785,1.78875,1.48028,-2.40556
-1.83886,1.78974,1.47976,-2.40442
-1.89228,1.84305,1.44807,-2.30119
-1.89303,1.84366,1.44782,-2.30138
-1.89378,1.84427,1.44756,-2.30158
-1.89456,1.84491,1.4473,-2.30178
-1.89536,1.84555,1.44703,-2.30199
-1.89617,1.84621,1.44676,-2.3022
-1.897,1.84687,1.44649,-2.30241
-1.89784,1.84756,1.44621,-2.30264
-1.89871,1.84825,1.44593,-2.30287
-1.89959,1.84895,1.44565,-2.3031
-1.99362,1.92137,1.41736,-2.33766
-1.99519,1.92256,1.4169,-2.33838
-1.99677,1.92375,1.41643,-2.33909
-1.99835,1.92494,1.41596,-2.33982
-1.99993,1.92613,1.41549,-2.34055
-2.00151,1.92732,1.41502,-2.34128
-2.0031,1.92852,1.41455,-2.34202
-2.00469,1.92972,1.41407,-2.34277
-2.00628,1.93092,1.4136,-2.34352
-2.00788,1.93212,1.41312,-2.34428
-2.12496,2.01991,1.37821,-2.40977
-2.12661,2.02115,1.37772,-2.41082
-2.12826,2.02239,1.37723,-2.41187
-2.12991,2.02363,1.37674,-2.41292
-2.13155,2.02487,1.37625,-2.41397
-2.1332,2.02611,1.37577,-2.41503
-2.13484,2.02734,1.37528,-2.41609
-2.13648,2.02858,1.37479,-2.41716
-2.13812,2.02981,1.3743,-2.41822
-2.13976,2.03105,1.37381,-2.41929
-2.24734,2.11297,1.34182,-2.49388
-2.24897,2.11422,1.34134,-2.49506
-2.2506,2.11548,1.34085,-2.49624
-2.25223,2.11673,1.34037,-2.49742
-2.25386,2.11799,1.33988,-2.4986
-2.25549,2.11925,1.3394,-2.49978
-2.37248,2.21041,1.30513,-2.58529
-2.37414,2.21172,1.30465,-2.58651
-2.37579,2.21302,1.30417,-2.58773
-2.50738,2.31723,1.26558,-2.68548
-2.50901,2.31853,1.2651,-2.68669
-2.51063,2.31983,1.26462,-2.68791
-2.63366,2.41858,1.22904,-2.7801
-2.63497,2.41963,1.22869,-2.78115
-2.63626,2.42068,1.22835,-2.7822
-2.68706,2.46482,1.21414,-2.84376
-2.69142,2.47071,1.21242,-2.86544
-2.69144,2.47077,1.21241,-2.86571
-2.69145,2.47082,1.2124,-2.86597
-2.69147,2.47087,1.2124,-2.86624
-2.70502,2.48468,1.21819,-2.85787
-2.70564,2.48518,1.21844,-2.85698
-2.70627,2.4857,1.2187,-2.85606
-2.70692,2.48622,1.21896,-2.85511
-2.77413,2.53806,1.24978,-2.71977
-2.77528,2.53894,1.25038,-2.71685
-2.85927,2.6083,1.30108,-2.43232
-2.86026,2.60921,1.30177,-2.42799
-2.86125,2.61012,1.30247,-2.42365
-2.91383,2.66448,1.34309,-2.1508
-2.91462,2.66543,1.34377,-2.14594
-2.91542,2.66638,1.34445,-2.14107
-2.95419,2.72028,1.38027,-1.8759
-2.95486,2.72136,1.38095,-1.87078
-2.99566,2.79832,1.42398,-1.5381
-2.99626,2.79962,1.42464,-1.53286
-2.99686,2.80092,1.42531,-1.52762
-3.03743,2.89913,1.4708,-1.1682
-3.03807,2.90074,1.47147,-1.16288
-3.03871,2.90236,1.47215,-1.15756
-3.08194,3.00888,1.51307,-0.825811
-3.08264,3.01054,1.51362,-0.820801
-3.10768,3.11904,1.53736,-0.370561
-3.1076,3.11932,1.53736,-0.368836
-3.10752,3.11959,1.53736,-0.367133
-3.10744,3.11987,1.53736,-0.36545
-3.10736,3.12014,1.53735,-0.363787
-3.11816,3.13815,1.55058,-0.252434
-3.11888,3.13829,1.55104,-0.250703
-3.11962,3.13843,1.55152,-0.248956
-3.21125,3.13109,1.60062,-0.0744863
-3.21276,3.13084,1.60139,-0.0715484
-3.21427,3.13059,1.60217,-0.0685962
-3.21578,3.13034,1.60295,-0.0656306
-3.3439,3.11227,1.66705,0.203792
-3.34565,3.11207,1.66788,0.207645
-3.34739,3.11187,1.66872,0.211506
-3.47982,3.09826,1.72882,0.505764
-3.48173,3.09806,1.72965,0.510019
-3.48365,3.09787,1.73048,0.514278
-3.6052,3.08457,1.78116,0.77967
-3.73316,3.06564,1.83082,1.04669
-3.73534,3.06527,1.83164,1.05115
-3.73751,3.0649,1.83246,1.05562
-3.73969,3.06453,1.83328,1.06009
-3.86404,3.04007,1.87942,1.31124
-3.86632,3.03956,1.88024,1.31572
-4.00287,3.00278,1.92726,1.58853
-4.00466,3.00219,1.92782,1.59246
-4.00644,3.00161,1.92837,1.59637
-4.07554,2.97853,1.94771,1.78991
-4.07617,2.97834,1.94785,1.79243
-4.10427,2.96736,1.95396,1.91271
-4.10482,2.96691,1.95408,1.91428
-4.10537,2.96644,1.9542,1.91584
-4.14346,2.90551,1.96237,1.9893
-4.1442,2.90395,1.96252,1.99038
-4.18136,2.81532,1.9695,2.03795
-4.1821,2.81342,1.96963,2.03881
-4.21865,2.71632,1.97597,2.07878
-4.21937,2.71436,1.9761,2.07954
-4.2565,2.61236,1.98271,2.11803
-4.25721,2.61039,1.98284,2.11876
-4.29384,2.50834,1.98966,2.15666
-4.29455,2.50637,1.98979,2.1574
-4.33724,2.38616,1.99805,2.20242
-4.33793,2.38421,1.99818,2.20316
-4.33862,2.38227,1.99832,2.2039
-4.37974,2.26626,2.00647,2.24877
-4.38043,2.2643,2.00661,2.24952
-4.3832,2.25645,2.00716,2.25254
-4.42248,2.14453,2.01496,2.29579
-4.42317,2.14255,2.01509,2.29655
-4.47253,2.00451,2.02231,2.36558
-4.47263,2.00428,2.02231,2.36591
-4.47273,2.00407,2.02231,2.36624
-4.47283,2.00386,2.02232,2.36657
-4.47293,2.00366,2.02232,2.36689
-4.47806,1.99272,2.02419,2.38612
-4.47825,1.99219,2.02428,2.3867
-4.49534,1.92823,2.03182,2.44346
-4.49575,1.92654,2.03198,2.44498
-4.52139,1.81738,2.0413,2.55527
-4.5219,1.81521,2.04147,2.5577
-4.52241,1.81304,2.04165,2.56014
-4.55159,1.6897,2.051,2.71332
-4.55213,1.6874,2.05116,2.71638
-4.57838,1.56849,2.0599,2.88205
-4.57887,1.56613,2.06007,2.88546
-4.60166,1.44597,2.06876,3.06067
-4.60208,1.44352,2.06894,3.06426
-4.61816,1.33836,2.07639,-3.06332
-4.6185,1.3359,2.07656,-3.05967
-4.63034,1.23879,2.08332,-2.91394
-4.63828,1.15493,2.08923,-2.78609
-4.63849,1.15251,2.0894,-2.78242
-4.64542,1.05522,2.09624,-2.63576
-4.64964,0.936575,2.10454,-2.45507
-4.64967,0.934364,2.10468,-2.45165
-4.64973,0.927834,2.10511,-2.44147
-4.63772,0.818814,2.11255,-2.17898
-4.63765,0.818265,2.11251,-2.17739
-4.6376,0.817702,2.11248,-2.1758
-4.63755,0.817125,2.11244,-2.17423
-4.64536,0.759851,2.10499,-2.10603
-4.64567,0.758372,2.10478,-2.10508
-4.67025,0.659993,2.09089,-2.06443
-4.67077,0.658097,2.09063,-2.06388
-4.7029,0.54707,2.07528,-2.03937
-4.70348,0.54515,2.07501,-2.03904
-4.70406,0.54323,2.07474,-2.03871
-4.73886,0.431238,2.05892,-2.02223
-4.73946,0.429329,2.05865,-2.02198
-4.77626,0.314073,2.04222,-2.00768
-4.77686,0.312211,2.04196,-2.00745
-4.77746,0.310349,2.04169,-2.00722
-4.8196,0.179474,2.02284,-1.99095
-4.82021,0.177578,2.02257,-1.9907
-4.82083,0.175685,2.0223,-1.99046
-4.8584,0.0589492,2.00564,-1.97501
-4.85901,0.0570716,2.00538,-1.97476
-4.89579,-0.0571796,1.98929,-1.95915
-4.89633,-0.0588808,1.98907,-1.95891
-4.89687,-0.0605651,1.98886,-1.95867
-4.91989,-0.138735,1.97631,-1.93101
-4.91984,-0.138697,1.97617,-1.93068
-4.91978,-0.138645,1.97603,-1.93034
-4.91971,-0.13858,1.97588,-1.92999
-4.91963,-0.138498,1.97573,-1.92962
-4.91954,-0.138401,1.97557,-1.92924
-4.91945,-0.138287,1.97541,-1.92884
-4.91935,-0.138155,1.97524,-1.92842
-4.91923,-0.138006,1.97507,-1.92799
-4.91911,-0.137837,1.97489,-1.92755
-4.90181,-0.104821,1.96122,-1.88772
-4.90125,-0.10367,1.96082,-1.88649
-4.90069,-0.102504,1.96041,-1.88524
-4.90012,-0.101324,1.96,-1.88398
-4.89955,-0.100129,1.95959,-1.88271
-4.89897,-0.0989205,1.95917,-1.88141
-4.89838,-0.0976977,1.95875,-1.8801
-4.89779,-0.0964613,1.95832,-1.87877
-4.89719,-0.0952112,1.95789,-1.87743
-4.89658,-0.0939478,1.95745,-1.87607
-4.86402,-0.0262997,1.93417,-1.7992
-4.86321,-0.0246423,1.93359,-1.79718
-4.8624,-0.0229819,1.93301,-1.79516
-4.81578,0.0674623,1.90022,-1.67215
-4.81484,0.0692079,1.89958,-1.66958
-4.8139,0.0709549,1.89894,-1.667
-4.75832,0.172174,1.86244,-1.51018
-4.75732,0.173971,1.8618,-1.50729
-4.69374,0.289618,1.82221,-1.31972
-4.69272,0.291503,1.82159,-1.31668
-4.62207,0.426267,1.77859,-1.10197
-4.62108,0.428225,1.77798,-1.09889
-4.62009,0.430184,1.77737,-1.09581
-4.53393,0.608275,1.72354,-0.822693
-4.53299,0.610344,1.72293,-0.819623
-4.53204,0.612414,1.72232,-0.816553
-4.5311,0.614487,1.72171,-0.813486
-4.45763,0.778793,1.67647,-0.498581
-4.45741,0.779205,1.67639,-0.496442
-4.45731,0.779404,1.67635,-0.495391
-4.45721,0.7796,1.67631,-0.494354
-4.45711,0.779791,1.67628,-0.493329
-4.45701,0.779979,1.67625,-0.492317
-4.44283,0.806745,1.67933,-0.447097
-4.44233,0.807548,1.6795,-0.446958
-4.44181,0.808364,1.67966,-0.446833
-4.3742,0.903609,1.70473,-0.480295
-4.37314,0.90504,1.70517,-0.481212
-4.37207,0.906472,1.70561,-0.482139
-4.2929,1.01297,1.74077,-0.57264
-4.29184,1.0144,1.74126,-0.574118
-4.29078,1.01583,1.74176,-0.575602
-4.21314,1.1218,1.77891,-0.696681
-4.21213,1.12319,1.77939,-0.698379
-4.21112,1.12458,1.77988,-0.700077
-4.1394,1.22465,1.81451,-0.824834
-4.1384,1.22607,1.81499,-0.826591
-4.1374,1.22748,1.81547,-0.828348
-4.06649,1.32966,1.85025,-0.954747
-4.06551,1.3311,1.85074,-0.956505
-4.06453,1.33253,1.85122,-0.958263
-3.99411,1.4379,1.88595,-1.08521
-3.9932,1.43928,1.88637,-1.08686
-3.99231,1.44066,1.88679,-1.08851
-3.95309,1.50901,1.90709,-1.22442
-3.95314,1.50904,1.90711,-1.22501
-3.95319,1.50906,1.90712,-1.2256
-3.95324,1.50907,1.90714,-1.22618
-3.95329,1.50909,1.90715,-1.22675
-3.94544,1.51788,1.90855,-1.23848
-3.94483,1.51838,1.90853,-1.23791
-3.9442,1.5189,1.9085,-1.2373
-3.84918,1.59086,1.89692,-1.11093
-3.8457,1.59339,1.89638,-1.10537
-3.84394,1.59467,1.8961,-1.10255
-3.7136,1.68826,1.87482,-0.864929
-3.70957,1.69124,1.87413,-0.856637
-3.70755,1.69273,1.87379,-0.852471
-3.57177,1.7998,1.85034,-0.545005
-3.56983,1.80146,1.85,-0.540206
-3.5679,1.80312,1.84966,-0.535401
-3.43693,1.92721,1.82608,-0.186631
-3.43516,1.92908,1.82574,-0.181535
-3.4334,1.93094,1.82541,-0.176436
-3.31704,2.06681,1.80154,0.19516
-3.31557,2.06869,1.80121,0.200365
-3.3141,2.07057,1.80087,0.205572
-3.21343,2.21004,1.77599,0.596613
-3.21224,2.21184,1.77566,0.601836
-3.15199,2.31849,1.75789,0.939671
-3.1517,2.31938,1.75775,0.943678
-3.15142,2.32026,1.75762,0.947658
-3.15115,2.32112,1.75748,0.951613
-3.15069,2.34543,1.753,1.12075
-3.15085,2.34564,1.75294,1.1233
-3.15238,2.37024,1.74759,1.28918
-3.15196,2.37106,1.74744,1.29107
-3.15153,2.37191,1.7473,1.29296
-3.08652,2.48589,1.73082,1.47925
-3.08562,2.48742,1.73062,1.48172
-3.08471,2.48894,1.73041,1.4842
-3.08381,2.49046,1.73021,1.48668
-3.00254,2.62239,1.71235,1.72711
-3.00161,2.62387,1.71214,1.73009
-3.00068,2.62535,1.71193,1.73307
-2.92641,2.74076,1.69456,1.98713
-2.9255,2.74212,1.69435,1.99031
-2.92458,2.74348,1.69413,1.9935
-2.92366,2.74484,1.69392,1.99669
-2.85811,2.83795,1.67867,2.22571
-2.85716,2.83923,1.67845,2.22897
-2.85621,2.8405,1.67824,2.23222
-2.8121,2.89737,1.66852,2.38221
-2.81112,2.89857,1.66831,2.38548
-2.77107,2.94597,1.6598,2.51604
-2.7294,2.992,1.65153,2.64824
-2.72854,2.99292,1.65136,2.65117
-2.69924,3.02163,1.64428,2.78362
-2.69897,3.02181,1.64419,2.78565
-2.68831,3.02127,1.63752,2.87979
-2.68795,3.02112,1.63727,2.88116
-2.63053,2.99033,1.60109,2.95898
-2.62928,2.98959,1.60028,2.95999
-2.62802,2.98884,1.59945,2.961
-2.5339,2.92892,1.53322,3.02476
-2.53248,2.92798,1.53214,3.02566
-2.53105,2.92703,1.53106,3.02655
-2.41697,2.85122,1.44453,3.09627
-2.41552,2.85026,1.44344,3.09715
-2.41406,2.84931,1.44236,3.09803
-2.29119,2.7689,1.35173,-3.11
-2.2897,2.76793,1.35066,-3.10909
-2.28822,2.76697,1.34959,-3.10818
-2.16632,2.68809,1.26209,-3.03288
-2.16484,2.68713,1.26103,-3.03195
-2.16336,2.68618,1.25997,-3.03103
-2.16189,2.68523,1.25891,-3.0301
-2.03589,2.60417,1.16992,-2.95162
-2.03303,2.60235,1.16805,-2.94986
-2.03161,2.60145,1.16713,-2.94898
-1.96011,2.54942,1.11495,-2.87268
-1.96006,2.54936,1.11494,-2.87243
-1.96002,2.54931,1.11493,-2.87219
-1.95998,2.54927,1.11493,-2.87195
-1.95994,2.54922,1.11492,-2.87171
-1.9599,2.54917,1.11492,-2.87147
-1.93619,2.54723,1.11224,-2.88148
-1.80626,2.57407,1.09952,-3.03667
-1.80439,2.57458,1.09931,-3.03944
-1.80252,2.57509,1.0991,-3.04222
-1.80065,2.5756,1.0989,-3.04503
-1.79877,2.57612,1.09869,-3.04785
-1.79689,2.57665,1.09848,-3.05069
-1.63704,2.62829,1.08038,2.95363
-1.63504,2.62899,1.08016,2.94979
-1.63304,2.6297,1.07993,2.94594
-1.45409,2.69013,1.06199,2.60268
-1.45185,2.69083,1.06178,2.59842
-1.44961,2.69153,1.06157,2.59417
-1.44737,2.69224,1.06137,2.58991
-1.24813,2.74825,1.04399,2.22181
-1.2457,2.74884,1.04379,2.21744
-1.24328,2.74942,1.04359,2.21308
-1.06803,2.78606,1.02943,1.90309
-1.0655,2.78651,1.02923,1.89872
-1.06297,2.78695,1.02902,1.89435
-0.901124,2.80744,1.01698,1.60845
-0.899463,2.80755,1.01686,1.60494
-0.897829,2.80766,1.01674,1.60145
-0.843681,2.81008,1.01212,1.45158
-0.843106,2.81008,1.01206,1.44931
-0.804315,2.80598,1.02523,1.30547
-0.803462,2.8058,1.02588,1.30353
-0.802596,2.80562,1.02654,1.30157
-0.714877,2.77295,1.10937,1.12379
-0.713498,2.7723,1.11086,1.12085
-0.712116,2.77164,1.11236,1.11789
-0.609427,2.71604,1.23133,0.870632
-0.608023,2.71521,1.23304,0.866869
-0.606617,2.71437,1.23475,0.863098
-0.52457,2.66115,1.33521,0.629301
-0.452664,2.60541,1.42735,0.394855
-0.451425,2.60437,1.42898,0.390593
-0.450187,2.60334,1.43062,0.386328
-0.448949,2.60231,1.43225,0.38206
-0.362999,2.52248,1.55233,0.0656199
-0.361921,2.52134,1.55397,0.0612449
-0.360847,2.52021,1.55562,0.0568703
-0.299872,2.45087,1.65605,-0.211245
-0.298956,2.44974,1.65768,-0.215642
-0.252553,2.38768,1.74678,-0.459584
-0.251854,2.38663,1.74818,-0.463739
-0.251165,2.38559,1.74955,-0.46788
-0.232915,2.32601,1.82449,-0.8093
-0.232757,2.32571,1.82472,-0.811702
-0.232584,2.32541,1.82494,-0.81411
-0.232394,2.3251,1.82516,-0.816523
-0.195304,2.30001,1.82829,-0.963262
-0.194202,2.29943,1.82822,-0.966268
-0.193088,2.29883,1.82815,-0.969286
-0.114821,2.26159,1.82052,-1.17404
-0.113375,2.26096,1.82035,-1.17793
-0.0276811,2.22734,1.80944,-1.4329
-0.0262927,2.22687,1.80925,-1.43745
0.0514528,2.20455,1.7985,-1.7134
0.0527545,2.20426,1.79832,-1.71831
0.0540546,2.20397,1.79813,-1.72323
0.126908,2.19356,1.78789,-2.0099
0.128202,2.19349,1.78771,-2.01503
0.200617,2.19421,1.77824,-2.29483
0.201995,2.1943,1.77807,-2.30005
0.287602,2.20561,1.76776,-2.61033
0.289156,2.20589,1.76758,-2.61563
0.290715,2.20617,1.76741,-2.62092
0.3972,2.22748,1.75633,-2.95915
0.398919,2.22785,1.75618,-2.96429
0.503889,2.27171,1.74256,2.84935
0.504065,2.272,1.74253,2.84728
0.504239,2.27229,1.7425,2.84522
0.504409,2.27258,1.74248,2.84319
0.504577,2.27286,1.74246,2.84118
0.504741,2.27314,1.74243,2.83919
0.547849,2.29522,1.75283,2.68828
0.549145,2.29554,1.75314,2.68626
0.550461,2.29586,1.75346,2.68423
0.695187,2.32717,1.7872,2.47655
0.697328,2.32763,1.78769,2.47335
0.699474,2.32809,1.78818,2.47014
0.891282,2.36839,1.8317,2.15882
0.893656,2.36885,1.83223,2.15479
0.896032,2.3693,1.83275,2.15075
0.898411,2.36976,1.83327,2.14672
1.09576,2.40005,1.87555,1.80444
1.09825,2.40034,1.87606,1.80009
1.10075,2.40062,1.87658,1.79574
1.30841,2.41526,1.91905,1.42957
1.31346,2.4154,1.92008,1.42065
1.31599,2.41546,1.92059,1.41619
1.31851,2.41552,1.92111,1.41173
1.53326,2.41053,1.9649,1.03095
1.53573,2.41035,1.96541,1.02649
1.53821,2.41018,1.96591,1.02203
1.71087,2.37211,1.99834,0.55968
1.71102,2.37193,1.99833,0.558201
1.71117,2.37175,1.99832,0.55674
1.71132,2.37158,1.99831,0.555297
1.71146,2.37141,1.9983,0.553872
1.7116,2.37123,1.99829,0.552465
1.7599,2.37293,1.99976,0.435542
1.76122,2.37335,1.99977,0.433993
1.76256,2.37377,1.99977,0.432433
1.76391,2.3742,1.99977,0.430863
1.90579,2.42767,2.00101,0.255213
1.9076,2.4284,2.00103,0.252691
1.9094,2.42913,2.00105,0.25016
1.91121,2.42986,2.00107,0.24762
2.04557,2.48332,2.00269,0.0339324
2.04729,2.484,2.00271,0.0309007
2.04901,2.48467,2.00272,0.027864
2.17079,2.53175,2.00354,-0.199594
2.17246,2.53239,2.00355,-0.202851
2.17412,2.53304,2.00356,-0.206111
2.27973,2.57494,2.00414,-0.422884
2.28125,2.57557,2.00415,-0.426184
2.28277,2.5762,2.00416,-0.429484
2.37235,2.61569,2.00464,-0.628531
2.37382,2.61637,2.00465,-0.631851
2.45951,2.65849,2.00511,-0.830431
2.46086,2.65918,2.00512,-0.833636
2.46219,2.65987,2.00513,-0.836832
2.52202,2.69291,2.004,-1.09021
2.52197,2.69292,2.00398,-1.09167
2.52191,2.69292,2.00396,-1.09311
2.52185,2.69292,2.00395,-1.09454
2.51861,2.69259,2.00455,-1.14693
2.51864,2.69268,2.00464,-1.14815
2.52779,2.71052,2.01226,-1.21367
2.52818,2.71129,2.01253,-1.21559
2.5512,2.75933,2.02783,-1.32324
2.57845,2.82565,2.04738,-1.47539
2.57902,2.82719,2.04783,-1.47911
2.6007,2.89478,2.06672,-1.64809
2.60117,2.89646,2.06716,-1.65236
2.61914,2.9666,2.08523,-1.83571
2.61955,2.96836,2.08567,-1.84036
2.63663,3.04559,2.10432,-2.04141
2.65803,3.14059,2.1256,-2.28045
2.65851,3.14265,2.12605,-2.28551
2.68443,3.24664,2.1478,-2.53532
2.68502,3.24883,2.14824,-2.54046
2.71618,3.35554,2.16929,-2.78405
2.76059,3.47981,2.19284,-3.06026
2.76151,3.48219,2.19329,-3.0655
2.76244,3.48458,2.19374,-3.07074
2.85331,3.67479,2.2233,2.69265
2.85357,3.67528,2.22332,2.68999
2.85382,3.67575,2.22335,2.68736
2.85407,3.67623,2.22337,2.68475
2.85431,3.67669,2.22339,2.68217
2.87703,3.71279,2.22473,2.52483
2.87845,3.71467,2.22466,2.52008
2.87918,3.71563,2.22461,2.51768
2.9515,3.79912,2.21641,2.3412
2.95306,3.80079,2.2162,2.33769
2.95464,3.80246,2.21599,2.33417
3.05365,3.90389,2.20164,2.1046
3.05549,3.90571,2.20136,2.10013
3.18724,4.02642,2.1816,1.76897
3.18927,4.02812,2.18131,1.76378
3.19131,4.02981,2.18102,1.75859
3.32019,4.12505,2.16329,1.42522
3.32228,4.12644,2.163,1.41971
3.32438,4.12782,2.16272,1.41419
3.45385,4.20473,2.14541,1.06613
3.45593,4.20584,2.14513,1.06044
3.53373,4.24497,2.13447,0.842639
3.53575,4.24593,2.13418,0.836875
3.60236,4.27592,2.12472,0.64067
3.66052,4.30016,2.11596,0.455339
3.70961,4.32037,2.10796,0.287077
3.77676,4.30045,2.09018,-0.42577
3.77675,4.30045,2.09018,-0.425688
3.77675,4.30045,2.09017,-0.425607
3.77675,4.30044,2.09017,-0.425525
3.77675,4.30044,2.09017,-0.425444
3.77675,4.30044,2.09016,-0.425362
3.77675,4.30043,2.09016,-0.42528
3.77695,4.30066,2.09034,-0.424203
3.77698,4.30069,2.09034,-0.424178
3.77701,4.30073,2.09035,-0.424144
3.77705,4.30077,2.09036,-0.424101
3.77708,4.30081,2.09036,-0.424049
3.77712,4.30086,2.09036,-0.423987
3.77716,4.3009,2.09036,-0.423916
3.77719,4.30095,2.09036,-0.423835
3.77723,4.30099,2.09035,-0.423745
3.77726,4.30103,2.09035,-0.423646
3.77507,4.30006,2.08946,-0.41272
3.77481,4.29992,2.0894,-0.411967
3.75312,4.2864,2.08556,-0.361169
3.75227,4.28583,2.08541,-0.35923
3.71474,4.25949,2.07861,-0.266598
3.66837,4.22819,2.06971,-0.134011
3.66708,4.22739,2.06946,-0.130085
3.61843,4.20004,2.06004,0.0237721
3.56131,4.1741,2.04989,0.207109
3.55975,4.17344,2.04962,0.212155
3.49373,4.14806,2.03885,0.421595
3.49198,4.14743,2.03859,0.426995
3.42615,4.12387,2.02915,0.624793
3.36242,4.10085,2.02067,0.810446
3.35644,4.09868,2.0199,0.827455
3.3012,4.07798,2.01303,0.981609
3.23422,4.05093,2.00526,1.16066
3.16041,4.01717,1.99706,1.35226
3.07413,3.9727,1.98744,1.57398
3.07182,3.97144,1.98718,1.57985
2.88919,3.85026,1.96766,2.12897
2.88847,3.84974,1.96757,2.1327
2.88776,3.84922,1.96747,2.1364
2.88706,3.84872,1.96738,2.14006
2.8615,3.82913,1.9643,2.28744
2.86095,3.82864,1.96422,2.28951
2.82154,3.78702,1.95534,2.33301
2.82057,3.78597,1.95507,2.33259
2.76633,3.72807,1.93805,2.25497
2.76524,3.72692,1.93766,2.25246
2.71188,3.6673,1.91555,2.08138
2.71093,3.66614,1.9151,2.07743
2.70999,3.66499,1.91466,2.07345
2.6672,3.60712,1.89261,1.85784
2.66641,3.60592,1.89215,1.85309
2.63412,3.55024,1.87223,1.63463
2.60124,3.47823,1.84975,1.36623
2.60062,3.47671,1.84932,1.36086
2.55302,3.35448,1.81726,0.962721
2.55231,3.35266,1.81683,0.957222
2.5516,3.35082,1.8164,0.951721
2.50381,3.23194,1.78934,0.609455
2.50296,3.22992,1.7889,0.603912
2.5021,3.22789,1.78846,0.598368
2.44732,3.11126,1.76527,0.286411
2.44641,3.10953,1.76495,0.281443
2.41168,3.03167,1.7496,-0.00258173
2.4115,3.03105,1.74948,-0.00566359
2.41133,3.03044,1.74937,-0.00871799
2.40372,3.00036,1.74692,-0.141989
2.40357,2.99966,1.74693,-0.143252
2.40343,2.99895,1.74694,-0.144476
2.41314,2.89765,1.74839,-0.0984059
2.41353,2.8961,1.74842,-0.0961888
2.41392,2.89455,1.74844,-0.093938
2.44529,2.7799,1.7506,0.159243
2.44565,2.77844,1.75063,0.163443
2.44602,2.77697,1.75067,0.167657
2.46401,2.6885,1.75251,0.45893
2.46419,2.68714,1.75254,0.46387
2.46437,2.68578,1.75257,0.468816
2.46813,2.60169,1.75428,0.781474
2.46809,2.60026,1.75431,0.786732
2.45887,2.50152,1.75613,1.13882
2.45864,2.49992,1.75616,1.14421
2.45841,2.49832,1.75619,1.14959
2.43867,2.38055,1.75828,1.51805
2.43834,2.37868,1.75831,1.52349
2.43802,2.37681,1.75833,1.52893
2.41239,2.21762,1.75965,1.97325
2.41214,2.21626,1.75963,1.97769
2.38711,2.15622,1.7562,2.26782
2.38688,2.15595,1.75619,2.26986
2.38665,2.15568,1.75617,2.27189
2.38642,2.15542,1.75616,2.27389
2.3862,2.15516,1.75615,2.27587
2.3765,2.14454,1.75621,2.3567
2.37638,2.14441,1.75622,2.3576
2.34764,2.1161,1.76242,2.43405
2.34665,2.11544,1.76256,2.43529
2.34564,2.11478,1.76269,2.43654
2.34461,2.11411,1.76283,2.4378
2.21863,2.04848,1.77752,2.57502
2.21666,2.04752,1.77776,2.57727
2.21468,2.04656,1.778,2.57953
2.0587,1.97075,1.79808,2.78111
2.05671,1.96976,1.79835,2.78395
2.05473,1.96878,1.79861,2.78679
1.89327,1.88382,1.82006,3.03291
1.74506,1.79767,1.84011,-3.00193
1.74324,1.79658,1.84036,-2.99877
1.74142,1.79548,1.84061,-2.99561
1.7396,1.79438,1.84086,-2.99244
1.73779,1.79328,1.84111,-2.98928
1.73598,1.79219,1.84136,-2.98612
1.61878,1.72005,1.85802,-2.77646
1.61702,1.71896,1.85827,-2.77327
1.61526,1.71786,1.85852,-2.77008
1.5174,1.65542,1.87254,-2.58836
1.51594,1.65443,1.87274,-2.58543
1.459,1.6026,1.88338,-2.35867
1.45904,1.60247,1.88338,-2.35752
1.45908,1.60234,1.88337,-2.35638
1.45912,1.60221,1.88337,-2.35525
1.45917,1.60208,1.88337,-2.35414
1.45706,1.59417,1.88312,-2.29901
1.45669,1.59389,1.88307,-2.29789
1.4062,1.56177,1.87517,-2.20518
1.40496,1.561,1.87496,-2.20303
1.32471,1.51115,1.8612,-2.05095
1.32323,1.51023,1.86093,-2.04782
1.32174,1.5093,1.86067,-2.04467
1.23977,1.45858,1.84513,-1.84473
1.23837,1.45773,1.84485,-1.84092
1.16253,1.4127,1.82898,-1.61582
1.16122,1.41195,1.8287,-1.61163
1.09469,1.37654,1.81424,-1.39235
1.09341,1.3759,1.81395,-1.38798
1.03338,1.34929,1.80059,-1.18037
1.0321,1.3488,1.80031,-1.17593
0.97686,1.33006,1.78818,-0.98417
0.975547,1.32968,1.78789,-0.979679
0.915744,1.3151,1.77541,-0.782105
0.914354,1.31481,1.77513,-0.777607
0.851024,1.30409,1.76275,-0.579864
0.849554,1.30389,1.76249,-0.575445
0.788769,1.29856,1.75132,-0.373945
0.787957,1.29858,1.75113,-0.370411
0.764201,1.30811,1.74379,-0.207324
0.764059,1.30836,1.74372,-0.205128
0.754676,1.32094,1.73813,-0.112121
0.754181,1.32099,1.73786,-0.111494
0.753665,1.32104,1.73758,-0.110906
0.695556,1.31377,1.70416,-0.142772
0.694171,1.31349,1.70329,-0.144444
0.612196,1.29149,1.64658,-0.283954
0.610576,1.29096,1.6454,-0.287331
0.517433,1.2578,1.5775,-0.504745
0.515669,1.25715,1.57623,-0.509175
0.426862,1.22525,1.51553,-0.735384
0.424912,1.2246,1.51428,-0.740328
0.339343,1.19843,1.46145,-0.954526
0.33722,1.19786,1.46019,-0.959757
0.229419,1.17315,1.39919,-1.22031
0.227163,1.17273,1.39795,-1.22569
0.103002,1.15524,1.33131,-1.51936
0.100657,1.15502,1.33006,-1.52484
-0.0188009,1.1497,1.26772,-1.80444
-0.0211256,1.14971,1.2665,-1.80993
-0.138015,1.15544,1.20524,-2.08864
-0.140235,1.15565,1.20413,-2.09397
-0.231958,1.17253,1.16032,-2.34934
-0.23308,1.17289,1.15978,-2.35352
-0.234181,1.17324,1.15926,-2.35767
-0.26968,1.19173,1.14183,-2.5539
-0.269943,1.192,1.14171,-2.55641
-0.286775,1.20469,1.13522,-2.67438
-0.287337,1.20462,1.13507,-2.67535
-0.287917,1.20452,1.13492,-2.67629
-0.357318,1.16308,1.12217,-2.67556
-0.358695,1.16199,1.12197,-2.67466
-0.464758,1.06677,1.10857,-2.55312
-0.4662,1.06538,1.10839,-2.55087
-0.467642,1.06399,1.10822,-2.5486
-0.576382,0.952866,1.09488,-2.34614
-0.577751,0.951397,1.09471,-2.34325
-0.579119,0.949927,1.09453,-2.34036
-0.671595,0.847417,1.08188,-2.12802
-0.672856,0.846,1.08169,-2.12496
-0.674116,0.844582,1.08151,-2.1219
-0.764637,0.742317,1.06809,-1.89685
-0.765855,0.740955,1.0679,-1.89375
-0.767074,0.739594,1.06772,-1.89065
-0.846851,0.65132,1.05554,-1.68457
-0.848023,0.650056,1.05536,-1.68151
-0.849195,0.648794,1.05518,-1.67845
-0.930935,0.554805,1.04128,-1.3741
-0.930926,0.554733,1.04125,-1.37267
-0.930913,0.554665,1.04121,-1.37125
-0.930672,0.552622,1.04149,-1.30386
-0.930913,0.552489,1.04155,-1.30251
-0.931169,0.552351,1.04162,-1.30113
-0.931441,0.552207,1.0417,-1.29975
-0.931727,0.552058,1.04177,-1.29834
-0.972009,0.536491,1.0501,-1.18887
-0.973139,0.536107,1.05032,-1.18624
-1.04736,0.514249,1.06489,-1.001
-1.05014,0.513599,1.06544,-0.993373
-1.12946,0.501322,1.08128,-0.754663
-1.1309,0.501208,1.08156,-0.750038
-1.13235,0.501097,1.08185,-0.745404
-1.21413,0.499743,1.09746,-0.476039
-1.21567,0.4998,1.09774,-0.470935
-1.30327,0.506295,1.11305,-0.187152
-1.305,0.506469,1.11334,-0.181772
-1.40384,0.517308,1.12878,0.112387
-1.40576,0.517525,1.12906,0.117892
-1.50847,0.528523,1.14341,0.395768
-1.51065,0.528719,1.1437,0.401352
-1.63862,0.536759,1.15949,0.715427
-1.64101,0.536843,1.15977,0.721041
-1.6434,0.536924,1.16004,0.726655
-1.84626,0.53509,1.17745,1.27732
-1.84694,0.535149,1.17746,1.28048
-1.84761,0.535208,1.17747,1.28361
-1.84826,0.535268,1.17747,1.28672
-1.88959,0.527681,1.18378,1.44101
-1.8903,0.527036,1.18401,1.44175
-1.89101,0.526371,1.18425,1.44244
-1.89173,0.525684,1.18449,1.4431
-1.94716,0.438336,1.20683,1.39279
-1.94792,0.436725,1.20719,1.39085
-1.99808,0.300602,1.23615,1.16526
-1.99862,0.298764,1.23652,1.16164
-1.99915,0.296922,1.2369,1.15801
-1.99968,0.295078,1.23727,1.15437
-2.0368,0.153246,1.26528,0.860948
-2.03733,0.151207,1.26567,0.856653
-2.03785,0.149166,1.26605,0.852352
-2.0794,-0.00679511,1.29442,0.528202
-2.08067,-0.0112356,1.29519,0.519146
-2.0813,-0.0134585,1.29558,0.514615
-2.12044,-0.140439,1.31734,0.25933
-2.1212,-0.142734,1.31772,0.254768
-2.16915,-0.274835,1.33967,-0.0059689
-2.17008,-0.277179,1.34006,-0.0105483
-2.22726,-0.406985,1.36029,-0.266984
-2.22819,-0.408835,1.36055,-0.271019
-2.26757,-0.483573,1.36967,-0.484936
-2.26788,-0.484148,1.36971,-0.487446
-2.26818,-0.48471,1.36975,-0.489933
-2.28231,-0.511741,1.37197,-0.608907
-2.28262,-0.512478,1.372,-0.610689
-2.28293,-0.513234,1.37202,-0.612469
-2.3084,-0.59145,1.37121,-0.717904
-2.30896,-0.593276,1.37117,-0.719814
-2.34349,-0.709694,1.36809,-0.837597
-2.34412,-0.711867,1.36803,-0.839826
-2.37946,-0.832131,1.36472,-0.969634
-2.38011,-0.834305,1.36466,-0.972115
-2.41553,-0.948372,1.36156,-1.10776
-2.41622,-0.950473,1.3615,-1.11038
-2.4169,-0.952573,1.36144,-1.113
-2.45856,-1.07554,1.35779,-1.27091
-2.45929,-1.07762,1.35772,-1.27362
-2.50405,-1.20029,1.35375,-1.43787
-2.50481,-1.20231,1.35368,-1.44063
-2.50557,-1.20433,1.35362,-1.44339
-2.55569,-1.33458,1.34935,-1.62355
-2.55647,-1.33654,1.34929,-1.62632
-2.60892,-1.4663,1.34506,-1.81411
-2.60964,-1.46793,1.34501,-1.81663
-2.61034,-1.46954,1.34497,-1.81913
-2.67371,-1.56791,1.33479,-2.07206
-2.67443,-1.56898,1.33452,-2.07332
-2.67516,-1.57006,1.33425,-2.07458
-2.6759,-1.57115,1.33397,-2.07585
-2.67665,-1.57226,1.3337,-2.07712
-2.6774,-1.57338,1.33342,-2.0784
-2.67817,-1.57451,1.33314,-2.07968
-2.75316,-1.68347,1.30657,-2.19259
-2.75426,-1.68505,1.30619,-2.19429
-2.75535,-1.68663,1.3058,-2.19599
-2.84322,-1.81233,1.2745,-2.34371
-2.84543,-1.81547,1.27369,-2.34773
-2.84654,-1.81704,1.27329,-2.34974
-2.93054,-1.93435,1.24266,-2.50865
-2.9327,-1.93736,1.24186,-2.51293
-2.93378,-1.93886,1.24146,-2.51508
-2.93487,-1.94036,1.24106,-2.51723
-3.00145,-2.03283,1.21622,-2.65154
-3.00252,-2.03433,1.21582,-2.65372
-3.06976,-2.12869,1.19014,-2.79367
-3.07183,-2.13161,1.18934,-2.79804
-3.07286,-2.13307,1.18894,-2.80023
-3.13902,-2.22795,1.16304,-2.94326
-3.1409,-2.2306,1.16235,-2.94738
-3.14184,-2.23191,1.162,-2.94942
-3.18748,-2.28679,1.14388,-3.12324
-3.18749,-2.28671,1.14386,-3.12388
-3.18751,-2.28663,1.14384,-3.12451
-3.18752,-2.28656,1.14382,-3.12513
-3.18753,-2.28648,1.14381,-3.12574
-3.18578,-2.29429,1.1425,-3.13913
-3.18555,-2.29496,1.14245,-3.1386
-3.18531,-2.29565,1.14239,-3.13805
-3.13273,-2.39125,1.13496,-3.02163
-3.13162,-2.39301,1.13481,-3.019
-3.13052,-2.39478,1.13465,-3.01634
-3.04567,-2.5288,1.12153,-2.78133
-3.04436,-2.53084,1.12132,-2.77732
-2.94442,-2.67738,1.10689,-2.46883
-2.94287,-2.67949,1.10669,-2.46411
-2.94131,-2.68159,1.10649,-2.45939
-2.85772,-2.7867,1.09671,-2.21235
-2.85601,-2.7887,1.09652,-2.20741
-2.77879,-2.87392,1.08808,-1.9876
-2.77698,-2.87581,1.08788,-1.98254
-2.68346,-2.96743,1.07814,-1.72832
-2.68155,-2.96915,1.07796,-1.72323
-2.55205,-3.07747,1.06522,-1.37556
-2.55013,-3.07897,1.06503,-1.37044
-2.54821,-3.08047,1.06484,-1.36532
-2.38965,-3.17355,1.05118,-0.85881
-2.38922,-3.17354,1.05113,-0.855956
-2.38881,-3.17353,1.05109,-0.853128
-2.3884,-3.17351,1.05104,-0.850326
-2.388,-3.17349,1.051,-0.847549
-2.37769,-3.17047,1.05047,-0.762632
-2.35009,-3.16758,1.05666,-0.665012
-2.34898,-3.16747,1.05694,-0.662563
-2.28883,-3.15738,1.07284,-0.554393
-2.28704,-3.15698,1.07336,-0.551397
-2.21319,-3.13744,1.09614,-0.426789
-2.11977,-3.10779,1.12862,-0.250676
-2.11775,-3.10711,1.12936,-0.246579
-2.03025,-3.07615,1.16218,-0.0572546
-2.0283,-3.07541,1.16293,-0.0527726
-1.93395,-3.03732,1.20061,0.179755
-1.93213,-3.03653,1.20135,0.184536
-1.84929,-2.99851,1.23689,0.418229
-1.84765,-2.99773,1.23763,0.423167
-1.77143,-2.96077,1.27323,0.667472
-1.76995,-2.96005,1.27395,0.6725
-1.70376,-2.92832,1.30774,0.909675
-1.70242,-2.9277,1.30845,0.91473
-1.63903,-2.90049,1.34426,1.16792
-1.63782,-2.90002,1.34497,1.17299
-1.55636,-2.87474,1.39759,1.65589
-1.55635,-2.8748,1.39774,1.65899
-1.55635,-2.87486,1.39788,1.66207
-1.55635,-2.87493,1.39802,1.66511
-1.56077,-2.88039,1.404,1.79518
-1.56068,-2.88059,1.40416,1.79707
-1.56057,-2.8808,1.40433,1.79895
-1.52621,-2.91377,1.41963,1.8704
-1.52516,-2.91471,1.41997,1.87111
-1.44224,-2.98632,1.4455,1.88264
-1.44078,-2.98756,1.44593,1.88238
-1.43932,-2.9888,1.44637,1.8821
-1.34113,-3.07021,1.47488,1.84582
-1.33959,-3.07145,1.47532,1.84504
-1.22354,-3.16374,1.50842,1.77828
-1.22194,-3.165,1.50887,1.7773
-1.22033,-3.16626,1.50932,1.77631
-1.1099,-3.25272,1.5401,1.70698
-1.10829,-3.25398,1.54055,1.70597
-1.10668,-3.25524,1.54099,1.70496
-1.01551,-3.32648,1.56632,1.64784
-1.01391,-3.32774,1.56676,1.64684
-1.00752,-3.33275,1.56855,1.64288
-0.921988,-3.39991,1.59233,1.59064
-0.918748,-3.40247,1.59323,1.58869
-0.796015,-3.49832,1.623,1.49548
-0.7893,-3.50327,1.62378,1.48306
-0.789164,-3.50352,1.62372,1.48318
-0.78903,-3.50378,1.62366,1.48331
-0.788898,-3.50406,1.62359,1.48347
-0.788769,-3.50435,1.62351,1.48365
-0.788642,-3.50466,1.62342,1.48386
-0.788082,-3.53812,1.61115,1.52212
-0.78821,-3.5393,1.61068,1.52365
-0.800494,-3.60821,1.57978,1.6286
-0.800889,-3.60987,1.57897,1.63148
-0.825125,-3.69356,1.53578,1.79559
-0.825726,-3.69537,1.53482,1.79948
-0.858162,-3.78746,1.48683,2.0076
-0.858853,-3.78941,1.48586,2.01214
-0.895282,-3.89659,1.43443,2.26423
-0.895959,-3.89871,1.43347,2.26916
-0.939939,-4.06581,1.36257,2.64621
-0.940444,-4.06819,1.3616,2.65143
-0.940946,-4.07057,1.36064,2.65666
-0.969316,-4.25969,1.28756,3.06252
-0.969534,-4.26215,1.28662,3.06781
-0.969749,-4.26461,1.28568,3.0731
-0.975776,-4.44741,1.21704,-2.81967
-0.975697,-4.44982,1.21618,-2.81454
-0.975613,-4.45222,1.21534,-2.80942
-0.948802,-4.59787,1.16691,-2.34494
-0.948603,-4.59812,1.16684,-2.34286
-0.948405,-4.59837,1.16678,-2.34081
-0.948208,-4.59861,1.16672,-2.33878
-0.948011,-4.59884,1.16666,-2.33677
-0.938596,-4.6112,1.16298,-2.25701
-0.938418,-4.61169,1.16282,-2.25578
-0.938242,-4.61219,1.16264,-2.25456
-0.931397,-4.66977,1.14659,-2.2082
-0.931229,-4.67286,1.1458,-2.20717
-0.928459,-4.77994,1.11958,-2.19402
-0.928445,-4.78187,1.11911,-2.19403
-0.928682,-4.88741,1.09335,-2.20285
-0.928705,-4.88936,1.09287,-2.20314
-0.930643,-4.98971,1.0681,-2.22116
-0.930686,-4.99161,1.06763,-2.22156
-0.930728,-4.9935,1.06715,-2.22196
-0.933268,-5.08817,1.04345,-2.24296
-0.933319,-5.09006,1.04297,-2.24339
-0.936221,-5.1861,1.01898,-2.26543
-0.936285,-5.18802,1.01851,-2.26587
-0.939282,-5.28483,0.994293,-2.28811
-0.939341,-5.28674,0.993812,-2.28854
-0.944967,-5.46832,0.948786,-2.32856
-0.945029,-5.47017,0.948351,-2.32896
-0.945092,-5.47201,0.947919,-2.32936
-0.945156,-5.47384,0.94749,-2.32976
-0.950007,-5.57096,0.924571,-2.36179
-0.950029,-5.57105,0.924532,-2.36194
-0.95005,-5.57113,0.924494,-2.3621
-0.950071,-5.57121,0.924456,-2.36225
-0.949696,-5.57672,0.923985,-2.36499
-0.949578,-5.57713,0.924018,-2.3648
-0.949451,-5.57756,0.924052,-2.36459
-0.923294,-5.63755,0.92985,-2.32529
-0.922517,-5.63906,0.930023,-2.32412
-0.870032,-5.73314,0.941935,-2.23755
-0.868938,-5.73501,0.942195,-2.23556
-0.809403,-5.83466,0.956457,-2.11692
-0.808221,-5.8366,0.956742,-2.1144
-0.744485,-5.9381,0.971834,-1.97193
-0.743257,-5.94,0.972117,-1.9691
-0.742027,-5.9419,0.9724,-1.96626
-0.639109,-6.0937,0.994572,-1.72841
-0.637803,-6.09555,0.99484,-1.7254
-0.636495,-6.09739,0.995108,-1.7224
-0.585087,-6.16823,1.00567,-1.60447
-0.536243,-6.23319,1.01563,-1.49227
-0.53492,-6.23493,1.0159,-1.48923
-0.483167,-6.30209,1.02644,-1.37087
-0.48184,-6.30378,1.02671,-1.36784
-0.431593,-6.36728,1.0369,-1.25292
-0.381431,-6.42753,1.04626,-1.13699
-0.38039,-6.42869,1.04645,-1.13441
-0.334177,-6.46741,1.05485,-0.966273
-0.334001,-6.46742,1.05486,-0.965099
-0.333828,-6.46743,1.05486,-0.96394
-0.326416,-6.46692,1.05547,-0.919429
-0.326128,-6.467,1.05551,-0.918616
-0.3255,-6.46716,1.05559,-0.916994
-0.28141,-6.47758,1.05901,-0.874697
-0.279984,-6.47783,1.05911,-0.873786
-0.1883,-6.48925,1.06689,-0.820931
-0.1863,-6.48943,1.06708,-0.8198
-0.0762241,-6.49793,1.07801,-0.754654
-0.0741516,-6.49807,1.07822,-0.753341
0.028718,-6.5049,1.08909,-0.684418
0.0307729,-6.50503,1.08931,-0.682982
0.150106,-6.51247,1.10134,-0.598136
0.152219,-6.51259,1.10154,-0.59661
0.292829,-6.51974,1.11536,-0.492674
0.294918,-6.51983,1.11557,-0.491107
0.297005,-6.51993,1.11577,-0.489539
0.440831,-6.52602,1.12996,-0.379903
0.442863,-6.5261,1.13016,-0.378339
0.444895,-6.52618,1.13036,-0.376775
0.563067,-6.5308,1.14214,-0.286062
0.565101,-6.53088,1.14234,-0.28451
0.701165,-6.52824,1.1564,-0.130855
0.701228,-6.52818,1.15639,-0.130375
0.701289,-6.52813,1.15639,-0.1299
0.701347,-6.52807,1.15638,-0.129432
0.701403,-6.52801,1.15637,-0.12897
0.701457,-6.52795,1.15636,-0.128514
0.708286,-6.52558,1.15978,-0.116941
0.708726,-6.52555,1.15999,-0.117164
0.765182,-6.52686,1.18819,-0.184357
0.766566,-6.52695,1.18891,-0.186459
0.767959,-6.52703,1.18964,-0.188592
0.8579,-6.53549,1.24157,-0.363025
0.859437,-6.53566,1.24255,-0.366698
0.946074,-6.54675,1.30263,-0.614131
0.947467,-6.54695,1.30366,-0.618757
0.948856,-6.54715,1.3047,-0.623396
1.01789,-6.55736,1.35922,-0.882808
1.01909,-6.55753,1.36024,-0.887904
1.07855,-6.56323,1.41417,-1.16561
1.12489,-6.56159,1.4603,-1.41448
1.12585,-6.56146,1.4613,-1.41995
1.12682,-6.56133,1.4623,-1.42542
1.16181,-6.55367,1.49922,-1.62864
1.19674,-6.54005,1.53649,-1.834
1.1977,-6.5396,1.5375,-1.83956
1.2327,-6.52068,1.57367,-2.04018
1.3089,-6.45643,1.64275,-2.54562
1.30909,-6.45595,1.64297,-2.54924
1.30926,-6.45547,1.64319,-2.55283
1.30944,-6.45499,1.6434,-2.55639
1.31409,-6.43371,1.65157,-2.71292
1.31436,-6.43339,1.65172,-2.71536
1.31466,-6.43307,1.65188,-2.71778
1.36,-6.42622,1.66095,-2.82436
1.36137,-6.42629,1.66112,-2.826
1.45643,-6.43916,1.67034,-2.90298
1.45827,-6.43948,1.67049,-2.90409
1.55568,-6.458,1.67798,-2.95454
1.55756,-6.45837,1.67812,-2.9554
1.65551,-6.47831,1.68552,-2.9969
1.74895,-6.49802,1.69273,-3.03304
1.75083,-6.49843,1.69287,-3.03377
1.75271,-6.49883,1.69302,-3.03449
1.76586,-6.50165,1.69403,-3.03956
1.84754,-6.5193,1.70052,-3.07085
1.84946,-6.51971,1.70068,-3.07158
1.94173,-6.53977,1.70808,-3.10708
2.02635,-6.55817,1.71487,-3.14027
2.02829,-6.5586,1.71502,-3.14104
2.11572,-6.57751,1.72203,3.10758
2.11765,-6.57793,1.72218,3.10681
2.25481,-6.60448,1.72925,3.02857
2.25498,-6.60447,1.72921,3.02823
2.25515,-6.60445,1.72917,3.02788
2.25532,-6.60443,1.72912,3.02753
2.25551,-6.60441,1.72907,3.02718
2.25571,-6.60438,1.72901,3.02682
2.26644,-6.60184,1.72494,3.0155
2.29505,-6.59175,1.71198,2.99572
2.34494,-6.56931,1.68531,2.961
2.34639,-6.5686,1.68448,2.95993
2.43726,-6.51989,1.62729,2.88258
2.44043,-6.51811,1.62519,2.87956
2.49434,-6.48718,1.58876,2.825
2.49593,-6.48625,1.58768,2.82331
2.62256,-6.41371,1.50375,2.68238
2.6242,-6.41278,1.50269,2.68049
2.62584,-6.41185,1.50163,2.6786
2.7084,-6.36573,1.44921,2.58301
2.71005,-6.36482,1.44816,2.58108
2.80671,-6.31224,1.38841,2.47013
2.80843,-6.31133,1.38737,2.46818
2.91185,-6.25692,1.32482,2.35109
2.91359,-6.25602,1.32378,2.34914
2.91533,-6.25512,1.32275,2.3472
3.02885,-6.19767,1.25733,2.22042
3.03029,-6.19696,1.25655,2.21871
3.0317,-6.19626,1.25579,2.21701
3.10562,-6.15232,1.21916,2.06764
3.1059,-6.15174,1.21922,2.06686
3.10617,-6.15114,1.21929,2.06607
3.10644,-6.15051,1.21937,2.06528
3.10672,-6.14987,1.21944,2.06448
3.12509,-6.06187,1.23357,1.99503
3.12536,-6.06005,1.23391,1.99372
3.12564,-6.05823,1.23425,1.99239
3.14231,-5.93026,1.26177,1.89045
3.14255,-5.92823,1.26224,1.88868
3.1428,-5.9262,1.26271,1.8869
3.15802,-5.80565,1.2913,1.77224
3.15829,-5.80366,1.29177,1.77023
3.17741,-5.66921,1.32326,1.62839
3.17771,-5.66724,1.32372,1.62625
3.17801,-5.66528,1.32417,1.62411
3.19796,-5.53861,1.35347,1.48358
3.19827,-5.53669,1.35391,1.48141
3.19858,-5.53477,1.35436,1.47923
3.21826,-5.41347,1.3827,1.34139
3.21858,-5.41157,1.38315,1.3392
3.23429,-5.31611,1.40603,1.22797
3.23459,-5.31427,1.40647,1.22582
3.2349,-5.31242,1.4069,1.22366
3.26112,-5.20133,1.43487,1.02726
3.26123,-5.20128,1.4349,1.02642
3.26567,-5.1998,1.43625,0.993412
3.2658,-5.19963,1.43631,0.99262
3.26594,-5.19945,1.43637,0.991813
3.26609,-5.19925,1.43643,0.990992
3.26624,-5.19903,1.4365,0.990158
3.28325,-5.17634,1.43873,0.9412
3.32416,-5.13107,1.44109,0.85271
3.32538,-5.12982,1.44116,0.850034
3.38184,-5.07527,1.44448,0.718306
3.38326,-5.07396,1.44457,0.714733
3.43892,-5.02363,1.44823,0.562699
3.4955,-4.97482,1.45204,0.382036
3.49684,-4.97368,1.45214,0.377421
3.54756,-4.93112,1.4555,0.192312
3.5525,-4.927,1.45583,0.172791
3.5984,-4.88742,1.459,-0.0221328
3.64522,-4.84388,1.46251,-0.248448
3.6462,-4.84289,1.46259,-0.253649
3.67953,-4.80657,1.46552,-0.44645
3.70429,-4.77347,1.46814,-0.619502
3.70498,-4.77243,1.46822,-0.624772
3.72382,-4.74081,1.47063,-0.777814
3.74312,-4.70134,1.47344,-0.957546
3.7234,-4.60734,1.47584,-1.65261
3.72339,-4.60727,1.4759,-1.6527
3.72337,-4.60721,1.47596,-1.6528
3.72335,-4.60713,1.47602,-1.65288
3.72333,-4.60706,1.47609,-1.65297
3.72331,-4.60698,1.47616,-1.65306
3.72328,-4.6069,1.47624,-1.65314
3.72324,-4.60681,1.47631,-1.65322
3.7232,-4.60673,1.4764,-1.6533
3.72316,-4.60664,1.47648,-1.65337
3.71503,-4.60608,1.48099,-1.65263
3.7145,-4.60622,1.48118,-1.65249
3.71396,-4.60637,1.48137,-1.65235
3.7134,-4.60654,1.48156,-1.65219
3.71282,-4.60672,1.48175,-1.65203
3.71222,-4.60691,1.48194,-1.65186
3.68118,-4.62099,1.49061,-1.64006
3.68002,-4.62158,1.49092,-1.63954
3.62861,-4.64943,1.50424,-1.61246
3.56484,-4.68548,1.52139,-1.56885
3.56326,-4.68637,1.52183,-1.56763
3.50801,-4.71755,1.53745,-1.52101
3.39946,-4.77893,1.5688,-1.41165
3.39793,-4.77979,1.56923,-1.40999
3.39641,-4.78066,1.56967,-1.40833
3.34501,-4.80965,1.58454,-1.35091
3.3435,-4.8105,1.58497,-1.3492
3.286,-4.84255,1.60145,-1.28335
3.23455,-4.87092,1.61613,-1.22374
3.18429,-4.89813,1.63039,-1.16559
3.18276,-4.89895,1.63083,-1.16383
3.13079,-4.92655,1.6455,-1.1039
3.08045,-4.95278,1.65963,-1.04601
3.03109,-4.97801,1.67286,-0.988952
3.02982,-4.97866,1.67319,-0.987383
2.98367,-5.00091,1.68527,-0.910597
2.98333,-5.00104,1.68537,-0.909577
2.97733,-5.00275,1.68785,-0.88074
2.97722,-5.00277,1.68796,-0.880047
2.97483,-5.00934,1.69416,-0.870174
2.98146,-5.0385,1.70484,-0.895804
2.99508,-5.0874,1.71964,-0.956802
2.99555,-5.0891,1.72014,-0.959155
3.01214,-5.14996,1.73855,-1.05486
3.02933,-5.21542,1.75934,-1.18016
3.04458,-5.2788,1.78032,-1.32141
3.04499,-5.28065,1.78094,-1.32579
3.05752,-5.34076,1.80147,-1.47633
3.06891,-5.4051,1.82415,-1.65487
3.06918,-5.40676,1.82475,-1.65979
3.07752,-5.45882,1.84468,-1.82446
3.08657,-5.50916,1.8652,-1.99791
3.09978,-5.57051,1.89236,-2.23098
3.1001,-5.57179,1.89296,-2.23618
3.11593,-5.62337,1.91858,-2.46016
3.11635,-5.6245,1.91918,-2.46538
3.13539,-5.6668,1.94245,-2.66936
3.13648,-5.66888,1.94364,-2.67981
3.18302,-5.72902,1.98152,-3.11908
3.18329,-5.72902,1.98165,-3.12248
3.18356,-5.72902,1.98178,-3.12586
3.18382,-5.729,1.98191,-3.12921
3.19117,-5.72391,1.98453,3.04449
3.18871,-5.72444,1.97707,2.96972
3.18835,-5.72464,1.97666,2.96826
3.16062,-5.73977,1.9531,2.93059
3.11427,-5.76506,1.91935,2.926
3.1129,-5.76581,1.91838,2.92624
3.0534,-5.79881,1.87609,2.94862
2.98899,-5.83553,1.83047,2.99075
2.98746,-5.83642,1.82939,2.99191
2.92052,-5.87634,1.78176,3.04823
2.919,-5.87727,1.78068,3.04959
2.85431,-5.91748,1.73445,3.11063
2.85281,-5.91843,1.73337,3.11209
2.79076,-5.95821,1.68895,-3.11045
2.72642,-6.00042,1.6428,-3.04652
2.72494,-6.0014,1.64173,-3.04503
2.66885,-6.03859,1.60132,-2.98905
2.6674,-6.03957,1.60027,-2.98759
2.60822,-6.07915,1.55707,-2.9281
2.5436,-6.12253,1.51081,-2.86439
2.54224,-6.12345,1.50991,-2.86305
2.48876,-6.16195,1.47409,-2.79727
2.4883,-6.16233,1.47374,-2.79636
2.48784,-6.16271,1.4734,-2.79546
2.47593,-6.17351,1.4626,-2.76251
2.44732,-6.1783,1.45103,-2.74956
2.44624,-6.17833,1.45072,-2.74955
2.38876,-6.1761,1.43696,-2.75886
2.38705,-6.17596,1.4366,-2.75933
2.31067,-6.16818,1.42126,-2.78701
2.29706,-6.16655,1.41864,-2.79317
2.22242,-6.15685,1.40427,-2.83246
2.13867,-6.14505,1.38812,-2.8843
2.13667,-6.14475,1.38773,-2.8856
2.04095,-6.13002,1.36907,-2.95128
2.03895,-6.1297,1.36868,-2.95269
1.94764,-6.11463,1.35079,-3.01873
1.94564,-6.1143,1.3504,-3.02019
1.85221,-6.09826,1.33192,-3.08885
1.85023,-6.09791,1.33153,-3.09031
1.76547,-6.08302,1.31469,3.13004
1.68475,-6.06875,1.29849,3.07023
1.68279,-6.0684,1.2981,3.06878
1.61079,-6.05553,1.28368,3.01533
1.60888,-6.05519,1.2833,3.01392
1.50545,-6.03249,1.26425,2.9124
1.50507,-6.03238,1.26416,2.91166
1.50469,-6.03227,1.26406,2.91092
1.48854,-6.03353,1.25969,2.89421
1.48781,-6.03377,1.2595,2.89392
1.4499,-6.05359,1.25057,2.89425
1.39645,-6.09164,1.23882,2.91616
1.39497,-6.09278,1.2385,2.91699
1.3213,-6.15138,1.22255,2.96816
1.31967,-6.1527,1.2222,2.96947
1.25024,-6.21018,1.20723,3.03259
1.24862,-6.21154,1.20688,3.03419
1.17487,-6.27412,1.19076,3.11193
1.09846,-6.34084,1.17397,-3.08439
1.09689,-6.34224,1.17363,-3.08255
1.014,-6.41682,1.15513,-2.98371
1.01244,-6.41824,1.15478,-2.98183
0.930759,-6.49318,1.13619,-2.88246
0.929239,-6.49459,1.13584,-2.88059
0.927718,-6.496,1.13549,-2.87871
0.845576,-6.57237,1.11646,-2.77765
0.844049,-6.57379,1.1161,-2.77577
0.770994,-6.64285,1.09969,-2.68542
0.727549,-6.6892,1.09048,-2.60508
0.727234,-6.68961,1.0904,-2.60399
0.726931,-6.69001,1.09033,-2.60291
0.71971,-6.70119,1.08822,-2.56233
0.719518,-6.70139,1.0882,-2.56141
0.680996,-6.71311,1.0877,-2.49383
0.679786,-6.71333,1.08772,-2.4922
0.602752,-6.72341,1.08998,-2.38793
0.601062,-6.72358,1.09005,-2.3855
0.513588,-6.73076,1.09443,-2.24433
0.51188,-6.73087,1.09452,-2.24128
0.437181,-6.73519,1.09872,-2.09514
0.43556,-6.73527,1.09881,-2.09173
0.367134,-6.73771,1.1027,-1.93963
0.365569,-6.73775,1.10279,-1.93601
0.318069,-6.73839,1.10538,-1.822
0.265464,-6.73719,1.1084,-1.69015
0.263967,-6.73713,1.10848,-1.68634
0.207125,-6.73334,1.11173,-1.54084
0.155407,-6.72753,1.11458,-1.40604
0.103318,-6.71904,1.1175,-1.27054
0.101832,-6.71876,1.11758,-1.26667
0.0420472,-6.70615,1.12076,-1.11189
0.0405521,-6.7058,1.12084,-1.10803
-0.0574071,-6.67342,1.12386,-0.792029
-0.0576562,-6.67316,1.12384,-0.789723
-0.0578937,-6.6729,1.12382,-0.787437
-0.05812,-6.67264,1.12379,-0.785171
-0.0617799,-6.66138,1.1267,-0.696389
-0.0618523,-6.66111,1.12701,-0.694776
-0.0672779,-6.64267,1.15862,-0.629095
-0.0674092,-6.64213,1.15968,-0.627817
-0.0738812,-6.60834,1.23121,-0.567412
-0.0740042,-6.60758,1.23288,-0.566294
-0.0819507,-6.55741,1.34502,-0.499403
-0.0820809,-6.55659,1.34691,-0.498345
-0.0899073,-6.50714,1.46221,-0.434414
-0.0900372,-6.50631,1.46414,-0.433339
-0.0901671,-6.50549,1.46606,-0.432264
-0.0979432,-6.45629,1.58012,-0.367187
-0.0980711,-6.45547,1.582,-0.366092
-0.105616,-6.40804,1.69128,-0.301851
-0.105749,-6.40722,1.69317,-0.300732
-0.106547,-6.40228,1.70454,-0.294004
-0.113574,-6.36016,1.8004,-0.236618
-0.113715,-6.35934,1.80226,-0.235491
-0.121431,-6.31562,1.90139,-0.175546
-0.12158,-6.31479,1.90324,-0.174417
-0.128858,-6.27782,1.98252,-0.123468
-0.129016,-6.27715,1.98389,-0.122475
-0.136054,-6.25083,2.0352,-0.0744513
-0.136117,-6.25059,2.03564,-0.0738232
-0.137536,-6.24305,2.04984,-0.0520779
-0.137605,-6.24287,2.05011,-0.0519061
-0.155594,-6.22943,2.06062,-0.0655053
-0.15645,-6.22895,2.06085,-0.0663674
-0.212167,-6.20044,2.06934,-0.133947
-0.213659,-6.19973,2.06949,-0.13599
-0.281537,-6.16951,2.07448,-0.240649
-0.283247,-6.16881,2.07458,-0.243548
-0.360901,-6.13974,2.07826,-0.384918
-0.443418,-6.11311,2.08163,-0.547805
-0.445345,-6.11251,2.08171,-0.551687
-0.541206,-6.08294,2.08554,-0.744862
-0.543264,-6.0823,2.08562,-0.748998
-0.655576,-6.04645,2.09025,-0.974751
-0.65768,-6.04577,2.09034,-0.978971
-0.768119,-6.00828,2.09503,-1.19599
-0.770342,-6.00748,2.09513,-1.20027
-0.958912,-5.93187,2.10314,-1.55692
-0.961218,-5.93085,2.10324,-1.56123
-0.963524,-5.92982,2.10333,-1.56553
-0.965829,-5.9288,2.10342,-1.56984
-1.12323,-5.85102,2.10794,-1.9081
-1.12405,-5.85061,2.10793,-1.91083
-1.12486,-5.85021,2.10793,-1.91355
-1.14352,-5.84114,2.10811,-1.98812
-1.14401,-5.84092,2.10817,-1.9903
-1.17173,-5.83825,2.11774,-2.08133
-1.17263,-5.83846,2.11815,-2.08348
-1.22786,-5.86171,2.1445,-2.18878
-1.30817,-5.90713,2.19042,-2.33101
-1.30972,-5.90805,2.19137,-2.3339
-1.31126,-5.90897,2.19233,-2.3368
-1.38387,-5.95294,2.2397,-2.48371
-1.463,-6.00036,2.294,-2.66384
-1.46445,-6.00122,2.29501,-2.6673
-1.4659,-6.00208,2.29601,-2.67075
-1.55143,-6.05127,2.35574,-2.8832
-1.55283,-6.05207,2.35673,-2.88681
-1.63862,-6.10133,2.41963,-3.1206
-1.63989,-6.10207,2.42061,-3.12427
-1.64115,-6.10281,2.42159,-3.12795
-1.78849,-6.19727,2.54345,2.67358
-1.78916,-6.19772,2.54405,2.6705
-1.78981,-6.19816,2.54464,2.66744
-1.79045,-6.19859,2.54522,2.6644
-1.79107,-6.19901,2.5458,2.66138
-1.80049,-6.20271,2.56777,2.42773
-1.80041,-6.20259,2.56774,2.4269
-1.80032,-6.20248,2.56772,2.42609
-1.80024,-6.20236,2.56769,2.42529
-1.80016,-6.20225,2.56767,2.4245
-1.81062,-6.19986,2.56346,2.40922
-1.8114,-6.19998,2.5633,2.40986
-1.9445,-6.23102,2.53868,2.55539
-1.94652,-6.23155,2.53831,2.55804
-1.94855,-6.2321,2.53795,2.5607
-1.95058,-6.23264,2.53758,2.56339
-1.95262,-6.23319,2.53721,2.56609
-2.10489,-6.27671,2.50913,2.79865
-2.10703,-6.27738,2.50872,2.8023
-2.11131,-6.27871,2.50792,2.80963
-2.25694,-6.32956,2.47985,3.08148
-2.25895,-6.33033,2.47945,3.08552
-2.26295,-6.33188,2.47865,3.09361
-2.38639,-6.38293,2.45305,-2.92544
-2.38826,-6.38375,2.45265,-2.92125
-2.39013,-6.38456,2.45224,-2.91706
-2.50924,-6.43852,2.4255,-2.6356
-2.51094,-6.43929,2.4251,-2.63138
-2.61791,-6.48802,2.39906,-2.35405
-2.61947,-6.48871,2.39867,-2.34988
-2.67922,-6.51707,2.38394,-2.1766
-2.68022,-6.51761,2.38368,-2.17302
-2.68119,-6.51814,2.38343,-2.16945
-2.68559,-6.54422,2.37103,-1.83505
-2.68559,-6.54423,2.37103,-1.83511
-2.6859,-6.54425,2.37091,-1.83616
-2.68596,-6.54424,2.37089,-1.83612
-2.68603,-6.54424,2.37086,-1.83607
-2.68611,-6.54423,2.37083,-1.83603
-2.6862,-6.54422,2.3708,-1.83598
-2.6863,-6.54421,2.37077,-1.83593
-2.68641,-6.54419,2.37073,-1.83588
-2.68652,-6.54417,2.3707,-1.83582
-2.68665,-6.54414,2.37066,-1.83576
-2.68679,-6.54411,2.37062,-1.8357
-2.69482,-6.53876,2.3687,-1.83364
-2.69527,-6.53832,2.3686,-1.83355
-2.69573,-6.53785,2.3685,-1.83347
-2.69621,-6.53737,2.36841,-1.83338
-2.69669,-6.53686,2.36831,-1.8333
-2.71321,-6.51574,2.36487,-1.83154
-2.73987,-6.47493,2.35895,-1.83186
-2.77019,-6.42412,2.35152,-1.83541
-2.77117,-6.42246,2.35127,-1.83557
-2.80183,-6.36952,2.34319,-1.84209
-2.83294,-6.31532,2.3347,-1.85124
-2.86716,-6.25515,2.32544,-1.8636
-2.9305,-6.1442,2.3086,-1.89101
-2.93149,-6.14246,2.30835,-1.89147
-2.93249,-6.14071,2.30809,-1.89192
-2.96326,-6.08665,2.30022,-1.90639
-2.99628,-6.02897,2.29186,-1.92223
-2.99729,-6.0272,2.29161,-1.92271
-3.05697,-5.92273,2.27664,-1.95158
-3.05798,-5.92094,2.27638,-1.95208
-3.09076,-5.8635,2.26823,-1.96787
-3.12237,-5.80821,2.26032,-1.98314
-3.12339,-5.80643,2.26007,-1.98363
-3.19125,-5.69019,2.24209,-2.02559
-3.19141,-5.68996,2.24201,-2.0258
-3.19157,-5.68972,2.24193,-2.026
-3.19173,-5.68949,2.24185,-2.0262
-3.19789,-5.68296,2.23696,-2.02761
-3.21224,-5.67925,2.2237,-2.0178
-3.21296,-5.67923,2.22305,-2.01721
-3.24083,-5.68273,2.1977,-1.9905
-3.28124,-5.69453,2.15957,-1.94141
-3.32288,-5.7101,2.11793,-1.87821
-3.3241