3.46988,3.59295,0.793868,-3.09354
3.45616,3.57874,0.790729,-3.08131
3.44244,3.56453,0.787589,-3.06907
3.42871,3.55032,0.78445,-3.05684
3.41499,3.53611,0.781311,-3.04461
3.40127,3.52191,0.778171,-3.03237
3.38755,3.5077,0.775032,-3.02014
3.37383,3.49349,0.771893,-3.00791
3.36011,3.47928,0.768754,-2.99567
3.34639,3.46507,0.765614,-2.98344
3.33266,3.45087,0.762475,-2.97121
3.31894,3.43666,0.759336,-2.95897
3.30522,3.42245,0.756196,-2.94674
3.2915,3.40824,0.753057,-2.93451
3.27778,3.39403,0.749918,-2.92227
3.26406,3.37983,0.746779,-2.91004
3.25034,3.36562,0.743639,-2.89781
3.23662,3.35141,0.7405,-2.88558
3.22289,3.3372,0.737361,-2.87334
3.20917,3.32299,0.734221,-2.86111
3.19545,3.30878,0.731082,-2.84888
3.18173,3.29458,0.727943,-2.83664
3.16801,3.28037,0.724804,-2.82441
3.15429,3.26616,0.721664,-2.81218
3.14057,3.25195,0.718525,-2.79994
3.12684,3.23774,0.715386,-2.78771
3.11312,3.22354,0.712246,-2.77548
3.0994,3.20933,0.709107,-2.76324
3.08568,3.19512,0.705968,-2.75101
3.07196,3.18091,0.702828,-2.73878
3.05824,3.1667,0.699689,-2.72654
3.04452,3.1525,0.69655,-2.71431
3.03079,3.13829,0.693411,-2.70208
3.01707,3.12408,0.690271,-2.68984
3.00335,3.10987,0.687132,-2.67761
2.98963,3.09566,0.683993,-2.66538
2.97591,3.08146,0.680853,-2.65314
2.96219,3.06725,0.677714,-2.64091
2.94847,3.05304,0.674575,-2.62868
2.93474,3.03883,0.671436,-2.61645
2.92102,3.02462,0.668296,-2.60421
2.9073,3.01042,0.665157,-2.59198
2.89358,2.99621,0.662018,-2.57975
2.87986,2.982,0.658878,-2.56751
2.86614,2.96779,0.655739,-2.55528
2.85242,2.95358,0.6526,-2.54305
2.8387,2.93938,0.64946,-2.53081
2.82497,2.92517,0.646321,-2.51858
2.81125,2.91096,0.643182,-2.50635
2.79753,2.89675,0.640043,-2.49411
2.78381,2.88254,0.636903,-2.48188
2.77009,2.86834,0.633764,-2.46965
2.75637,2.85413,0.630625,-2.45741
2.74265,2.83992,0.627485,-2.44518
2.72892,2.82571,0.624346,-2.43295
2.7152,2.8115,0.621207,-2.42071
2.70148,2.7973,0.618068,-2.40848
2.68776,2.78309,0.614928,-2.39625
2.67404,2.76888,0.611789,-2.38401
2.66032,2.75467,0.60865,-2.37178
2.6466,2.74046,0.60551,-2.35955
2.63287,2.72626,0.602371,-2.34732
2.61915,2.71205,0.599232,-2.33508
2.60543,2.69784,0.596092,-2.32285
2.59171,2.68363,0.592953,-2.31062
2.57799,2.66942,0.589814,-2.29838
2.56427,2.65522,0.586675,-2.28615
2.55055,2.64101,0.583535,-2.27392
2.53682,2.6268,0.580396,-2.26168
2.5231,2.61259,0.577257,-2.24945
2.50938,2.59838,0.574117,-2.23722
2.49566,2.58417,0.570978,-2.22498
2.48194,2.56997,0.567839,-2.21275
2.46822,2.55576,0.5647,-2.20052
2.4545,2.54155,0.56156,-2.18828
2.44077,2.52734,0.558421,-2.17605
2.42705,2.51313,0.555282,-2.16382
2.41333,2.49893,0.552142,-2.15158
2.39961,2.48472,0.549003,-2.13935
2.38589,2.47051,0.545864,-2.12712
2.37217,2.4563,0.542725,-2.11489
2.35845,2.44209,0.539585,-2.10265
2.34473,2.42789,0.536446,-2.09042
2.331,2.41368,0.533307,-2.07819
2.31728,2.39947,0.530167,-2.06595
2.30356,2.38526,0.527028,-2.05372
2.28984,2.37105,0.523889,-2.04149
2.27612,2.35685,0.520749,-2.02925
2.2624,2.34264,0.51761,-2.01702
2.24868,2.32843,0.514471,-2.00479
2.23495,2.31422,0.511332,-1.99255
2.22123,2.30001,0.508192,-1.98032
2.20751,2.28581,0.505053,-1.96809
2.19379,2.2716,0.501914,-1.95585
2.18007,2.25739,0.498774,-1.94362
2.16635,2.24318,0.495635,-1.93139
2.15263,2.22897,0.492496,-1.91915
2.1389,2.21477,0.489357,-1.90692
2.12518,2.20056,0.486217,-1.89469
2.11146,2.18635,0.483078,-1.88245
2.09774,2.17214,0.479939,-1.87022
2.08402,2.15793,0.476799,-1.85799
2.0703,2.14373,0.47366,-1.84576
2.05658,2.12952,0.470521,-1.83352
2.04285,2.11531,0.467381,-1.82129
2.02913,2.1011,0.464242,-1.80906
2.01541,2.08689,0.461103,-1.79682
2.00169,2.07269,0.457964,-1.78459
1.98797,2.05848,0.454824,-1.77236
1.97425,2.04427,0.451685,-1.76012
1.96053,2.03006,0.448546,-1.74789
1.94681,2.01585,0.445406,-1.73566
1.93308,2.00165,0.442267,-1.72342
1.91936,1.98744,0.439128,-1.71119
1.90564,1.97323,0.435989,-1.69896
1.89192,1.95902,0.432849,-1.68672
1.8782,1.94481,0.42971,-1.67449
1.86448,1.9306,0.426571,-1.66226
1.85076,1.9164,0.423431,-1.65002
1.83703,1.90219,0.420292,-1.63779
1.82331,1.88798,0.417153,-1.62556
1.80959,1.87377,0.414013,-1.61332
1.79587,1.85956,0.410874,-1.60109
1.78215,1.84536,0.407735,-1.58886
1.76843,1.83115,0.404596,-1.57663
1.75471,1.81694,0.401456,-1.56439
1.74098,1.80273,0.398317,-1.55216
1.72726,1.78852,0.395178,-1.53993
1.71354,1.77432,0.392038,-1.52769
1.69982,1.76011,0.388899,-1.51546
1.6861,1.7459,0.38576,-1.50323
1.67238,1.73169,0.382621,-1.49099
1.65866,1.71748,0.379481,-1.47876
1.64493,1.70328,0.376342,-1.46653
1.63121,1.68907,0.373203,-1.45429
1.61749,1.67486,0.370063,-1.44206
1.60377,1.66065,0.366924,-1.42983
1.59005,1.64644,0.363785,-1.41759
1.57633,1.63224,0.360646,-1.40536
1.56261,1.61803,0.357506,-1.39313
1.54889,1.60382,0.354367,-1.38089
1.53516,1.58961,0.351228,-1.36866
1.52144,1.5754,0.348088,-1.35643
1.50772,1.5612,0.344949,-1.3442
1.494,1.54699,0.34181,-1.33196
1.48028,1.53278,0.33867,-1.31973
1.46656,1.51857,0.335531,-1.3075
1.45284,1.50436,0.332392,-1.29526
1.43911,1.49016,0.329253,-1.28303
1.42539,1.47595,0.326113,-1.2708
1.41167,1.46174,0.322974,-1.25856
1.39795,1.44753,0.319835,-1.24633
1.38423,1.43332,0.316695,-1.2341
1.37051,1.41912,0.313556,-1.22186
1.35679,1.40491,0.310417,-1.20963
1.34306,1.3907,0.307278,-1.1974
1.32934,1.37649,0.304138,-1.18516
1.31562,1.36228,0.300999,-1.17293
1.3019,1.34808,0.29786,-1.1607
1.28818,1.33387,0.29472,-1.14846
1.27446,1.31966,0.291581,-1.13623
1.26074,1.30545,0.288442,-1.124
1.24701,1.29124,0.285302,-1.11176
1.23329,1.27703,0.282163,-1.09953
1.21957,1.26283,0.279024,-1.0873
1.20585,1.24862,0.275885,-1.07507
1.19213,1.23441,0.272745,-1.06283
1.17841,1.2202,0.269606,-1.0506
1.16469,1.20599,0.266467,-1.03837
1.15096,1.19179,0.263327,-1.02613
1.13724,1.17758,0.260188,-1.0139
1.12352,1.16337,0.257049,-1.00167
1.1098,1.14916,0.25391,-0.989433
1.09608,1.13495,0.25077,-0.9772
1.08236,1.12075,0.247631,-0.964967
1.06864,1.10654,0.244492,-0.952733
1.05492,1.09233,0.241352,-0.9405
1.04119,1.07812,0.238213,-0.928267
1.02747,1.06391,0.235074,-0.916034
1.01375,1.04971,0.231934,-0.903801
1.00003,1.0355,0.228795,-0.891568
0.986308,1.02129,0.225656,-0.879334
0.972587,1.00708,0.222517,-0.867101
0.958866,0.992874,0.219377,-0.854868
0.945144,0.978666,0.216238,-0.842635
0.931423,0.964458,0.213099,-0.830402
0.917701,0.95025,0.209959,-0.818168
0.90398,0.936042,0.20682,-0.805935
0.890259,0.921834,0.203681,-0.793702
0.876537,0.907626,0.200542,-0.781469
0.862816,0.893418,0.197402,-0.769236
0.849095,0.87921,0.194263,-0.757003
0.835373,0.865002,0.191124,-0.744769
0.821652,0.850794,0.187984,-0.732536
0.80793,0.836585,0.184845,-0.720303
0.794209,0.822377,0.181706,-0.70807
0.780488,0.808169,0.178567,-0.695837
0.766766,0.793961,0.175427,-0.683604
0.753045,0.779753,0.172288,-0.67137
0.739323,0.765545,0.169149,-0.659137
0.725602,0.751337,0.166009,-0.646904
0.711881,0.737129,0.16287,-0.634671
0.698159,0.722921,0.159731,-0.622438
0.684438,0.708713,0.156591,-0.610205
0.670717,0.694505,0.153452,-0.597971
0.656995,0.680297,0.150313,-0.585738
0.643274,0.666089,0.147174,-0.573505
0.629552,0.651881,0.144034,-0.561272
0.615831,0.637673,0.140895,-0.549039
0.60211,0.623465,0.137756,-0.536805
0.588388,0.609257,0.134616,-0.524572
0.574667,0.595049,0.131477,-0.512339
0.560946,0.580841,0.128338,-0.500106
0.547224,0.566633,0.125199,-0.487873
0.533503,0.552425,0.122059,-0.47564
0.519781,0.538217,0.11892,-0.463406
0.50606,0.524009,0.115781,-0.451173
0.492339,0.509801,0.112641,-0.43894
0.478617,0.495592,0.109502,-0.426707
0.464896,0.481384,0.106363,-0.414474
0.451174,0.467176,0.103223,-0.402241
0.437453,0.452968,0.100084,-0.390007
0.423732,0.43876,0.0969449,-0.377774
0.41001,0.424552,0.0938056,-0.365541
0.396289,0.410344,0.0906663,-0.353308
0.382568,0.396136,0.087527,-0.341075
0.368846,0.381928,0.0843877,-0.328841
0.355125,0.36772,0.0812484,-0.316608
0.341403,0.353512,0.0781091,-0.304375
0.327682,0.339304,0.0749698,-0.292142
0.313961,0.325096,0.0718305,-0.279909
0.300239,0.310888,0.0686912,-0.267676
0.286518,0.29668,0.065552,-0.255442
0.272796,0.282472,0.0624127,-0.243209
0.259075,0.268264,0.0592734,-0.230976
0.245354,0.254056,0.0561341,-0.218743
0.231632,0.239848,0.0529948,-0.20651
0.217911,0.22564,0.0498555,-0.194277
0.20419