-0.633118,-0.49967,0.802975,3.13889
-0.652176,-0.495264,0.807142,-3.09664
-0.671234,-0.490858,0.811308,-3.04899
-0.690293,-0.486451,0.815474,-3.00133
-0.709351,-0.482045,0.819641,-2.95368
-0.72841,-0.477639,0.823807,-2.90602
-0.747468,-0.473233,0.827974,-2.85836
-0.766527,-0.468826,0.83214,-2.81071
-0.785585,-0.46442,0.836307,-2.76305
-0.804644,-0.460014,0.840473,-2.7154
-0.823702,-0.455607,0.84464,-2.66774
-0.842761,-0.451201,0.848806,-2.62009
-0.861819,-0.446795,0.852973,-2.57243
-0.880878,-0.442389,0.857139,-2.52478
-0.899936,-0.437982,0.861306,-2.47712
-0.918995,-0.433576,0.865472,-2.42947
-0.938053,-0.42917,0.869639,-2.38181
-0.957112,-0.424764,0.873805,-2.33416
-0.97617,-0.420357,0.877971,-2.2865
-0.995228,-0.415951,0.882138,-2.23884
-1.01429,-0.411545,0.886304,-2.19119
-1.03335,-0.407139,0.890471,-2.14353
-1.0524,-0.402732,0.894637,-2.09588
-1.07146,-0.398326,0.898804,-2.04822
-1.09052,-0.39392,0.90297,-2.00057
-1.10958,-0.389514,0.907137,-1.95291
-1.12864,-0.385107,0.911303,-1.90526
-1.1477,-0.380701,0.91547,-1.8576
-1.16675,-0.376295,0.919636,-1.80995
-1.18581,-0.371889,0.923803,-1.76229
-1.20487,-0.367482,0.927969,-1.71464
-1.22393,-0.363076,0.932136,-1.66698
-1.24299,-0.35867,0.936302,-1.61932
-1.26205,-0.354263,0.940469,-1.57167
-1.28111,-0.349857,0.944635,-1.52401
-1.30016,-0.345451,0.948801,-1.47636
-1.31922,-0.341045,0.952968,-1.4287
-1.33828,-0.336638,0.957134,-1.38105
-1.35734,-0.332232,0.961301,-1.33339
-1.3764,-0.327826,0.965467,-1.28574
-1.39546,-0.32342,0.969634,-1.23808
-1.41451,-0.319013,0.9738,-1.19043
-1.43357,-0.314607,0.977967,-1.14277
-1.45263,-0.310201,0.982133,-1.09512
-1.47169,-0.305795,0.9863,-1.04746
-1.49075,-0.301388,0.990466,-0.999804
-1.50981,-0.296982,0.994633,-0.952149
-1.52887,-0.292576,0.998799,-0.904494
-1.54792,-0.28817,1.00297,-0.856838
-1.56698,-0.283763,1.00713,-0.809183
-1.58604,-0.279357,1.0113,-0.761527
-1.59049,-0.260052,1.00856,-0.79542
-1.59494,-0.240746,1.00582,-0.829313
-1.59939,-0.221441,1.00309,-0.863206
-1.60385,-0.202136,1.00035,-0.897099
-1.6083,-0.182831,0.997611,-0.930992
-1.61275,-0.163525,0.994873,-0.964886
-1.6172,-0.14422,0.992135,-0.998779
-1.62165,-0.124915,0.989398,-1.03267
-1.6261,-0.10561,0.98666,-1.06656
-1.63055,-0.0863044,0.983923,-1.10046
-1.635,-0.0669991,0.981185,-1.13435
-1.63945,-0.0476938,0.978448,-1.16824
-1.64391,-0.0283886,0.97571,-1.20214
-1.64836,-0.0090833,0.972973,-1.23603
-1.65281,0.010222,0.970235,-1.26992
-1.65726,0.0295272,0.967497,-1.30382
-1.66171,0.0488325,0.96476,-1.33771
-1.66616,0.0681378,0.962022,-1.3716
-1.67061,0.087443,0.959285,-1.40549
-1.67506,0.106748,0.956547,-1.43939
-1.67951,0.126054,0.95381,-1.47328
-1.68397,0.145359,0.951072,-1.50717
-1.68842,0.164664,0.948334,-1.54107
-1.69287,0.183969,0.945597,-1.57496
-1.69732,0.203275,0.942859,-1.60885
-1.70177,0.22258,0.940122,-1.64275
-1.70622,0.241885,0.937384,-1.67664
-1.71067,0.26119,0.934647,-1.71053
-1.71512,0.280496,0.931909,-1.74443
-1.71957,0.299801,0.929171,-1.77832
-1.72403,0.319106,0.926434,-1.81221
-1.72848,0.338411,0.923696,-1.8461
-1.73293,0.357717,0.920959,-1.88
-1.73738,0.377022,0.918221,-1.91389
-1.74183,0.396327,0.915484,-1.94778
-1.74628,0.415633,0.912746,-1.98168
-1.75073,0.434938,0.910008,-2.01557
-1.75518,0.454243,0.907271,-2.04946
-1.75963,0.473548,0.904533,-2.08336
-1.76409,0.492854,0.901796,-2.11725
-1.76854,0.512159,0.899058,-2.15114
-1.77299,0.531464,0.896321,-2.18503
-1.77744,0.550769,0.893583,-2.21893
-1.78189,0.570075,0.890845,-2.25282
-1.78634,0.58938,0.888108,-2.28671
-1.79079,0.608685,0.88537,-2.32061
-1.79524,0.62799,0.882633,-2.3545
-1.79969,0.647296,0.879895,-2.38839
-1.80415,0.666601,0.877158,-2.42229
-1.8086,0.685906,0.87442,-2.45618
-1.81823,0.70267,0.879529,-2.41688
-1.82787,0.719433,0.884638,-2.37758
-1.83751,0.736197,0.889746,-2.33827
-1.84715,0.75296,0.894855,-2.29897
-1.85679,0.769724,0.899964,-2.25967
-1.86642,0.786487,0.905073,-2.22037
-1.87606,0.803251,0.910181,-2.18107
-1.8857,0.820015,0.91529,-2.14176
-1.89534,0.836778,0.920399,-2.10246
-1.90497,0.853542,0.925508,-2.06316
-1.91461,0.870305,0.930616,-2.02386
-1.92425,0.887069,0.935725,-1.98456
-1.93389,0.903832,0.940834,-1.94526
-1.94352,0.920596,0.945943,-1.90595
-1.95316,0.937359,0.951051,-1.86665
-1.9628,0.954123,0.95616,-1.82735
-1.97244,0.970886,0.961269,-1.78805
-1.98207,0.98765,0.966378,-1.74875
-1.99171,1.00441,0.971486,-1.70945
-2.00135,1.02118,0.976595,-1.67014
-2.01099,1.03794,0.981704,-1.63084
-2.02063,1.0547,0.986813,-1.59154
-2.03026,1.07147,0.991921,-1.55224
-2.0399,1.08823,0.99703,-1.51294
-2.04954,1.10499,1.00214,-1.47364
-2.05918,1.12176,1.00725,-1.43433
-2.06881,1.13852,1.01236,-1.39503
-2.07845,1.15529,1.01746,-1.35573
-2.08809,1.17205,1.02257,-1.31643
-2.09773,1.18881,1.02768,-1.27713
-2.10736,1.20558,1.03279,-1.23783
-2.117,1.22234,1.0379,-1.19852
-2.12664,1.2391,1.04301,-1.15922
-2.13628,1.25587,1.04812,-1.11992
-2.14591,1.27263,1.05323,-1.08062
-2.15555,1.28939,1.05833,-1.04132
-2.16519,1.30616,1.06344,-1.00201
-2.17483,1.32292,1.06855,-0.962713
-2.18447,1.33968,1.07366,-0.923411
-2.1941,1.35645,1.07877,-0.88411
-2.20374,1.37321,1.08388,-0.844808
-2.21338,1.38997,1.08899,-0.805506
-2.22302,1.40674,1.0941,-0.766204
-2.23265,1.4235,1.0992,-0.726903
-2.24229,1.44027,1.10431,-0.687601
-2.25193,1.45703,1.10942,-0.648299
-2.26157,1.47379,1.11453,-0.608998
-2.2712,1.49056,1.11964,-0.569696
-2.28084,1.50732,1.12475,-0.530394
-2.29048,1.52408,1.12986,-0.491092
-2.30387,1.53821,1.13443,-0.541919
-2.31727,1.55234,1.13901,-0.592746
-2.33066,1.56648,1.14359,-0.643573
-2.34405,1.58061,1.14817,-0.6944
-2.35745,1.59474,1.15274,-0.745227
-2.37084,1.60887,1.15732,-0.796054
-2.38423,1.623,1.1619,-0.846881
-2.39762,1.63713,1.16647,-0.897708
-2.41102,1.65126,1.17105,-0.948535
-2.42441,1.66539,1.17563,-0.999362
-2.4378,1.67952,1.1802,-1.05019
-2.4512,1.69365,1.18478,-1.10102
-2.46459,1.70778,1.18936,-1.15184
-2.47798,1.72191,1.19394,-1.20267
-2.49138,1.73604,1.19851,-1.2535
-2.50477,1.75017,1.20309,-1.30432
-2.51816,1.7643,1.20767,-1.35515
-2.53156,1.77844,1.21224,-1.40598
-2.54495,1.79257,1.21682,-1.4568
-2.55834,1.8067,1.2214,-1.50763
-2.57173,1.82083,1.22597,-1.55846
-2.58513,1.83496,1.23055,-1.60929
-2.59852,1.84909,1.23513,-1.66011
-2.61191,1.86322,1.23971,-1.71094
-2.62531,1.87735,1.24428,-1.76177
-2.6387,1.89148,1.24886,-1.81259
-2.65209,1.90561,1.25344,-1.86342
-2.66549,1.91974,1.25801,-1.91425
-2.67888,1.93387,1.26259,-1.96507
-2.69227,1.948,1.26717,-2.0159
-2.70567,1.96213,1.27175,-2.06673
-2.71906,1.97626,1.27632,-2.11755
-2.73245,1.9904,1.2809,-2.16838
-2.74584,2.00453,1.28548,-2.21921
-2.75924,2.01866,1.29005,-2.27004
-2.77263,2.03279,1.29463,-2.32086
-2.78602,2.04692,1.29921,-2.37169
-2.79942,2.06105,1.30378,-2.42252
-2.81281,2.07518,1.30836,-2.47334
-2.8262,2.08931,1.31294,-2.52417
-2.8396,2.10344,1.31752,-2.575
-2.85299,2.11757,1.32209,-2.62582
-2.86638,2.1317,1.32667,-2.67665
-2.87978,2.14583,1.33125,-2.72748
-2.89317,2.15996,1.33582,-2.77831
-2.90656,2.17409,1.3404,-2.82913
-2.91995,2.18823,1.34498,-2.87996
-2.93335,2.20236,1.34955,-2.93079
-2.94674,2.21649,1.35413,-2.98161
-2.96013,2.23062,1.35871,-3.03244
-2.96963,2.22217,1.37415,-3.09122
-2.97912,2.21372,1.3896,3.13319
-2.98861,2.20528,1.40504,3.07442
-2.9981,2.19683,1.42049,3.01564
-3.00759,2.18838,1.43594,2.95687
-3.01708,2.17994,1.45138,2.89809
-3.02658,2.17149,1.46683,2.83932
-3.03607,2.16304,1.48227,2.78054
-3.04556,2.1546,1.49772,2.72177
-3.05505,2.14615,1.51316,2.66299
-3.06454,2.1377,1.52861,2.60422
-3.07403,2.12926,1.54405,2.54544
-3.08353,2.12081,1.5595,2.48667
-3.09302,2.11236,1.57494,2.42789
-3.10251,2.10392,1.59039,2.36912
-3.112,2.09547,1.60584,2.31034
-3.12149,2.08702,1.62128,2.25156
-3.13098,2.07858,1.63673,2.19279
-3.14048,2.07013,1.65217,2.13401
-3.14997,2.06168,1.66762,2.07524
-3.15946,2.05324,1.68306,2.01646
-3.16895,2.04479,1.69851,1.95769
-3.17844,2.03634,1.71395,1.89891
-3.18793,2.0279,1.7294,1.84014
-3.19743,2.01945,1.74484,1.78136
-3.20692,2.011,1.76029,1.72259
-3.21641,2.00256,1.77573,1.66381
-3.2259,1.99411,1.79118,1.60504
-3.23539,1.98566,1.80663,1.54626
-3.24488,1.97721,1.82207,1.48749
-3.25438,1.96877,1.83752,1.42871
-3.26387,1.96032,1.85296,1.36993
-3.27336,1.95187,1.86841,1.31116
-3.28285,1.94343,1.88385,1.25238
-3.2903,1.9368,1.89597,1.20627
-3.30235,1.92329,1.88747,1.1814
-3.3144,1.90978,1.87897,1.15654
-3.32645,1.89627,1.87046,1.13167
-3.3385,1.88276,1.86196,1.1068
-3.35055,1.86925,1.85346,1.08193
-3.3626,1.85574,1.84496,1.05707
-3.37465,1.84223,1.83646,1.0322
-3.3867,1.82872,1.82795,1.00733
-3.39875,1.81521,1.81945,0.982464
-3.41079,1.8017,1.81095,0.957596
-3.42284,1.78819,1.80245,0.932729
-3.43489,1.77468,1.79395,0.907861
-3.44694,1.76117,1.78544,0.882994
-3.45899,1.74766,1.77694,0.858127
-3.47104,1.73415,1.76844,0.833259
-3.48309,1.72064,1.75994,0.808392
-3.49514,1.70713,1.75144,0.783524
-3.50719,1.69362,1.74293,0.758657
-3.51924,1.68011,1.73443,0.73379
-3.53129,1.6666,1.72593,0.708922
-3.54334,1.65309,1.71743,0.684055
-3.55539,1.63958,1.70893,0.659188
-3.56744,1.62607,1.70042,0.63432
-3.57949,1.61256,1.69192,0.609453
-3.59154,1.59905,1.68342,0.584585
-3.60359,1.58554,1.67492,0.559718
-3.61564,1.57203,1.66642,0.534851
-3.62769,1.55852,1.65791,0.509983
-3.63974,1.54501,1.64941,0.485116
-3.65179,1.5315,1.64091,0.460248
-3.66384,1.51799,1.63241,0.435381
-3.67589,1.50448,1.62391,0.410514
-3.68794,1.49097,1.6154,0.385646
-3.69999,1.47746,1.6069,0.360779
-3.71204,1.46395,1.5984,0.335912
-3.72409,1.45044,1.5899,0.311044
-3.73614,1.43693,1.5814,0.286177
-3.74819,1.42342,1.57289,0.261309
-3.76024,1.40991,1.56439,0.236442
-3.77229,1.3964,1.55589,0.211575
-3.78434,1.38289,1.54739,0.186707
-3.79639,1.36938,1.53889,0.16184
-3.80843,1.35587,1.53038,0.136973
-3.82048,1.34236,1.52188,0.112105
-3.83253,1.32885,1.51338,0.0872378
-3.84458,1.31534,1.50488,0.0623704
-3.85663,1.30183,1.49638,0.037503
-3.86868,1.28832,1.48787,0.0126356
-3.88073,1.27481,1.47937,-0.0122318
-3.89278,1.2613,1.47087,-0.0370991
-3.90635,1.27502,1.47612,-0.0042718
-3.91993,1.28874,1.48137,0.0285555
-3.9335,1.30246,1.48662,0.0613829
-3.94707,1.31618,1.49186,0.0942102
-3.96064,1.3299,1.49711,0.127038
-3.97422,1.34362,1.50236,0.159865
-3.98779,1.35734,1.50761,0.192692
-4.00136,1.37106,1.51286,0.22552
-4.01493,1.38478,1.51811,0.258347
-4.02851,1.3985,1.52335,0.291174
-4.04208,1.41222,1.5286,0.324002
-4.05565,1.42594,1.53385,0.356829
-4.06922,1.43966,1.5391,0.389656
-4.08279,1.45338,1.54435,0.422484
-4.09637,1.46711,1.5496,0.455311
-4.10994,1.48083,1.55484,0.488138
-4.12351,1.49455,1.56009,0.520966
-4.13708,1.50827,1.56534,0.553793
-4.15066,1.52199,1.57059,0.58662
-4.16423,1.53571,1.57584,0.619448
-4.1778,1.54943,1.58109,0.652275
-4.19137,1.56315,1.58633,0.685102
-4.20494,1.57687,1.59158,0.71793
-4.21852,1.59059,1.59683,0.750757
-4.23209,1.60431,1.60208,0.783585
-4.24566,1.61803,1.60733,0.816412
-4.25923,1.63175,1.61258,0.849239
-4.27281,1.64547,1.61782,0.882067
-4.28638,1.65919,1.62307,0.914894
-4.29995,1.67291,1.62832,0.947721
-4.31352,1.68663,1.63357,0.980549
-4.32709,1.70035,1.63882,1.01338
-4.34067,1.71407,1.64407,1.0462
-4.35424,1.72779,1.64931,1.07903
-4.36781,1.74151,1.65456,1.11186
-4.38138,1.75523,1.65981,1.14469
-4.39496,1.76895,1.66506,1.17751
-4.40853,1.78267,1.67031,1.21034
-4.4221,1.79639,1.67555,1.24317
-4.43567,1.81011,1.6808,1.27599
-4.44925,1.82384,1.68605,1.30882
-4.46282,1.83756,1.6913,1.34165
-4.47639,1.85128,1.69655,1.37448
-4.48996,1.865,1.7018,1.4073
-4.50353,1.87872,1.70704,1.44013
-4.51711,1.89244,1.71229,1.47296
-4.53068,1.90616,1.71754,1.50579
-4.54425,1.91988,1.72279,1.53861
-4.55782,1.9336,1.72804,1.57144
-4.5714,1.94732,1.73329,1.60427
-4.57585,1.96651,1.73672,1.57413
-4.5803,1.9857,1.74015,1.544
-4.58476,2.0049,1.74359,1.51386
-4.58921,2.02409,1.74702,1.48373
-4.59367,2.04328,1.75045,1.45359
-4.59812,2.06248,1.75388,1.42345
-4.60258,2.08167,1.75732,1.39332
-4.60703,2.10086,1.76075,1.36318
-4.61149,2.12006,1.76418,1.33305
-4.61594,2.13925,1.76762,1.30291
-4.6204,2.15844,1.77105,1.27278
-4.62485,2.17763,1.77448,1.24264
-4.62931,2.19683,1.77792,1.21251
-4.63376,2.21602,1.78135,1.18237
-4.63822,2.23521,1.78478,1.15223
-4.64267,2.25441,1.78821,1.1221
-4.64713,2.2736,1.79165,1.09196
-4.65158,2.29279,1.79508,1.06183
-4.65603,2.31199,1.79851,1.03169
-4.66049,2.33118,1.80195,1.00156
-4.66494,2.35037,1.80538,0.971421
-4.6694,2.36956,1.80881,0.941285
-4.67385,2.38876,1.81224,0.91115
-4.67831,2.40795,1.81568,0.881014
-4.68276,2.42714,1.81911,0.850878
-4.68722,2.44634,1.82254,0.820743
-4.69167,2.46553,1.82598,0.790607
-4.69613,2.48472,1.82941,0.760472
-4.70058,2.50392,1.83284,0.730336
-4.70504,2.52311,1.83628,0.7002
-4.70949,2.5423,1.83971,0.670065
-4.71395,2.56149,1.84314,0.639929
-4.7184,2.58069,1.84657,0.609794
-4.72285,2.59988,1.85001,0.579658
-4.72731,2.61907,1.85344,0.549522
-4.73176,2.63827,1.85687,0.519387
-4.73622,2.65746,1.86031,0.489251
-4.74067,2.67665,1.86374,0.459116
-4.74513,2.69584,1.86717,0.42898
-4.74958,2.71504,1.87061,0.398845
-4.75404,2.73423,1.87404,0.368709
-4.75849,2.75342,1.87747,0.338573
-4.76295,2.77262,1.8809,0.308438
-4.7674,2.79181,1.88434,0.278302
-4.77186,2.811,1.88777,0.248167
-4.77631,2.8302,1.8912,0.218031
-4.78077,2.84939,1.89464,0.187895
-4.78522,2.86858,1.89807,0.15776
-4.78968,2.88777,1.9015,0.127624
-4.79413,2.90697,1.90494,0.0974886
-4.80781,2.91652,1.8939,0.0707243
-4.82149,2.92606,1.88287,0.04396
-4.83517,2.93561,1.87183,0.0171957
-4.84884,2.94516,1.8608,-0.00956864
-4.86252,2.95471,1.84977,-0.0363329
-4.8762,2.96425,1.83873,-0.0630973
-4.88988,2.9738,1.8277,-0.0898616
-4.90356,2.98335,1.81667,-0.116626
-4.91724,2.9929,1.80563,-0.14339
-4.93091,3.00245,1.7946,-0.170154
-4.94459,3.01199,1.78357,-0.196919
-4.95827,3.02154,1.77253,-0.223683
-4.97195,3.03109,1.7615,-0.250447
-4.98563,3.04064,1.75047,-0.277212
-4.99931,3.05019,1.73943,-0.303976
-5.01299,3.05973,1.7284,-0.33074
-5.02666,3.06928,1.71737,-0.357505
-5.04034,3.07883,1.70633,-0.384269
-5.05402,3.08838,1.6953,-0.411033
-5.0677,3.09792,1.68427,-0.437798
-5.08138,3.10747,1.67323,-0.464562
-5.09506,3.11702,1.6622,-0.491326
-5.10874,3.12657,1.65117,-0.518091
-5.12241,3.13612,1.64013,-0.544855
-5.13609,3.14566,1.6291,-0.571619
-5.14977,3.15521,1.61807,-0.598383
-5.16345,3.16476,1.60703,-0.625148
-5.17713,3.17431,1.596,-0.651912
-5.19081,3.18385,1.58496,-0.678676
-5.20449,3.1934,1.57393,-0.705441
-5.21816,3.20295,1.5629,-0.732205
-5.23184,3.2125,1.55186,-0.758969
-5.24552,3.22205,1.54083,-0.785734
-5.2592,3.23159,1.5298,-0.812498
-5.27288,3.24114,1.51876,-0.839262
-5.28656,3.25069,1.50773,-0.866027
-5.30023,3.26024,1.4967,-0.892791
-5.31391,3.26978,1.48566,-0.919555
-5.32759,3.27933,1.47463,-0.946319
-5.34127,3.28888,1.4636,-0.973084
-5.35495,3.29843,1.45256,-0.999848
-5.36863,3.30798,1.44153,-1.02661
-5.38231,3.31752,1.4305,-1.05338
-5.39598,3.32707,1.41946,-1.08014
-5.40966,3.33662,1.40843,-1.10691
-5.42334,3.34617,1.3974,-1.13367
-5.43702,3.35572,1.38636,-1.16043
-5.4507,3.36526,1.37533,-1.1872
-5.46438,3.37481,1.3643,-1.21396
-5.47806,3.38436,1.35326,-1.24073
-5.4703,3.40119,1.36079,-1.21882
-5.46254,3.41802,1.36831,-1.19691
-5.45478,3.43484,1.37584,-1.175
-5.44703,3.45167,1.38336,-1.15309
-5.43927,3.4685,1.39089,-1.13118
-5.43151,3.48533,1.39842,-1.10927
-5.42375,3.50216,1.40594,-1.08736
-5.416,3.51898,1.41347,-1.06545
-5.40824,3.53581,1.42099,-1.04354
-5.40048,3.55264,1.42852,-1.02163
-5.39272,3.56947,1.43604,-0.999716
-5.38497,3.5863,1.44357,-0.977806
-5.37721,3.60313,1.4511,-0.955896
-5.36945,3.61995,1.45862,-0.933986
-5.3617,3.63678,1.46615,-0.912076
-5.35394,3.65361,1.47367,-0.890165
-5.34618,3.67044,1.4812,-0.868255
-5.33842,3.68727,1.48872,-0.846345
-5.33067,3.70409,1.49625,-0.824435
-5.32291,3.72092,1.50377,-0.802525
-5.31515,3.73775,1.5113,-0.780615
-5.30739,3.75458,1.51883,-0.758705
-5.29964,3.77141,1.52635,-0.736795
-5.29188,3.78824,1.53388,-0.714885
-5.28412,3.80506,1.5414,-0.692975
-5.27636,3.82189,1.54893,-0.671065
-5.26861,3.83872,1.55645,-0.649154
-5.26085,3.85555,1.56398,-0.627244
-5.25309,3.87238,1.57151,-0.605334
-5.24533,3.8892,1.57903,-0.583424
-5.23758,3.90603,1.58656,-0.561514
-5.22982,3.92286,1.59408,-0.539604
-5.22206,3.93969,1.60161,-0.517694
-5.21431,3.95652,1.60913,-0.495784
-5.20655,3.97335,1.61666,-0.473874
-5.19879,3.99017,1.62419,-0.451964
-5.19103,4.007,1.63171,-0.430054
-5.18328,4.02383,1.63924,-0.408144
-5.17552,4.04066,1.64676,-0.386233
-5.16776,4.05749,1.65429,-0.364323
-5.16,4.07431,1.66181,-0.342413
-5.15225,4.09114,1.66934,-0.320503
-5.14449,4.10797,1.67686,-0.298593
-5.13673,4.1248,1.68439,-0.276683
-5.12897,4.14163,1.69192,-0.254773
-5.12122,4.15846,1.69944,-0.232863
-5.11346,4.17528,1.70697,-0.210953
-5.1057,4.19211,1.71449,-0.189043
-5.09795,4.20894,1.72202,-0.167133
-5.09019,4.22577,1.72954,-0.145222
-5.07504,4.2385,1.72664,-0.123997
-5.05989,4.25123,1.72374,-0.102771
-5.04473,4.26396,1.72084,-0.0815448
-5.02958,4.27668,1.71794,-0.060319
-5.01443,4.28941,1.71503,-0.0390931
-4.99928,4.30214,1.71213,-0.0178672
-4.98413,4.31487,1.70923,0.00335864
-4.96898,4.3276,1.70633,0.0245845
-4.95383,4.34033,1.70343,0.0458104
-4.93868,4.35306,1.70052,0.0670362
-4.92353,4.36579,1.69762,0.0882621
-4.90838,4.37852,1.69472,0.109488
-4.89322,4.39124,1.69182,0.130714
-4.87807,4.40397,1.68892,0.15194
-4.86292,4.4167,1.68601,0.173166
-4.84777,4.42943,1.68311,0.194391
-4.83262,4.44216,1.68021,0.215617
-4.81747,4.45489,1.67731,0.236843
-4.80232,4.46762,1.67441,0.258069
-4.78717,4.48035,1.67151,0.279295
-4.77202,4.49308,1.6686,0.300521
-4.75687,4.50581,1.6657,0.321747
-4.74171,4.51853,1.6628,0.342973
-4.72656,4.53126,1.6599,0.364198
-4.71141,4.54399,1.657,0.385424
-4.69626,4.55672,1.65409,0.40665
-4.68111,4.56945,1.65119,0.427876
-4.66596,4.58218,1.64829,0.449102
-4.65081,4.59491,1.64539,0.470328
-4.63566,4.60764,1.64249,0.491554
-4.62051,4.62037,1.63958,0.51278
-4.60536,4.63309,1.63668,0.534005
-4.5902,4.64582,1.63378,0.555231
-4.57505,4.65855,1.63088,0.576457
-4.5599,4.67128,1.62798,0.597683
-4.54475,4.68401,1.62507,0.618909
-4.5296,4.69674,1.62217,0.640135
-4.51445,4.70947,1.61927,0.661361
-4.4993,4.7222,1.61637,0.682586
-4.48415,4.73493,1.61347,0.703812
-4.469,4.74766,1.61056,0.725038
-4.45385,4.76038,1.60766,0.746264
-4.4387,4.77311,1.60476,0.76749
-4.42354,4.78584,1.60186,0.788716
-4.40839,4.79857,1.59896,0.809942
-4.39324,4.8113,1.59605,0.831168
-4.37809,4.82403,1.59315,0.852393
-4.36294,4.83676,1.59025,0.873619
-4.34779,4.84949,1.58735,0.894845
-4.33264,4.86222,1.58445,0.916071
-4.34303,4.87756,1.57693,0.91534
-4.35343,4.8929,1.5694,0.91461
-4.36382,4.90824,1.56188,0.913879
-4.37422,4.92358,1.55436,0.913148
-4.38462,4.93892,1.54684,0.912418
-4.39501,4.95427,1.53932,0.911687
-4.40541,4.96961,1.5318,0.910956
-4.4158,4.98495,1.52428,0.910226
-4.4262,5.00029,1.51676,0.909495
-4.43659,5.01563,1.50924,0.908764
-4.44699,5.03097,1.50172,0.908034
-4.45738,5.04632,1.49419,0.907303
-4.46778,5.06166,1.48667,0.906572
-4.47818,5.077,1.47915,0.905842
-4.48857,5.09234,1.47163,0.905111
-4.49897,5.10768,1.46411,0.90438
-4.50936,5.12303,1.45659,0.90365
-4.51976,5.13837,1.44907,0.902919
-4.53015,5.15371,1.44155,0.902188
-4.54055,5.16905,1.43403,0.901458
-4.55094,5.18439,1.42651,0.900727
-4.56134,5.19973,1.41899,0.899996
-4.57173,5.21508,1.41146,0.899266
-4.58213,5.23042,1.40394,0.898535
-4.59253,5.24576,1.39642,0.897804
-4.60292,5.2611,1.3889,0.897074
-4.61332,5.27644,1.38138,0.896343
-4.62371,5.29178,1.37386,0.895612
-4.63411,5.30713,1.36634,0.894882
-4.6445,5.32247,1.35882,0.894151
-4.6549,5.33781,1.3513,0.893421
-4.66529,5.35315,1.34378,0.89269
-4.67569,5.36849,1.33625,0.891959
-4.68609,5.38383,1.32873,0.891229
-4.69648,5.39918,1.32121,0.890498
-4.70688,5.41452,1.31369,0.889767
-4.71727,5.42986,1.30617,0.889037
-4.72767,5.4452,1.29865,0.888306
-4.73806,5.46054,1.29113,0.887575
-4.74846,5.47588,1.28361,0.886845
-4.75885,5.49123,1.27609,0.886114
-4.76925,5.50657,1.26857,0.885383
-4.77964,5.52191,1.26104,0.884653
-4.79004,5.53725,1.25352,0.883922
-4.80044,5.55259,1.246,0.883191
-4.81083,5.56794,1.23848,0.882461
-4.82123,5.58328,1.23096,0.88173
-4.83162,5.59862,1.22344,0.880999
-4.84202,5.61396,1.21592,0.880269
-4.85241,5.6293,1.2084,0.879538
-4.84283,5.64568,1.21471,0.926616
-4.83324,5.66206,1.22103,0.973694
-4.82366,5.67844,1.22734,1.02077
-4.81407,5.69481,1.23366,1.06785
-4.80449,5.71119,1.23997,1.11493
-4.7949,5.72757,1.24629,1.16201
-4.78532,5.74395,1.2526,1.20909
-4.77573,5.76033,1.25892,1.25616
-4.76615,5.77671,1.26523,1.30324
-4.75656,5.79308,1.27155,1.35032
-4.74698,5.80946,1.27786,1.3974
-4.73739,5.82584,1.28418,1.44448
-4.72781,5.84222,1.29049,1.49156
-4.71822,5.8586,1.29681,1.53863
-4.70864,5.87497,1.30312,1.58571
-4.69905,5.89135,1.30944,1.63279
-4.68947,5.90773,1.31575,1.67987
-4.67988,5.92411,1.32207,1.72695
-4.6703,5.94049,1.32838,1.77402
-4.66071,5.95687,1.3347,1.8211
-4.65112,5.97324,1.34101,1.86818
-4.64154,5.98962,1.34733,1.91526
-4.63195,6.006,1.35364,1.96234
-4.62237,6.02238,1.35996,2.00942
-4.61278,6.03876,1.36627,2.05649
-4.6032,6.05513,1.37259,2.10357
-4.59361,6.07151,1.3789,2.15065
-4.58403,6.08789,1.38522,2.19773
-4.57444,6.10427,1.39153,2.24481
-4.56486,6.12065,1.39785,2.29189
-4.55527,6.13703,1.40416,2.33896
-4.54569,6.1534,1.41048,2.38604
-4.5361,6.16978,1.41679,2.43312
-4.52652,6.18616,1.42311,2.4802
-4.51693,6.20254,1.42942,2.52728
-4.50735,6.21892,1.43574,2.57436
-4.49776,6.2353,1.44205,2.62143
-4.48818,6.25167,1.44837,2.66851
-4.47859,6.26805,1.45468,2.71559
-4.46901,6.28443,1.461,2.76267
-4.45942,6.30081,1.46731,2.80975
-4.44984,6.31719,1.47363,2.85682
-4.44025,6.33356,1.47994,2.9039
-4.43067,6.34994,1.48626,2.95098
-4.42108,6.36632,1.49257,2.99806
-4.4115,6.3827,1.49889,3.04514
-4.40191,6.39908,1.5052,3.09222
-4.39232,6.41546,1.51152,3.13929
-4.38274,6.43183,1.51783,-3.09681
-4.37315,6.44821,1.52415,-3.04973
-4.35334,6.44596,1.52573,-2.98704
-4.33353,6.44372,1.52731,-2.92434
-4.31372,6.44147,1.52889,-2.86164
-4.29391,6.43923,1.53047,-2.79894
-4.2741,6.43698,1.53205,-2.73625
-4.25429,6.43473,1.53363,-2.67355
-4.23448,6.43249,1.53521,-2.61085
-4.21467,6.43024,1.53679,-2.54815
-4.19486,6.42799,1.53837,-2.48546
-4.17505,6.42575,1.53995,-2.42276
-4.15524,6.4235,1.54153,-2.36006
-4.13543,6.42125,1.54311,-2.29736
-4.11562,6.41901,1.54469,-2.23467
-4.09581,6.41676,1.54627,-2.17197
-4.076,6.41451,1.54785,-2.10927
-4.05619,6.41227,1.54943,-2.04657
-4.03638,6.41002,1.55101,-1.98387
-4.01657,6.40777,1.55259,-1.92118
-3.99676,6.40553,1.55417,-1.85848
-3.97694,6.40328,1.55575,-1.79578
-3.95713,6.40103,1.55733,-1.73308
-3.93732,6.39879,1.55891,-1.67039
-3.91751,6.39654,1.56049,-1.60769
-3.8977,6.39429,1.56208,-1.54499
-3.87789,6.39205,1.56366,-1.48229
-3.85808,6.3898,1.56524,-1.4196
-3.83827,6.38756,1.56682,-1.3569
-3.81846,6.38531,1.5684,-1.2942
-3.79865,6.38306,1.56998,-1.2315
-3.77884,6.38082,1.57156,-1.16881
-3.75903,6.37857,1.57314,-1.10611
-3.73922,6.37632,1.57472,-1.04341
-3.71941,6.37408,1.5763,-0.980713
-3.6996,6.37183,1.57788,-0.918016
-3.67979,6.36958,1.57946,-0.855318
-3.65998,6.36734,1.58104,-0.79262
-3.64017,6.36509,1.58262,-0.729923
-3.62036,6.36284,1.5842,-0.667225
-3.60055,6.3606,1.58578,-0.604528
-3.58073,6.35835,1.58736,-0.54183
-3.56092,6.3561,1.58894,-0.479132
-3.54111,6.35386,1.59052,-0.416435
-3.5213,6.35161,1.5921,-0.353737
-3.50149,6.34936,1.59368,-0.291039
-3.48168,6.34712,1.59526,-0.228342
-3.46187,6.34487,1.59684,-0.165644
-3.44206,6.34262,1.59842,-0.102947
-3.42225,6.34038,1.6,-0.040249
-3.40244,6.33813,1.60158,0.0224486
-3.38263,6.33589,1.60316,0.0851462
-3.36359,6.33018,1.60542,0.0405269
-3.34456,6.32448,1.60768,-0.00409234
-3.32552,6.31877,1.60994,-0.0487116
-3.30649,6.31307,1.6122,-0.0933309
-3.28745,6.30736,1.61446,-0.13795
-3.26842,6.30166,1.61672,-0.182569
-3.24938,6.29595,1.61898,-0.227189
-3.23035,6.29025,1.62124,-0.271808
-3.21131,6.28454,1.6235,-0.316427
-3.19228,6.27884,1.62576,-0.361046
-3.17324,6.27313,1.62802,-0.405666
-3.1542,6.26743,1.63028,-0.450285
-3.13517,6.26172,1.63254,-0.494904
-3.11613,6.25602,1.6348,-0.539524
-3.0971,6.25031,1.63706,-0.584143
-3.07806,6.24461,1.63932,-0.628762
-3.05903,6.2389,1.64158,-0.673381
-3.03999,6.2332,1.64384,-0.718001
-3.02096,6.22749,1.6461,-0.76262
-3.00192,6.22179,1.64836,-0.807239
-2.98289,6.21608,1.65062,-0.851858
-2.96385,6.21038,1.65288,-0.896478
-2.94482,6.20467,1.65514,-0.941097
-2.92578,6.19897,1.6574,-0.985716
-2.90674,6.19326,1.65966,-1.03034
-2.88771,6.18756,1.66192,-1.07495
-2.86867,6.18185,1.66418,-1.11957
-2.84964,6.17615,1.66644,-1.16419
-2.8306,6.17044,1.6687,-1.20881
-2.81157,6.16474,1.67096,-1.25343
-2.79253,6.15903,1.67322,-1.29805
-2.7735,6.15333,1.67548,-1.34267
-2.75446,6.14762,1.67774,-1.38729
-2.73543,6.14192,1.68,-1.43191
-2.71639,6.13621,1.68226,-1.47653
-2.69736,6.13051,1.68452,-1.52115
-2.67832,6.1248,1.68678,-1.56577
-2.65928,6.1191,1.68904,-1.61039
-2.64025,6.11339,1.6913,-1.65501
-2.62121,6.10769,1.69356,-1.69962
-2.60218,6.10198,1.69582,-1.74424
-2.58314,6.09628,1.69808,-1.78886
-2.56411,6.09057,1.70034,-1.83348
-2.54507,6.08487,1.7026,-1.8781
-2.52604,6.07916,1.70486,-1.92272
-2.507,6.07346,1.70712,-1.96734
-2.48797,6.06775,1.70938,-2.01196
-2.46893,6.06205,1.71164,-2.05658
-2.4499,6.05634,1.7139,-2.1012
-2.43086,6.05064,1.71616,-2.14582
-2.4109,6.0497,1.71523,-2.2022
-2.39095,6.04877,1.7143,-2.25859
-2.37099,6.04784,1.71337,-2.31497
-2.35103,6.0469,1.71244,-2.37136
-2.33108,6.04597,1.71151,-2.42774
-2.31112,6.04504,1.71058,-2.48413
-2.29116,6.0441,1.70965,-2.54051
-2.27121,6.04317,1.70872,-2.5969
-2.25125,6.04224,1.70779,-2.65328
-2.23129,6.0413,1.70686,-2.70967
-2.21134,6.04037,1.70593,-2.76605
-2.19138,6.03944,1.705,-2.82244
-2.17142,6.0385,1.70407,-2.87882
-2.15147,6.03757,1.70314,-2.93521
-2.13151,6.03664,1.70221,-2.99159
-2.11155,6.0357,1.70128,-3.04798
-2.0916,6.03477,1.70035,-3.10436
-2.07164,6.03384,1.69942,3.12244
-2.05168,6.0329,1.69849,3.06605
-2.03173,6.03197,1.69756,3.00967
-2.01177,6.03104,1.69663,2.95328
-1.99182,6.0301,1.6957,2.89689
-1.97186,6.02917,1.69477,2.84051
-1.9519,6.02824,1.69384,2.78412
-1.93195,6.02731,1.69291,2.72774
-1.91199,6.02637,1.69198,2.67135
-1.89203,6.02544,1.69105,2.61497
-1.87208,6.02451,1.69012,2.55858
-1.85212,6.02357,1.68919,2.5022
-1.83216,6.02264,1.68826,2.44581
-1.81221,6.02171,1.68733,2.38943
-1.79225,6.02077,1.6864,2.33304
-1.77229,6.01984,1.68547,2.27666
-1.75234,6.01891,1.68454,2.22027
-1.73238,6.01797,1.68361,2.16389
-1.71242,6.01704,1.68268,2.1075
-1.69247,6.01611,1.68175,2.05112
-1.67251,6.01517,1.68082,1.99473
-1.65255,6.01424,1.67989,1.93835
-1.6326,6.01331,1.67896,1.88196
-1.61264,6.01237,1.67803,1.82558
-1.59268,6.01144,1.6771,1.76919
-1.57273,6.01051,1.67617,1.71281
-1.55277,6.00957,1.67524,1.65642
-1.53281,6.00864,1.67431,1.60004
-1.51286,6.00771,1.67339,1.54365
-1.4929,6.00677,1.67246,1.48727
-1.47294,6.00584,1.67153,1.43088
-1.45299,6.00491,1.6706,1.3745
-1.43303,6.00397,1.66967,1.31811
-1.42018,5.98935,1.66509,1.29191
-1.40733,5.97472,1.66051,1.2657
-1.39449,5.96009,1.65593,1.23949
-1.38164,5.94546,1.65136,1.21329
-1.36879,5.93084,1.64678,1.18708
-1.35594,5.91621,1.6422,1.16088
-1.34309,5.90158,1.63762,1.13467
-1.33024,5.88695,1.63304,1.10846
-1.3174,5.87233,1.62847,1.08226
-1.30455,5.8577,1.62389,1.05605
-1.2917,5.84307,1.61931,1.02985
-1.27885,5.82844,1.61473,1.00364
-1.266,5.81381,1.61016,0.977436
-1.25315,5.79919,1.60558,0.95123
-1.24031,5.78456,1.601,0.925024
-1.22746,5.76993,1.59642,0.898819
-1.21461,5.7553,1.59185,0.872613
-1.20176,5.74068,1.58727,0.846407
-1.18891,5.72605,1.58269,0.820201
-1.17606,5.71142,1.57811,0.793996
-1.16322,5.69679,1.57354,0.76779
-1.15037,5.68217,1.56896,0.741584
-1.13752,5.66754,1.56438,0.715378
-1.12467,5.65291,1.5598,0.689173
-1.11182,5.63828,1.55522,0.662967
-1.09897,5.62366,1.55065,0.636761
-1.08613,5.60903,1.54607,0.610555
-1.07328,5.5944,1.54149,0.584349
-1.06043,5.57977,1.53691,0.558144
-1.04758,5.56515,1.53234,0.531938
-1.03473,5.55052,1.52776,0.505732
-1.02188,5.53589,1.52318,0.479526
-1.00904,5.52126,1.5186,0.453321
-0.996188,5.50664,1.51403,0.427115
-0.983339,5.49201,1.50945,0.400909
-0.970491,5.47738,1.50487,0.374703
-0.957643,5.46275,1.50029,0.348498
-0.944794,5.44813,1.49572,0.322292
-0.931946,5.4335,1.49114,0.296086
-0.919098,5.41887,1.48656,0.26988
-0.906249,5.40424,1.48198,0.243675
-0.893401,5.38962,1.4774,0.217469
-0.880553,5.37499,1.47283,0.191263
-0.867704,5.36036,1.46825,0.165057
-0.854856,5.34573,1.46367,0.138852
-0.842008,5.33111,1.45909,0.112646
-0.829159,5.31648,1.45452,0.08644
-0.816311,5.30185,1.44994,0.0602342
-0.803463,5.28722,1.44536,0.0340285
-0.790614,5.2726,1.44078,0.00782269
-0.774145,5.26282,1.43503,0.00759138
-0.757676,5.25304,1.42927,0.00736006
-0.741207,5.24326,1.42352,0.00712874
-0.724737,5.23348,1.41776,0.00689743
-0.708268,5.2237,1.41201,0.00666611
-0.691799,5.21392,1.40625,0.0064348
-0.67533,5.20414,1.4005,0.00620348
-0.658861,5.19436,1.39474,0.00597216
-0.642391,5.18458,1.38899,0.00574085
-0.625922,5.1748,1.38323,0.00550953
-0.609453,5.16502,1.37748,0.00527821
-0.592984,5.15524,1.37172,0.0050469
-0.576515,5.14546,1.36597,0.00481558
-0.560045,5.13568,1.36021,0.00458426
-0.543576,5.1259,1.35446,0.00435295
-0.527107,5.11612,1.3487,0.00412163
-0.510638,5.10634,1.34295,0.00389032
-0.494169,5.09656,1.33719,0.003659
-0.477699,5.08678,1.33144,0.00342768
-0.46123,5.077,1.32568,0.00319637
-0.444761,5.06722,1.31993,0.00296505
-0.428292,5.05744,1.31417,0.00273373
-0.411823,5.04766,1.30842,0.00250242
-0.395353,5.03788,1.30266,0.0022711
-0.378884,5.0281,1.29691,0.00203979
-0.362415,5.01832,1.29115,0.00180847
-0.345946,5.00854,1.2854,0.00157715
-0.329477,4.99876,1.27964,0.00134584
-0.313008,4.98898,1.27388,0.00111452
-0.296538,4.9792,1.26813,0.000883205
-0.280069,4.96942,1.26237,0.000651889
-0.2636,4.95964,1.25662,0.000420572
-0.247131,4.94986,1.25086,0.000189256
-0.230662,4.94008,1.24511,-4.20601e-05
-0.214192,4.9303,1.23935,-0.000273376
-0.197723,4.92052,1.2336,-0.000504693
-0.181254,4.91074,1.22784,-0.000736009
-0.164785,4.90096,1.22209,-0.000967325
-0.148316,4.89118,1.21633,-0.00119864
-0.131846,4.8814,1.21058,-0.00142996
-0.115377,4.87162,1.20482,-0.00166127
-0.098908,4.86184,1.19907,-0.00189259
-0.0824388,4.85207,1.19331,-0.00212391
-0.0659696,4.84229,1.18756,-0.00235522
-0.0495004,4.83251,1.1818,-0.00258654
-0.0330312,4.82273,1.17605,-0.00281786
-0.016562,4.81295,1.17029,-0.00304917
-9.2792e-05,4.80317,1.16454,-0.00328049
0.0163764,4.79339,1.15878,-0.0035118
0.0328456,4.78361,1.15303,-0.00374312
0.0429136,4.76637,1.15431,0.0203698
0.0529815,4.74914,1.15559,0.0444827
0.0630495,4.73191,1.15688,0.0685955
0.0731175,4.71467,1.15816,0.0927084
0.0831854,4.69744,1.15945,0.116821
0.0932534,4.68021,1.16073,0.140934
0.103321,4.66297,1.16201,0.165047
0.113389,4.64574,1.1633,0.18916
0.123457,4.62851,1.16458,0.213273
0.133525,4.61127,1.16586,0.237386
0.143593,4.59404,1.16715,0.261499
0.153661,4.57681,1.16843,0.285612
0.163729,4.55957,1.16972,0.309724
0.173797,4.54234,1.171,0.333837
0.183865,4.52511,1.17228,0.35795
0.193933,4.50787,1.17357,0.382063
0.204001,4.49064,1.17485,0.406176
0.214069,4.47341,1.17613,0.430289
0.224137,4.45617,1.17742,0.454402
0.234205,4.43894,1.1787,0.478515
0.244273,4.42171,1.17999,0.502628
0.254341,4.40447,1.18127,0.52674
0.264409,4.38724,1.18255,0.550853
0.274477,4.37001,1.18384,0.574966
0.284545,4.35277,1.18512,0.599079
0.294613,4.33554,1.1864,0.623192
0.304681,4.31831,1.18769,0.647305
0.314749,4.30107,1.18897,0.671418
0.324817,4.28384,1.19025,0.695531
0.334885,4.26661,1.19154,0.719644
0.344953,4.24937,1.19282,0.743756
0.355021,4.23214,1.19411,0.767869
0.365088,4.21491,1.19539,0.791982
0.375156,4.19767,1.19667,0.816095
0.385224,4.18044,1.19796,0.840208
0.395292,4.16321,1.19924,0.864321
0.40536,4.14597,1.20052,0.888434
0.415428,4.12874,1.20181,0.912547
0.425496,4.11151,1.20309,0.93666
0.435564,4.09427,1.20438,0.960772
0.445632,4.07704,1.20566,0.984885
0.4557,4.05981,1.20694,1.009
0.465768,4.04257,1.20823,1.03311
0.475836,4.02534,1.20951,1.05722
0.485904,4.00811,1.21079,1.08134
0.495972,3.99087,1.21208,1.10545
0.50604,3.97364,1.21336,1.12956
0.516108,3.95641,1.21465,1.15368
0.526176,3.93917,1.21593,1.17779
0.536244,3.92194,1.21721,1.2019
0.527143,3.90424,1.21527,1.1986
0.518042,3.88653,1.21332,1.1953
0.50894,3.86883,1.21138,1.192
0.499839,3.85113,1.20943,1.1887
0.490738,3.83343,1.20749,1.1854
0.481637,3.81572,1.20554,1.1821
0.472536,3.79802,1.2036,1.1788
0.463435,3.78032,1.20165,1.17549
0.454334,3.76261,1.19971,1.17219
0.445233,3.74491,1.19776,1.16889
0.436131,3.72721,1.19582,1.16559
0.42703,3.70951,1.19387,1.16229
0.417929,3.6918,1.19193,1.15899
0.408828,3.6741,1.18998,1.15569
0.399727,3.6564,1.18804,1.15239
0.390626,3.6387,1.18609,1.14909
0.381525,3.62099,1.18415,1.14579
0.372423,3.60329,1.1822,1.14249
0.363322,3.58559,1.18026,1.13919
0.354221,3.56788,1.17831,1.13589
0.34512,3.55018,1.17637,1.13258
0.336019,3.53248,1.17442,1.12928
0.326918,3.51478,1.17248,1.12598
0.317817,3.49707,1.17054,1.12268
0.308716,3.47937,1.16859,1.11938
0.299614,3.46167,1.16665,1.11608
0.290513,3.44397,1.1647,1.11278
0.281412,3.42626,1.16276,1.10948
0.272311,3.40856,1.16081,1.10618
0.26321,3.39086,1.15887,1.10288
0.254109,3.37315,1.15692,1.09958
0.245008,3.35545,1.15498,1.09628
0.235907,3.33775,1.15303,1.09297
0.226805,3.32005,1.15109,1.08967
0.217704,3.30234,1.14914,1.08637
0.208603,3.28464,1.1472,1.08307
0.199502,3.26694,1.14525,1.07977
0.190401,3.24924,1.14331,1.07647
0.1813,3.23153,1.14136,1.07317
0.172199,3.21383,1.13942,1.06987
0.163097,3.19613,1.13747,1.06657
0.153996,3.17842,1.13553,1.06327
0.144895,3.16072,1.13358,1.05997
0.135794,3.14302,1.13164,1.05667
0.126693,3.12532,1.12969,1.05336
0.117592,3.10761,1.12775,1.05006
0.108491,3.08991,1.1258,1.04676
0.0993895,3.07221,1.12386,1.04346
0.0902884,3.05451,1.12191,1.04016
0.0811872,3.0368,1.11997,1.03686
0.0639389,3.02695,1.11766,0.975715
0.0466905,3.01709,1.11535,0.91457
0.0294421,3.00723,1.11304,0.853425
0.0121938,2.99737,1.11074,0.792279
-0.00505461,2.98752,1.10843,0.731134
-0.022303,2.97766,1.10612,0.669989
-0.0395514,2.9678,1.10381,0.608843
-0.0567997,2.95794,1.10151,0.547698
-0.0740481,2.94809,1.0992,0.486553
-0.0912965,2.93823,1.09689,0.425407
-0.108545,2.92837,1.09458,0.364262
-0.125793,2.91851,1.09228,0.303116
-0.143042,2.90866,1.08997,0.241971
-0.16029,2.8988,1.08766,0.180826
-0.177538,2.88894,1.08535,0.11968
-0.194787,2.87908,1.08305,0.0585351
-0.212035,2.86923,1.08074,-0.00261021
-0.229283,2.85937,1.07843,-0.0637555
-0.246532,2.84951,1.07612,-0.124901
-0.26378,2.83965,1.07382,-0.186046
-0.281029,2.8298,1.07151,-0.247192
-0.298277,2.81994,1.0692,-0.308337
-0.315525,2.81008,1.06689,-0.369482
-0.332774,2.80022,1.06459,-0.430628
-0.350022,2.79037,1.06228,-0.491773
-0.36727,2.78051,1.05997,-0.552918
-0.384519,2.77065,1.05766,-0.614064
-0.401767,2.76079,1.05536,-0.675209
-0.419016,2.75094,1.05305,-0.736354
-0.436264,2.74108,1.05074,-0.7975
-0.453512,2.73122,1.04843,-0.858645
-0.470761,2.72137,1.04613,-0.91979
-0.488009,2.71151,1.04382,-0.980936
-0.505257,2.70165,1.04151,-1.04208
-0.522506,2.69179,1.0392,-1.10323
-0.539754,2.68194,1.0369,-1.16437
-0.557002,2.67208,1.03459,-1.22552
-0.574251,2.66222,1.03228,-1.28666
-0.591499,2.65236,1.02997,-1.34781
-0.608748,2.64251,1.02767,-1.40895
-0.625996,2.63265,1.02536,-1.4701
-0.643244,2.62279,1.02305,-1.53124
-0.660493,2.61293,1.02074,-1.59239
-0.677741,2.60308,1.01844,-1.65353
-0.694989,2.59322,1.01613,-1.71468
-0.712238,2.58336,1.01382,-1.77583
-0.729486,2.5735,1.01151,-1.83697
-0.746735,2.56365,1.00921,-1.89812
-0.763983,2.55379,1.0069,-1.95926
-0.781231,2.54393,1.00459,-2.02041
-0.80082,2.54015,1.00319,-2.02546
-0.820409,2.53637,1.00178,-2.03052
-0.839998,2.53258,1.00038,-2.03557
-0.859587,2.5288,0.998975,-2.04063
-0.879175,2.52502,0.997572,-2.04568
-0.898764,2.52124,0.996168,-2.05074
-0.918353,2.51745,0.994764,-2.0558
-0.937942,2.51367,0.99336,-2.06085
-0.957531,2.50989,0.991957,-2.06591
-0.977119,2.5061,0.990553,-2.07096
-0.996708,2.50232,0.989149,-2.07602
-1.0163,2.49854,0.987745,-2.08107
-1.03589,2.49476,0.986341,-2.08613
-1.05547,2.49097,0.984938,-2.09118
-1.07506,2.48719,0.983534,-2.09624
-1.09465,2.48341,0.98213,-2.1013
-1.11424,2.47963,0.980726,-2.10635
-1.13383,2.47584,0.979323,-2.11141
-1.15342,2.47206,0.977919,-2.11646
-1.17301,2.46828,0.976515,-2.12152
-1.1926,2.4645,0.975111,-2.12657
-1.21218,2.46071,0.973708,-2.13163
-1.23177,2.45693,0.972304,-2.13669
-1.25136,2.45315,0.9709,-2.14174
-1.27095,2.44937,0.969496,-2.1468
-1.29054,2.44558,0.968092,-2.15185
-1.31013,2.4418,0.966689,-2.15691
-1.32972,2.43802,0.965285,-2.16196
-1.34931,2.43423,0.963881,-2.16702
-1.3689,2.43045,0.962477,-2.17207
-1.38848,2.42667,0.961074,-2.17713
-1.40807,2.42289,0.95967,-2.18219
-1.42766,2.4191,0.958266,-2.18724
-1.44725,2.41532,0.956862,-2.1923
-1.46684,2.41154,0.955459,-2.19735
-1.48643,2.40776,0.954055,-2.20241
-1.50602,2.40397,0.952651,-2.20746
-1.52561,2.40019,0.951247,-2.21252
-1.54519,2.39641,0.949843,-2.21757
-1.56478,2.39263,0.94844,-2.22263
-1.58437,2.38884,0.947036,-2.22769
-1.60396,2.38506,0.945632,-2.23274
-1.62355,2.38128,0.944228,-2.2378
-1.64314,2.3775,0.942825,-2.24285
-1.66273,2.37371,0.941421,-2.24791
-1.68232,2.36993,0.940017,-2.25296
-1.7019,2.36615,0.938613,-2.25802
-1.72149,2.36236,0.93721,-2.26308
-1.74108,2.35858,0.935806,-2.26813
-1.76067,2.3548,0.934402,-2.27319
-1.77129,2.33802,0.936794,-2.3359
-1.78191,2.32125,0.939186,-2.39861
-1.79254,2.30447,0.941578,-2.46133
-1.80316,2.28769,0.94397,-2.52404
-1.81378,2.27092,0.946362,-2.58675
-1.8244,2.25414,0.948754,-2.64947
-1.83502,2.23736,0.951146,-2.71218
-1.84564,2.22059,0.953538,-2.77489
-1.85627,2.20381,0.95593,-2.83761
-1.86689,2.18703,0.958322,-2.90032
-1.87751,2.17026,0.960714,-2.96303
-1.88813,2.15348,0.963106,-3.02575
-1.89875,2.1367,0.965498,-3.08846
-1.90937,2.11992,0.96789,3.13201
-1.92,2.10315,0.970282,3.0693
-1.93062,2.08637,0.972674,3.00658
-1.94124,2.06959,0.975066,2.94387
-1.95186,2.05282,0.977458,2.88116
-1.96248,2.03604,0.97985,2.81844
-1.9731,2.01926,0.982242,2.75573
-1.98372,2.00249,0.984634,2.69302
-1.99435,1.98571,0.987026,2.6303
-2.00497,1.96893,0.989418,2.56759
-2.01559,1.95216,0.99181,2.50488
-2.02621,1.93538,0.994202,2.44216
-2.03683,1.9186,0.996594,2.37945
-2.04745,1.90183,0.998986,2.31674
-2.05808,1.88505,1.00138,2.25402
-2.0687,1.86827,1.00377,2.19131
-2.07932,1.8515,1.00616,2.1286
-2.08994,1.83472,1.00855,2.06588
-2.10056,1.81794,1.01095,2.00317
-2.11118,1.80117,1.01334,1.94046
-2.12181,1.78439,1.01573,1.87774
-2.13243,1.76761,1.01812,1.81503
-2.14305,1.75084,1.02051,1.75232
-2.15367,1.73406,1.02291,1.6896
-2.16429,1.71728,1.0253,1.62689
-2.17491,1.70051,1.02769,1.56418
-2.18554,1.68373,1.03008,1.50146
-2.19616,1.66695,1.03247,1.43875
-2.20678,1.65018,1.03487,1.37604
-2.2174,1.6334,1.03726,1.31332
-2.22802,1.61662,1.03965,1.25061
-2.23864,1.59984,1.04204,1.1879
-2.24926,1.58307,1.04443,1.12518
-2.25989,1.56629,1.04683,1.06247
-2.27051,1.54951,1.04922,0.999755
-2.28113,1.53274,1.05161,0.937042
-2.29175,1.51596,1.054,0.874329
-2.29138,1.49597,1.05451,0.872777
-2.29101,1.47598,1.05503,0.871225
-2.29064,1.45599,1.05554,0.869674
-2.29027,1.436,1.05605,0.868122
-2.28991,1.41601,1.05657,0.86657
-2.28954,1.39602,1.05708,0.865019
-2.28917,1.37603,1.05759,0.863467
-2.2888,1.35604,1.05811,0.861915
-2.28843,1.33605,1.05862,0.860364
-2.28806,1.31606,1.05913,0.858812
-2.28769,1.29607,1.05965,0.85726
-2.28732,1.27608,1.06016,0.855709
-2.28695,1.25609,1.06067,0.854157
-2.28658,1.2361,1.06119,0.852605
-2.28621,1.21611,1.0617,0.851054
-2.28584,1.19612,1.06221,0.849502
-2.28547,1.17613,1.06273,0.84795
-2.28511,1.15614,1.06324,0.846399
-2.28474,1.13615,1.06375,0.844847
-2.28437,1.11616,1.06427,0.843295
-2.284,1.09617,1.06478,0.841744
-2.28363,1.07618,1.06529,0.840192
-2.28326,1.05619,1.06581,0.83864
-2.28289,1.0362,1.06632,0.837089
-2.28252,1.01621,1.06683,0.835537
-2.28215,0.996221,1.06735,0.833985
-2.28178,0.976231,1.06786,0.832434
-2.28141,0.956241,1.06837,0.830882
-2.28104,0.936251,1.06889,0.829331
-2.28068,0.916261,1.0694,0.827779
-2.28031,0.896271,1.06991,0.826227
-2.27994,0.876281,1.07043,0.824676
-2.27957,0.856291,1.07094,0.823124
-2.2792,0.836301,1.07145,0.821572
-2.27883,0.816311,1.07197,0.820021
-2.27846,0.796321,1.07248,0.818469
-2.27809,0.776331,1.07299,0.816917
-2.27772,0.756341,1.07351,0.815366
-2.27735,0.736351,1.07402,0.813814
-2.27698,0.716361,1.07453,0.812262
-2.27661,0.696371,1.07505,0.810711
-2.27624,0.676381,1.07556,0.809159
-2.27588,0.656391,1.07607,0.807607
-2.27551,0.636401,1.07659,0.806056
-2.27514,0.616411,1.0771,0.804504
-2.27477,0.596421,1.07761,0.802952
-2.2744,0.576431,1.07813,0.801401
-2.27403,0.556441,1.07864,0.799849
-2.27366,0.536451,1.07915,0.798297
-2.27329,0.516461,1.07967,0.796746
-2.26537,0.49813,1.08077,0.845307
-2.25745,0.479799,1.08188,0.893869
-2.24953,0.461467,1.08298,0.94243
-2.24161,0.443136,1.08409,0.990992
-2.23369,0.424805,1.08519,1.03955
-2.22576,0.406474,1.0863,1.08811
-2.21784,0.388143,1.08741,1.13668
-2.20992,0.369812,1.08851,1.18524
-2.202,0.35148,1.08962,1.2338
-2.19408,0.333149,1.09072,1.28236
-2.18616,0.314818,1.09183,1.33092
-2.17824,0.296487,1.09293,1.37948
-2.17032,0.278156,1.09404,1.42805
-2.16239,0.259825,1.09514,1.47661
-2.15447,0.241493,1.09625,1.52517
-2.14655,0.223162,1.09736,1.57373
-2.13863,0.204831,1.09846,1.62229
-2.13071,0.1865,1.09957,1.67085
-2.12279,0.168169,1.10067,1.71941
-2.11487,0.149838,1.10178,1.76798
-2.10695,0.131506,1.10288,1.81654
-2.09902,0.113175,1.10399,1.8651
-2.0911,0.094844,1.1051,1.91366
-2.08318,0.0765128,1.1062,1.96222
-2.07526,0.0581817,1.10731,2.01078
-2.06734,0.0398505,1.10841,2.05935
-2.05942,0.0215193,1.10952,2.10791
-2.0515,0.00318814,1.11062,2.15647
-2.04358,-0.015143,1.11173,2.20503
-2.03565,-0.0334742,1.11284,2.25359
-2.02773,-0.0518054,1.11394,2.30215
-2.01981,-0.0701365,1.11505,2.35071
-2.01189,-0.0884677,1.11615,2.39928
-2.00397,-0.106799,1.11726,2.44784
-1.99605,-0.12513,1.11836,2.4964
-1.98813,-0.143461,1.11947,2.54496
-1.98021,-0.161792,1.12058,2.59352
-1.97229,-0.180124,1.12168,2.64208
-1.96436,-0.198455,1.12279,2.69065
-1.95644,-0.216786,1.12389,2.73921
-1.94852,-0.235117,1.125,2.78777
-1.9406,-0.253448,1.1261,2.83633
-1.93268,-0.271779,1.12721,2.88489
-1.92476,-0.290111,1.12831,2.93345
-1.91684,-0.308442,1.12942,2.98201
-1.90892,-0.326773,1.13053,3.03058
-1.90099,-0.345104,1.13163,3.07914
-1.89307,-0.363435,1.13274,3.1277
-1.88515,-0.381766,1.13384,-3.10692
-1.87723,-0.400098,1.13495,-3.05836
-1.8866,-0.417711,1.13355,-3.07434
-1.89597,-0.435325,1.13214,-3.09031
-1.90534,-0.452939,1.13074,-3.10628
-1.91471,-0.470552,1.12934,-3.12225
-1.92408,-0.488166,1.12793,-3.13822
-1.93345,-0.50578,1.12653,3.12899
-1.94282,-0.523393,1.12513,3.11302
-1.95219,-0.541007,1.12372,3.09704
-1.96156,-0.558621,1.12232,3.08107
-1.97093,-0.576234,1.12092,3.0651
-1.9803,-0.593848,1.11951,3.04913
-1.98967,-0.611462,1.11811,3.03316
-1.99904,-0.629075,1.11671,3.01718
-2.0084,-0.646689,1.1153,3.00121
-2.01777,-0.664303,1.1139,2.98524
-2.02714,-0.681916,1.1125,2.96927
-2.03651,-0.69953,1.11109,2.9533
-2.04588,-0.717144,1.10969,2.93732
-2.05525,-0.734757,1.10829,2.92135
-2.06462,-0.752371,1.10688,2.90538
-2.07399,-0.769985,1.10548,2.88941
-2.08336,-0.787598,1.10408,2.87343
-2.09273,-0.805212,1.10267,2.85746
-2.1021,-0.822826,1.10127,2.84149
-2.11147,-0.840439,1.09987,2.82552
-2.12084,-0.858053,1.09846,2.80955
-2.13021,-0.875667,1.09706,2.79357
-2.13958,-0.89328,1.09566,2.7776
-2.14895,-0.910894,1.09425,2.76163
-2.15832,-0.928508,1.09285,2.74566
-2.16769,-0.946121,1.09145,2.72968
-2.17706,-0.963735,1.09004,2.71371
-2.18643,-0.981349,1.08864,2.69774
-2.1958,-0.998962,1.08724,2.68177
-2.20517,-1.01658,1.08583,2.6658
-2.21454,-1.03419,1.08443,2.64982
-2.22391,-1.0518,1.08303,2.63385
-2.23328,-1.06942,1.08162,2.61788
-2.24265,-1.08703,1.08022,2.60191
-2.25201,-1.10464,1.07882,2.58594
-2.26138,-1.12226,1.07741,2.56996
-2.27075,-1.13987,1.07601,2.55399
-2.28012,-1.15749,1.07461,2.53802
-2.28949,-1.1751,1.0732,2.52205
-2.29886,-1.19271,1.0718,2.50607
-2.30823,-1.21033,1.0704,2.4901
-2.3176,-1.22794,1.06899,2.47413
-2.32697,-1.24555,1.06759,2.45816
-2.33634,-1.26317,1.06619,2.44219
-2.34571,-1.28078,1.06478,2.42621
-2.32997,-1.29311,1.06522,2.37622
-2.31423,-1.30544,1.06566,2.32622
-2.29849,-1.31778,1.0661,2.27623
-2.28275,-1.33011,1.06653,2.22623
-2.26701,-1.34244,1.06697,2.17624
-2.25127,-1.35477,1.06741,2.12624
-2.23553,-1.3671,1.06784,2.07625
-2.21979,-1.37943,1.06828,2.02625
-2.20405,-1.39177,1.06872,1.97625
-2.18831,-1.4041,1.06915,1.92626
-2.17257,-1.41643,1.06959,1.87626
-2.15683,-1.42876,1.07003,1.82627
-2.1411,-1.44109,1.07047,1.77627
-2.12536,-1.45342,1.0709,1.72628
-2.10962,-1.46576,1.07134,1.67628
-2.09388,-1.47809,1.07178,1.62629
-2.07814,-1.49042,1.07221,1.57629
-2.0624,-1.50275,1.07265,1.5263
-2.04666,-1.51508,1.07309,1.4763
-2.03092,-1.52742,1.07352,1.4263
-2.01518,-1.53975,1.07396,1.37631
-1.99944,-1.55208,1.0744,1.32631
-1.9837,-1.56441,1.07484,1.27632
-1.96796,-1.57674,1.07527,1.22632
-1.95222,-1.58907,1.07571,1.17633
-1.93648,-1.60141,1.07615,1.12633
-1.92074,-1.61374,1.07658,1.07634
-1.905,-1.62607,1.07702,1.02634
-1.88926,-1.6384,1.07746,0.976346
-1.87352,-1.65073,1.07789,0.92635
-1.85778,-1.66306,1.07833,0.876355
-1.84204,-1.6754,1.07877,0.826359
-1.8263,-1.68773,1.0792,0.776364
-1.81056,-1.70006,1.07964,0.726368
-1.79482,-1.71239,1.08008,0.676373
-1.77908,-1.72472,1.08052,0.626377
-1.76334,-1.73705,1.08095,0.576382
-1.7476,-1.74939,1.08139,0.526387
-1.73186,-1.76172,1.08183,0.476391
-1.71612,-1.77405,1.08226,0.426396
-1.70038,-1.78638,1.0827,0.3764
-1.68464,-1.79871,1.08314,0.326405
-1.6689,-1.81104,1.08357,0.276409
-1.65316,-1.82338,1.08401,0.226414
-1.63743,-1.83571,1.08445,0.176418
-1.62169,-1.84804,1.08489,0.126423
-1.60595,-1.86037,1.08532,0.0764275
-1.59021,-1.8727,1.08576,0.0264321
-1.57447,-1.88504,1.0862,-0.0235634
-1.55873,-1.89737,1.08663,-0.0735588
-1.56655,-1.91556,1.08944,-0.0367112
-1.57438,-1.93375,1.09225,0.00013649
-1.58221,-1.95194,1.09506,0.0369841
-1.59003,-1.97012,1.09787,0.0738318
-1.59786,-1.98831,1.10068,0.110679
-1.60569,-2.0065,1.10348,0.147527
-1.61351,-2.02469,1.10629,0.184375
-1.62134,-2.04288,1.1091,0.221222
-1.62917,-2.06107,1.11191,0.25807
-1.63699,-2.07926,1.11472,0.294918
-1.64482,-2.09745,1.11753,0.331765
-1.65265,-2.11564,1.12034,0.368613
-1.66047,-2.13383,1.12314,0.405461
-1.6683,-2.15202,1.12595,0.442308
-1.67612,-2.17021,1.12876,0.479156
-1.68395,-2.1884,1.13157,0.516004
-1.69178,-2.20659,1.13438,0.552851
-1.6996,-2.22478,1.13719,0.589699
-1.70743,-2.24297,1.14,0.626547
-1.71526,-2.26116,1.1428,0.663394
-1.72308,-2.27935,1.14561,0.700242
-1.73091,-2.29754,1.14842,0.73709
-1.73874,-2.31573,1.15123,0.773937
-1.74656,-2.33391,1.15404,0.810785
-1.75439,-2.3521,1.15685,0.847633
-1.76222,-2.37029,1.15965,0.88448
-1.77004,-2.38848,1.16246,0.921328
-1.77787,-2.40667,1.16527,0.958176
-1.7857,-2.42486,1.16808,0.995023
-1.79352,-2.44305,1.17089,1.03187
-1.80135,-2.46124,1.1737,1.06872
-1.80918,-2.47943,1.17651,1.10557
-1.817,-2.49762,1.17931,1.14241
-1.82483,-2.51581,1.18212,1.17926
-1.83266,-2.534,1.18493,1.21611
-1.84048,-2.55219,1.18774,1.25296
-1.84831,-2.57038,1.19055,1.2898
-1.85614,-2.58857,1.19336,1.32665
-1.86396,-2.60676,1.19617,1.3635
-1.87179,-2.62495,1.19897,1.40035
-1.87961,-2.64314,1.20178,1.4372
-1.88744,-2.66133,1.20459,1.47404
-1.89527,-2.67951,1.2074,1.51089
-1.90309,-2.6977,1.21021,1.54774
-1.91092,-2.71589,1.21302,1.58459
-1.91875,-2.73408,1.21582,1.62143
-1.92657,-2.75227,1.21863,1.65828
-1.9344,-2.77046,1.22144,1.69513
-1.94223,-2.78865,1.22425,1.73198
-1.95005,-2.80684,1.22706,1.76882
-1.93895,-2.82334,1.22496,1.787
-1.92784,-2.83984,1.22287,1.80518
-1.91673,-2.85634,1.22078,1.82335
-1.90562,-2.87284,1.21868,1.84153
-1.89451,-2.88934,1.21659,1.8597
-1.8834,-2.90583,1.21449,1.87788
-1.87229,-2.92233,1.2124,1.89605
-1.86118,-2.93883,1.2103,1.91423
-1.85007,-2.95533,1.20821,1.9324
-1.83897,-2.97183,1.20611,1.95058
-1.82786,-2.98833,1.20402,1.96876
-1.81675,-3.00483,1.20193,1.98693
-1.80564,-3.02133,1.19983,2.00511
-1.79453,-3.03782,1.19774,2.02328
-1.78342,-3.05432,1.19564,2.04146
-1.77231,-3.07082,1.19355,2.05963
-1.7612,-3.08732,1.19145,2.07781
-1.7501,-3.10382,1.18936,2.09599
-1.73899,-3.12032,1.18726,2.11416
-1.72788,-3.13682,1.18517,2.13234
-1.71677,-3.15332,1.18308,2.15051
-1.70566,-3.16981,1.18098,2.16869
-1.69455,-3.18631,1.17889,2.18686
-1.68344,-3.20281,1.17679,2.20504
-1.67233,-3.21931,1.1747,2.22322
-1.66123,-3.23581,1.1726,2.24139
-1.65012,-3.25231,1.17051,2.25957
-1.63901,-3.26881,1.16841,2.27774
-1.6279,-3.28531,1.16632,2.29592
-1.61679,-3.3018,1.16423,2.31409
-1.60568,-3.3183,1.16213,2.33227
-1.59457,-3.3348,1.16004,2.35045
-1.58346,-3.3513,1.15794,2.36862
-1.57236,-3.3678,1.15585,2.3868
-1.56125,-3.3843,1.15375,2.40497
-1.55014,-3.4008,1.15166,2.42315
-1.53903,-3.4173,1.14957,2.44132
-1.52792,-3.43379,1.14747,2.4595
-1.51681,-3.45029,1.14538,2.47767
-1.5057,-3.46679,1.14328,2.49585
-1.49459,-3.48329,1.14119,2.51403
-1.48349,-3.49979,1.13909,2.5322
-1.47238,-3.51629,1.137,2.55038
-1.46127,-3.53279,1.1349,2.56855
-1.45016,-3.54929,1.13281,2.58673
-1.43905,-3.56578,1.13072,2.6049
-1.42794,-3.58228,1.12862,2.62308
-1.41683,-3.59878,1.12653,2.64126
-1.40572,-3.61528,1.12443,2.65943
-1.39462,-3.63178,1.12234,2.67761
-1.39925,-3.65008,1.11572,2.71387
-1.40387,-3.66838,1.10911,2.75014
-1.4085,-3.68667,1.1025,2.7864
-1.41313,-3.70497,1.09588,2.82267
-1.41776,-3.72327,1.08927,2.85894
-1.42239,-3.74157,1.08265,2.8952
-1.42702,-3.75987,1.07604,2.93147
-1.43165,-3.77816,1.06942,2.96773
-1.43628,-3.79646,1.06281,3.004
-1.44091,-3.81476,1.0562,3.04027
-1.44554,-3.83306,1.04958,3.07653
-1.45017,-3.85136,1.04297,3.1128
-1.4548,-3.86965,1.03635,-3.13412
-1.45943,-3.88795,1.02974,-3.09786
-1.46406,-3.90625,1.02313,-3.06159
-1.46869,-3.92455,1.01651,-3.02532
-1.47331,-3.94285,1.0099,-2.98906
-1.47794,-3.96115,1.00328,-2.95279
-1.48257,-3.97944,0.996669,-2.91653
-1.4872,-3.99774,0.990055,-2.88026
-1.49183,-4.01604,0.983441,-2.844
-1.49646,-4.03434,0.976827,-2.80773
-1.50109,-4.05264,0.970212,-2.77146
-1.50572,-4.07093,0.963598,-2.7352
-1.51035,-4.08923,0.956984,-2.69893
-1.51498,-4.10753,0.95037,-2.66267
-1.51961,-4.12583,0.943756,-2.6264
-1.52424,-4.14413,0.937142,-2.59013
-1.52887,-4.16243,0.930528,-2.55387
-1.5335,-4.18072,0.923913,-2.5176
-1.53813,-4.19902,0.917299,-2.48134
-1.54275,-4.21732,0.910685,-2.44507
-1.54738,-4.23562,0.904071,-2.4088
-1.55201,-4.25392,0.897457,-2.37254
-1.55664,-4.27221,0.890843,-2.33627
-1.56127,-4.29051,0.884229,-2.30001
-1.5659,-4.30881,0.877614,-2.26374
-1.57053,-4.32711,0.871,-2.22748
-1.57516,-4.34541,0.864386,-2.19121
-1.57979,-4.3637,0.857772,-2.15494
-1.58442,-4.382,0.851158,-2.11868
-1.58905,-4.4003,0.844544,-2.08241
-1.59368,-4.4186,0.83793,-2.04615
-1.59831,-4.4369,0.831316,-2.00988
-1.60294,-4.4552,0.824701,-1.97361
-1.60757,-4.47349,0.818087,-1.93735
-1.6122,-4.49179,0.811473,-1.90108
-1.61682,-4.51009,0.804859,-1.86482
-1.62145,-4.52839,0.798245,-1.82855
-1.62608,-4.54669,0.791631,-1.79229
-1.60994,-4.55249,0.801918,-1.76535
-1.5938,-4.55828,0.812205,-1.73841
-1.57766,-4.56408,0.822492,-1.71147
-1.56152,-4.56988,0.832779,-1.68453
-1.54538,-4.57568,0.843066,-1.6576
-1.52923,-4.58148,0.853353,-1.63066
-1.51309,-4.58728,0.863641,-1.60372
-1.49695,-4.59308,0.873928,-1.57678
-1.48081,-4.59887,0.884215,-1.54984
-1.46467,-4.60467,0.894502,-1.5229
-1.44853,-4.61047,0.904789,-1.49597
-1.43238,-4.61627,0.915076,-1.46903
-1.41624,-4.62207,0.925363,-1.44209
-1.4001,-4.62787,0.935651,-1.41515
-1.38396,-4.63367,0.945938,-1.38821
-1.36782,-4.63947,0.956225,-1.36128
-1.35168,-4.64526,0.966512,-1.33434
-1.33554,-4.65106,0.976799,-1.3074
-1.31939,-4.65686,0.987086,-1.28046
-1.30325,-4.66266,0.997373,-1.25352
-1.28711,-4.66846,1.00766,-1.22659
-1.27097,-4.67426,1.01795,-1.19965
-1.25483,-4.68006,1.02823,-1.17271
-1.23869,-4.68585,1.03852,-1.14577
-1.22254,-4.69165,1.04881,-1.11883
-1.2064,-4.69745,1.0591,-1.0919
-1.19026,-4.70325,1.06938,-1.06496
-1.17412,-4.70905,1.07967,-1.03802
-1.15798,-4.71485,1.08996,-1.01108
-1.14184,-4.72065,1.10024,-0.984144
-1.12569,-4.72645,1.11053,-0.957206
-1.10955,-4.73224,1.12082,-0.930268
-1.09341,-4.73804,1.13111,-0.90333
-1.07727,-4.74384,1.14139,-0.876392
-1.06113,-4.74964,1.15168,-0.849454
-1.04499,-4.75544,1.16197,-0.822516
-1.02885,-4.76124,1.17225,-0.795578
-1.0127,-4.76704,1.18254,-0.76864
-0.996562,-4.77284,1.19283,-0.741702
-0.980421,-4.77863,1.20312,-0.714764
-0.964279,-4.78443,1.2134,-0.687826
-0.948137,-4.79023,1.22369,-0.660888
-0.931996,-4.79603,1.23398,-0.63395
-0.915854,-4.80183,1.24426,-0.607012
-0.899713,-4.80763,1.25455,-0.580074
-0.883571,-4.81343,1.26484,-0.553136
-0.86743,-4.81922,1.27513,-0.526198
-0.857036,-4.82296,1.28175,-0.508852
-0.867055,-4.84026,1.28238,-0.544195
-0.877074,-4.85755,1.28301,-0.579537
-0.887092,-4.87485,1.28364,-0.61488
-0.897111,-4.89215,1.28427,-0.650222
-0.90713,-4.90945,1.2849,-0.685565
-0.917149,-4.92675,1.28554,-0.720907
-0.927168,-4.94405,1.28617,-0.756249
-0.937187,-4.96134,1.2868,-0.791592
-0.947206,-4.97864,1.28743,-0.826934
-0.957224,-4.99594,1.28806,-0.862277
-0.967243,-5.01324,1.28869,-0.897619
-0.977262,-5.03054,1.28932,-0.932962
-0.987281,-5.04783,1.28995,-0.968304
-0.9973,-5.06513,1.29058,-1.00365
-1.00732,-5.08243,1.29121,-1.03899
-1.01734,-5.09973,1.29185,-1.07433
-1.02736,-5.11703,1.29248,-1.10967
-1.03738,-5.13432,1.29311,-1.14502
-1.04739,-5.15162,1.29374,-1.18036
-1.05741,-5.16892,1.29437,-1.2157
-1.06743,-5.18622,1.295,-1.25104
-1.07745,-5.20352,1.29563,-1.28639
-1.08747,-5.22082,1.29626,-1.32173
-1.09749,-5.23811,1.29689,-1.35707
-1.10751,-5.25541,1.29752,-1.39241
-1.11753,-5.27271,1.29816,-1.42776
-1.12754,-5.29001,1.29879,-1.4631
-1.13756,-5.30731,1.29942,-1.49844
-1.14758,-5.3246,1.30005,-1.53378
-1.1576,-5.3419,1.30068,-1.56913
-1.16762,-5.3592,1.30131,-1.60447
-1.17764,-5.3765,1.30194,-1.63981
-1.18766,-5.3938,1.30257,-1.67515
-1.19768,-5.41109,1.3032,-1.7105
-1.2077,-5.42839,1.30383,-1.74584
-1.21771,-5.44569,1.30447,-1.78118
-1.22773,-5.46299,1.3051,-1.81652
-1.23775,-5.48029,1.30573,-1.85187
-1.24777,-5.49758,1.30636,-1.88721
-1.25779,-5.51488,1.30699,-1.92255
-1.26781,-5.53218,1.30762,-1.95789
-1.27783,-5.54948,1.30825,-1.99324
-1.28785,-5.56678,1.30888,-2.02858
-1.29787,-5.58408,1.30951,-2.06392
-1.30788,-5.60137,1.31015,-2.09926
-1.3179,-5.61867,1.31078,-2.13461
-1.32792,-5.63597,1.31141,-2.16995
-1.33794,-5.65327,1.31204,-2.20529
-1.34796,-5.67057,1.31267,-2.24063
-1.35798,-5.68786,1.3133,-2.27598
-1.35828,-5.70506,1.32351,-2.32713
-1.35858,-5.72226,1.33371,-2.37828
-1.35889,-5.73945,1.34392,-2.42943
-1.35919,-5.75665,1.35413,-2.48059
-1.35949,-5.77385,1.36433,-2.53174
-1.35979,-5.79104,1.37454,-2.58289
-1.3601,-5.80824,1.38475,-2.63404
-1.3604,-5.82544,1.39495,-2.6852
-1.3607,-5.84264,1.40516,-2.73635
-1.36101,-5.85983,1.41537,-2.7875
-1.36131,-5.87703,1.42557,-2.83866
-1.36161,-5.89423,1.43578,-2.88981
-1.36191,-5.91142,1.44599,-2.94096
-1.36222,-5.92862,1.4562,-2.99211
-1.36252,-5.94582,1.4664,-3.04327
-1.36282,-5.96301,1.47661,-3.09442
-1.36313,-5.98021,1.48682,3.13761
-1.36343,-5.99741,1.49702,3.08646
-1.36373,-6.0146,1.50723,3.03531
-1.36403,-6.0318,1.51744,2.98416
-1.36434,-6.049,1.52764,2.933
-1.36464,-6.06619,1.53785,2.88185
-1.36494,-6.08339,1.54806,2.8307
-1.36524,-6.10059,1.55826,2.77954
-1.36555,-6.11778,1.56847,2.72839
-1.36585,-6.13498,1.57868,2.67724
-1.36615,-6.15218,1.58888,2.62609
-1.36646,-6.16937,1.59909,2.57493
-1.36676,-6.18657,1.6093,2.52378
-1.36706,-6.20377,1.6195,2.47263
-1.36736,-6.22096,1.62971,2.42148
-1.36767,-6.23816,1.63992,2.37032
-1.36797,-6.25536,1.65012,2.31917
-1.36827,-6.27255,1.66033,2.26802
-1.36858,-6.28975,1.67054,2.21686
-1.36888,-6.30695,1.68074,2.16571
-1.36918,-6.32415,1.69095,2.11456
-1.36948,-6.34134,1.70116,2.06341
-1.36979,-6.35854,1.71137,2.01225
-1.37009,-6.37574,1.72157,1.9611
-1.37039,-6.39293,1.73178,1.90995
-1.37069,-6.41013,1.74199,1.8588
-1.371,-6.42733,1.75219,1.80764
-1.3713,-6.44452,1.7624,1.75649
-1.3716,-6.46172,1.77261,1.70534
-1.37191,-6.47892,1.78281,1.65418
-1.37221,-6.49611,1.79302,1.60303
-1.37251,-6.51331,1.80323,1.55188
-1.37281,-6.53051,1.81343,1.50073
-1.37312,-6.5477,1.82364,1.44957
-1.35397,-6.55284,1.82631,1.50362
-1.33483,-6.55799,1.82897,1.55766
-1.31569,-6.56313,1.83164,1.61171
-1.29654,-6.56827,1.8343,1.66575
-1.2774,-6.57341,1.83697,1.7198
-1.25826,-6.57855,1.83964,1.77384
-1.23911,-6.58369,1.8423,1.82789
-1.21997,-6.58883,1.84497,1.88193
-1.20083,-6.59397,1.84764,1.93598
-1.18168,-6.59911,1.8503,1.99002
-1.16254,-6.60425,1.85297,2.04407
-1.1434,-6.60939,1.85564,2.09811
-1.12426,-6.61454,1.8583,2.15216
-1.10511,-6.61968,1.86097,2.2062
-1.08597,-6.62482,1.86363,2.26025
-1.06683,-6.62996,1.8663,2.31429
-1.04768,-6.6351,1.86897,2.36834
-1.02854,-6.64024,1.87163,2.42238
-1.0094,-6.64538,1.8743,2.47643
-0.990253,-6.65052,1.87697,2.53047
-0.97111,-6.65566,1.87963,2.58452
-0.951966,-6.6608,1.8823,2.63856
-0.932823,-6.66595,1.88496,2.69261
-0.91368,-6.67109,1.88763,2.74665
-0.894537,-6.67623,1.8903,2.8007
-0.875394,-6.68137,1.89296,2.85474
-0.85625,-6.68651,1.89563,2.90879
-0.837107,-6.69165,1.8983,2.96283
-0.817964,-6.69679,1.90096,3.01688
-0.798821,-6.70193,1.90363,3.07092
-0.779678,-6.70707,1.90629,3.12497
-0.760534,-6.71221,1.90896,-3.10417
-0.741391,-6.71735,1.91163,-3.05013
-0.722248,-6.7225,1.91429,-2.99608
-0.703105,-6.72764,1.91696,-2.94204
-0.683962,-6.73278,1.91963,-2.88799
-0.664819,-6.73792,1.92229,-2.83395
-0.645675,-6.74306,1.92496,-2.7799
-0.626532,-6.7482,1.92762,-2.72586
-0.607389,-6.75334,1.93029,-2.67181
-0.588246,-6.75848,1.93296,-2.61777
-0.569103,-6.76362,1.93562,-2.56372
-0.549959,-6.76876,1.93829,-2.50968
-0.530816,-6.7739,1.94096,-2.45563
-0.511673,-6.77905,1.94362,-2.40159
-0.49253,-6.78419,1.94629,-2.34754
-0.473387,-6.78933,1.94895,-2.2935
-0.454243,-6.79447,1.95162,-2.23945
-0.4351,-6.79961,1.95429,-2.18541
-0.415957,-6.80475,1.95695,-2.13136
-0.396581,-6.7999,1.95797,-2.07027
-0.377204,-6.79505,1.95898,-2.00918
-0.357828,-6.7902,1.95999,-1.94808
-0.338452,-6.78535,1.961,-1.88699
-0.319075,-6.78049,1.96201,-1.8259
-0.299699,-6.77564,1.96303,-1.76481
-0.280323,-6.77079,1.96404,-1.70371
-0.260946,-6.76594,1.96505,-1.64262
-0.24157,-6.76109,1.96606,-1.58153
-0.222194,-6.75624,1.96708,-1.52044
-0.202817,-6.75139,1.96809,-1.45934
-0.183441,-6.74654,1.9691,-1.39825
-0.164065,-6.74169,1.97011,-1.33716
-0.144688,-6.73684,1.97112,-1.27606
-0.125312,-6.73198,1.97214,-1.21497
-0.105936,-6.72713,1.97315,-1.15388
-0.0865592,-6.72228,1.97416,-1.09279
-0.0671828,-6.71743,1.97517,-1.03169
-0.0478065,-6.71258,1.97618,-0.970601
-0.0284301,-6.70773,1.9772,-0.909508
-0.00905378,-6.70288,1.97821,-0.848415
0.0103226,-6.69803,1.97922,-0.787322
0.0296989,-6.69318,1.98023,-0.72623
0.0490753,-6.68832,1.98125,-0.665137
0.0684516,-6.68347,1.98226,-0.604044
0.0878279,-6.67862,1.98327,-0.542951
0.107204,-6.67377,1.98428,-0.481859
0.126581,-6.66892,1.98529,-0.420766
0.145957,-6.66407,1.98631,-0.359673
0.165333,-6.65922,1.98732,-0.29858
0.18471,-6.65437,1.98833,-0.237487
0.204086,-6.64952,1.98934,-0.176395
0.223462,-6.64467,1.99035,-0.115302
0.242839,-6.63981,1.99137,-0.0542092
0.262215,-6.63496,1.99238,0.0068836
0.281591,-6.63011,1.99339,0.0679764
0.300968,-6.62526,1.9944,0.129069
0.320344,-6.62041,1.99542,0.190162
0.33972,-6.61556,1.99643,0.251255
0.359097,-6.61071,1.99744,0.312347
0.378473,-6.60586,1.99845,0.37344
0.397849,-6.60101,1.99946,0.434533
0.417226,-6.59615,2.00048,0.495626
0.436602,-6.5913,2.00149,0.556718
0.455978,-6.58645,2.0025,0.617811
0.475355,-6.5816,2.00351,0.678904
0.494731,-6.57675,2.00452,0.739997
0.514108,-6.5719,2.00554,0.80109
0.533484,-6.56705,2.00655,0.862182
0.55286,-6.5622,2.00756,0.923275
0.565456,-6.56499,2.01246,1.00116
0.578053,-6.56779,2.01736,1.07904
0.590649,-6.57058,2.02225,1.15692
0.603245,-6.57338,2.02715,1.2348
0.615841,-6.57617,2.03205,1.31269
0.628438,-6.57897,2.03695,1.39057
0.641034,-6.58176,2.04185,1.46845
0.65363,-6.58456,2.04674,1.54633
0.666226,-6.58736,2.05164,1.62421
0.678823,-6.59015,2.05654,1.7021
0.691419,-6.59295,2.06144,1.77998
0.704015,-6.59574,2.06634,1.85786
0.716611,-6.59854,2.07123,1.93574
0.729208,-6.60133,2.07613,2.01362
0.741804,-6.60413,2.08103,2.09151
0.7544,-6.60692,2.08593,2.16939
0.766996,-6.60972,2.09082,2.24727
0.779593,-6.61251,2.09572,2.32515
0.792189,-6.61531,2.10062,2.40303
0.804785,-6.6181,2.10552,2.48092
0.817381,-6.6209,2.11042,2.5588
0.829978,-6.6237,2.11531,2.63668
0.842574,-6.62649,2.12021,2.71456
0.85517,-6.62929,2.12511,2.79244
0.867766,-6.63208,2.13001,2.87033
0.880363,-6.63488,2.1349,2.94821
0.892959,-6.63767,2.1398,3.02609
0.905555,-6.64047,2.1447,3.10397
0.918151,-6.64326,2.1496,-3.10133
0.930748,-6.64606,2.1545,-3.02345
0.943344,-6.64885,2.15939,-2.94557
0.95594,-6.65165,2.16429,-2.86769
0.968536,-6.65444,2.16919,-2.7898
0.981132,-6.65724,2.17409,-2.71192
0.993729,-6.66004,2.17898,-2.63404
1.00632,-6.66283,2.18388,-2.55616
1.01892,-6.66563,2.18878,-2.47828
1.03152,-6.66842,2.19368,-2.40039
1.04411,-6.67122,2.19858,-2.32251
1.05671,-6.67401,2.20347,-2.24463
1.07589,-6.67318,2.19786,-2.18241
1.09507,-6.67235,2.19224,-2.12019
1.11424,-6.67152,2.18663,-2.05796
1.13342,-6.67069,2.18101,-1.99574
1.1526,-6.66986,2.1754,-1.93352
1.17178,-6.66902,2.16979,-1.8713
1.19095,-6.66819,2.16417,-1.80907
1.21013,-6.66736,2.15856,-1.74685
1.22931,-6.66653,2.15294,-1.68463
1.24849,-6.6657,2.14733,-1.62241
1.26766,-6.66487,2.14171,-1.56018
1.28684,-6.66404,2.1361,-1.49796
1.30602,-6.6632,2.13048,-1.43574
1.3252,-6.66237,2.12487,-1.37352
1.34438,-6.66154,2.11925,-1.31129
1.36355,-6.66071,2.11364,-1.24907
1.38273,-6.65988,2.10802,-1.18685
1.40191,-6.65905,2.10241,-1.12463
1.42109,-6.65822,2.09679,-1.0624
1.44026,-6.65738,2.09118,-1.00018
1.45944,-6.65655,2.08556,-0.937959
1.47862,-6.65572,2.07995,-0.875736
1.4978,-6.65489,2.07433,-0.813514
1.51697,-6.65406,2.06872,-0.751291
1.53615,-6.65323,2.0631,-0.689069
1.55533,-6.6524,2.05749,-0.626846
1.57451,-6.65157,2.05188,-0.564624
1.59368,-6.65073,2.04626,-0.502402
1.61286,-6.6499,2.04065,-0.440179
1.63204,-6.64907,2.03503,-0.377957
1.65122,-6.64824,2.02942,-0.315734
1.6704,-6.64741,2.0238,-0.253512
1.68957,-6.64658,2.01819,-0.191289
1.70875,-6.64575,2.01257,-0.129067
1.72793,-6.64491,2.00696,-0.0668444
1.74711,-6.64408,2.00134,-0.00462197
1.76628,-6.64325,1.99573,0.0576005
1.78546,-6.64242,1.99011,0.119823
1.80464,-6.64159,1.9845,0.182045
1.82382,-6.64076,1.97888,0.244268
1.84299,-6.63993,1.97327,0.30649
1.86217,-6.63909,1.96765,0.368713
1.88135,-6.63826,1.96204,0.430935
1.90053,-6.63743,1.95642,0.493158
1.91971,-6.6366,1.95081,0.55538
1.93888,-6.63577,1.94519,0.617602
1.95806,-6.63494,1.93958,0.679825
1.97724,-6.63411,1.93396,0.742047
1.99642,-6.63327,1.92835,0.80427
2.01559,-6.63244,1.92274,0.866492
2.03508,-6.63183,1.91826,0.852156
2.05456,-6.63121,1.91379,0.83782
2.07405,-6.6306,1.90932,0.823484
2.09353,-6.62998,1.90485,0.809148
2.11302,-6.62937,1.90038,0.794812
2.1325,-6.62875,1.89591,0.780476
2.15198,-6.62814,1.89144,0.76614
2.17147,-6.62752,1.88697,0.751803
2.19095,-6.62691,1.8825,0.737467
2.21044,-6.62629,1.87803,0.723131
2.22992,-6.62568,1.87356,0.708795
2.24941,-6.62506,1.86909,0.694459
2.26889,-6.62445,1.86462,0.680123
2.28837,-6.62383,1.86015,0.665787
2.30786,-6.62322,1.85568,0.651451
2.32734,-6.6226,1.85121,0.637115
2.34683,-6.62199,1.84674,0.622778
2.36631,-6.62137,1.84227,0.608442
2.3858,-6.62076,1.8378,0.594106
2.40528,-6.62014,1.83333,0.57977
2.42476,-6.61953,1.82886,0.565434
2.44425,-6.61891,1.82439,0.551098
2.46373,-6.6183,1.81992,0.536762
2.48322,-6.61768,1.81545,0.522426
2.5027,-6.61707,1.81098,0.50809
2.52219,-6.61645,1.80651,0.493753
2.54167,-6.61584,1.80203,0.479417
2.56115,-6.61522,1.79756,0.465081
2.58064,-6.61461,1.79309,0.450745
2.60012,-6.61399,1.78862,0.436409
2.61961,-6.61338,1.78415,0.422073
2.63909,-6.61276,1.77968,0.407737
2.65858,-6.61215,1.77521,0.393401
2.67806,-6.61153,1.77074,0.379065
2.69754,-6.61092,1.76627,0.364729
2.71703,-6.6103,1.7618,0.350392
2.73651,-6.60969,1.75733,0.336056
2.756,-6.60907,1.75286,0.32172
2.77548,-6.60846,1.74839,0.307384
2.79497,-6.60784,1.74392,0.293048
2.81445,-6.60723,1.73945,0.278712
2.83393,-6.60661,1.73498,0.264376
2.85342,-6.606,1.73051,0.25004
2.8729,-6.60538,1.72604,0.235704
2.89239,-6.60477,1.72157,0.221367
2.91187,-6.60415,1.7171,0.207031
2.93135,-6.60354,1.71263,0.192695
2.95084,-6.60292,1.70816,0.178359
2.97032,-6.60231,1.70369,0.164023
2.98981,-6.60169,1.69922,0.149687
2.97142,-6.60643,1.69294,0.130856
2.95302,-6.61117,1.68667,0.112026
2.93463,-6.6159,1.6804,0.0931952
2.91624,-6.62064,1.67413,0.0743646
2.89785,-6.62538,1.66786,0.055534
2.87946,-6.63011,1.66159,0.0367034
2.86107,-6.63485,1.65532,0.0178728
2.84268,-6.63959,1.64905,-0.000957744
2.82428,-6.64432,1.64278,-0.0197883
2.80589,-6.64906,1.63651,-0.0386189
2.7875,-6.65379,1.63024,-0.0574495
2.76911,-6.65853,1.62397,-0.0762801
2.75072,-6.66327,1.6177,-0.0951106
2.73233,-6.668,1.61143,-0.113941
2.71394,-6.67274,1.60516,-0.132772
2.69554,-6.67748,1.59889,-0.151602
2.67715,-6.68221,1.59262,-0.170433
2.65876,-6.68695,1.58634,-0.189264
2.64037,-6.69169,1.58007,-0.208094
2.62198,-6.69642,1.5738,-0.226925
2.60359,-6.70116,1.56753,-0.245755
2.5852,-6.70589,1.56126,-0.264586
2.5668,-6.71063,1.55499,-0.283416
2.54841,-6.71537,1.54872,-0.302247
2.53002,-6.7201,1.54245,-0.321078
2.51163,-6.72484,1.53618,-0.339908
2.49324,-6.72958,1.52991,-0.358739
2.47485,-6.73431,1.52364,-0.377569
2.45646,-6.73905,1.51737,-0.3964
2.43806,-6.74379,1.5111,-0.41523
2.41967,-6.74852,1.50483,-0.434061
2.40128,-6.75326,1.49856,-0.452892
2.38289,-6.75799,1.49229,-0.471722
2.3645,-6.76273,1.48601,-0.490553
2.34611,-6.76747,1.47974,-0.509383
2.32772,-6.7722,1.47347,-0.528214
2.30932,-6.77694,1.4672,-0.547045
2.29093,-6.78168,1.46093,-0.565875
2.27254,-6.78641,1.45466,-0.584706
2.25415,-6.79115,1.44839,-0.603536
2.23576,-6.79589,1.44212,-0.622367
2.21737,-6.80062,1.43585,-0.641197
2.19897,-6.80536,1.42958,-0.660028
2.18058,-6.8101,1.42331,-0.678859
2.16219,-6.81483,1.41704,-0.697689
2.1438,-6.81957,1.41077,-0.71652
2.12541,-6.8243,1.4045,-0.73535
2.10702,-6.82904,1.39823,-0.754181
2.08863,-6.83378,1.39196,-0.773011
2.07023,-6.83851,1.38568,-0.791842
2.06727,-6.82005,1.3786,-0.817589
2.0643,-6.80158,1.37151,-0.843337
2.06133,-6.78312,1.36443,-0.869084
2.05836,-6.76465,1.35734,-0.894832
2.05539,-6.74619,1.35026,-0.920579
2.05242,-6.72772,1.34317,-0.946326
2.04945,-6.70926,1.33608,-0.972074
2.04648,-6.69079,1.329,-0.997821
2.04351,-6.67232,1.32191,-1.02357
2.04054,-6.65386,1.31483,-1.04932
2.03758,-6.63539,1.30774,-1.07506
2.03461,-6.61693,1.30065,-1.10081
2.03164,-6.59846,1.29357,-1.12656
2.02867,-6.58,1.28648,-1.15231
2.0257,-6.56153,1.2794,-1.17805
2.02273,-6.54307,1.27231,-1.2038
2.01976,-6.5246,1.26522,-1.22955
2.01679,-6.50613,1.25814,-1.25529
2.01382,-6.48767,1.25105,-1.28104
2.01086,-6.4692,1.24397,-1.30679
2.00789,-6.45074,1.23688,-1.33254
2.00492,-6.43227,1.22979,-1.35828
2.00195,-6.41381,1.22271,-1.38403
1.99898,-6.39534,1.21562,-1.40978
1.99601,-6.37688,1.20854,-1.43553
1.99304,-6.35841,1.20145,-1.46127
1.99007,-6.33994,1.19436,-1.48702
1.9871,-6.32148,1.18728,-1.51277
1.98413,-6.30301,1.18019,-1.53852
1.98117,-6.28455,1.17311,-1.56426
1.9782,-6.26608,1.16602,-1.59001
1.97523,-6.24762,1.15894,-1.61576
1.97226,-6.22915,1.15185,-1.64151
1.96929,-6.21069,1.14476,-1.66725
1.96632,-6.19222,1.13768,-1.693
1.96335,-6.17376,1.13059,-1.71875
1.96038,-6.15529,1.12351,-1.74449
1.95741,-6.13682,1.11642,-1.77024
1.95444,-6.11836,1.10933,-1.79599
1.95148,-6.09989,1.10225,-1.82174
1.94851,-6.08143,1.09516,-1.84748
1.94554,-6.06296,1.08808,-1.87323
1.94257,-6.0445,1.08099,-1.89898
1.9396,-6.02603,1.0739,-1.92473
1.93663,-6.00757,1.06682,-1.95047
1.93366,-5.9891,1.05973,-1.97622
1.93069,-5.97063,1.05265,-2.00197
1.92772,-5.95217,1.04556,-2.02772
1.92476,-5.9337,1.03847,-2.05346
1.92179,-5.91524,1.03139,-2.07921
1.90595,-5.92637,1.02636,-2.11735
1.89011,-5.9375,1.02134,-2.1555
1.87428,-5.94864,1.01631,-2.19364
1.85844,-5.95977,1.01128,-2.23179
1.8426,-5.9709,1.00625,-2.26993
1.82677,-5.98203,1.00123,-2.30808
1.81093,-5.99317,0.996201,-2.34622
1.79509,-6.0043,0.991175,-2.38436
1.77926,-6.01543,0.986148,-2.42251
1.76342,-6.02656,0.981121,-2.46065
1.74758,-6.0377,0.976094,-2.4988
1.73175,-6.04883,0.971068,-2.53694
1.71591,-6.05996,0.966041,-2.57508
1.70007,-6.07109,0.961014,-2.61323
1.68424,-6.08223,0.955987,-2.65137
1.6684,-6.09336,0.950961,-2.68952
1.65256,-6.10449,0.945934,-2.72766
1.63673,-6.11562,0.940907,-2.7658
1.62089,-6.12676,0.93588,-2.80395
1.60505,-6.13789,0.930854,-2.84209
1.58922,-6.14902,0.925827,-2.88024
1.57338,-6.16015,0.9208,-2.91838
1.55754,-6.17129,0.915773,-2.95653
1.54171,-6.18242,0.910747,-2.99467
1.52587,-6.19355,0.90572,-3.03281
1.51003,-6.20468,0.900693,-3.07096
1.4942,-6.21581,0.895667,-3.1091
1.47836,-6.22695,0.89064,3.13594
1.46252,-6.23808,0.885613,3.0978
1.44669,-6.24921,0.880586,3.05965
1.43085,-6.26034,0.87556,3.02151
1.41501,-6.27148,0.870533,2.98336
1.39918,-6.28261,0.865506,2.94522
1.38334,-6.29374,0.860479,2.90707
1.3675,-6.30487,0.855453,2.86893
1.35167,-6.31601,0.850426,2.83079
1.33583,-6.32714,0.845399,2.79264
1.31999,-6.33827,0.840372,2.7545
1.30416,-6.3494,0.835346,2.71635
1.28832,-6.36054,0.830319,2.67821
1.27248,-6.37167,0.825292,2.64007
1.25665,-6.3828,0.820265,2.60192
1.24081,-6.39393,0.815239,2.56378
1.22497,-6.40507,0.810212,2.52563
1.20914,-6.4162,0.805185,2.48749
1.1933,-6.42733,0.800158,2.44935
1.17746,-6.43846,0.795132,2.4112
1.16163,-6.4496,0.790105,2.37306
1.14579,-6.46073,0.785078,2.33491
1.12995,-6.47186,0.780051,2.29677
1.14567,-6.46251,0.788158,2.27027
1.16138,-6.45317,0.796266,2.24378
1.17709,-6.44382,0.804373,2.21728
1.19281,-6.43447,0.81248,2.19079
1.20852,-6.42512,0.820587,2.16429
1.22423,-6.41578,0.828694,2.1378
1.23994,-6.40643,0.836801,2.1113
1.25566,-6.39708,0.844909,2.08481
1.27137,-6.38774,0.853016,2.05831
1.28708,-6.37839,0.861123,2.03181
1.3028,-6.36904,0.86923,2.00532
1.31851,-6.35969,0.877337,1.97882
1.33422,-6.35035,0.885444,1.95233
1.34994,-6.341,0.893551,1.92583
1.36565,-6.33165,0.901659,1.89934
1.38136,-6.3223,0.909766,1.87284
1.39708,-6.31296,0.917873,1.84635
1.41279,-6.30361,0.92598,1.81985
1.4285,-6.29426,0.934087,1.79336
1.44421,-6.28491,0.942194,1.76686
1.45993,-6.27557,0.950302,1.74036
1.47564,-6.26622,0.958409,1.71387
1.49135,-6.25687,0.966516,1.68737
1.50707,-6.24752,0.974623,1.66088
1.52278,-6.23818,0.98273,1.63438
1.53849,-6.22883,0.990837,1.60789
1.55421,-6.21948,0.998944,1.58139
1.56992,-6.21013,1.00705,1.5549
1.58563,-6.20079,1.01516,1.5284
1.60134,-6.19144,1.02327,1.50191
1.61706,-6.18209,1.03137,1.47541
1.63277,-6.17274,1.03948,1.44891
1.64848,-6.1634,1.04759,1.42242
1.6642,-6.15405,1.05569,1.39592
1.67991,-6.1447,1.0638,1.36943
1.69562,-6.13536,1.07191,1.34293
1.71134,-6.12601,1.08002,1.31644
1.72705,-6.11666,1.08812,1.28994
1.74276,-6.10731,1.09623,1.26345
1.75848,-6.09797,1.10434,1.23695
1.77419,-6.08862,1.11244,1.21045
1.7899,-6.07927,1.12055,1.18396
1.80561,-6.06992,1.12866,1.15746
1.82133,-6.06058,1.13677,1.13097
1.83704,-6.05123,1.14487,1.10447
1.85275,-6.04188,1.15298,1.07798
1.86847,-6.03253,1.16109,1.05148
1.88418,-6.02319,1.16919,1.02499
1.89989,-6.01384,1.1773,0.998491
1.91561,-6.00449,1.18541,0.971996
1.91938,-5.98485,1.18565,0.949844
1.92316,-5.96521,1.1859,0.927693
1.92693,-5.94558,1.18614,0.905541
1.93071,-5.92594,1.18639,0.883389
1.93448,-5.9063,1.18663,0.861238
1.93826,-5.88666,1.18688,0.839086
1.94204,-5.86702,1.18712,0.816934
1.94581,-5.84738,1.18736,0.794783
1.94959,-5.82774,1.18761,0.772631
1.95336,-5.8081,1.18785,0.75048
1.95714,-5.78846,1.1881,0.728328
1.96091,-5.76883,1.18834,0.706176
1.96469,-5.74919,1.18859,0.684025
1.96847,-5.72955,1.18883,0.661873
1.97224,-5.70991,1.18908,0.639722
1.97602,-5.69027,1.18932,0.61757
1.97979,-5.67063,1.18957,0.595418
1.98357,-5.65099,1.18981,0.573267
1.98734,-5.63135,1.19005,0.551115
1.99112,-5.61171,1.1903,0.528963
1.9949,-5.59208,1.19054,0.506812
1.99867,-5.57244,1.19079,0.48466
2.00245,-5.5528,1.19103,0.462509
2.00622,-5.53316,1.19128,0.440357
2.01,-5.51352,1.19152,0.418205
2.01377,-5.49388,1.19177,0.396054
2.01755,-5.47424,1.19201,0.373902
2.02133,-5.4546,1.19225,0.35175
2.0251,-5.43497,1.1925,0.329599
2.02888,-5.41533,1.19274,0.307447
2.03265,-5.39569,1.19299,0.285296
2.03643,-5.37605,1.19323,0.263144
2.0402,-5.35641,1.19348,0.240992
2.04398,-5.33677,1.19372,0.218841
2.04776,-5.31713,1.19397,0.196689
2.05153,-5.29749,1.19421,0.174537
2.05531,-5.27785,1.19446,0.152386
2.05908,-5.25822,1.1947,0.130234
2.06286,-5.23858,1.19494,0.108083
2.06663,-5.21894,1.19519,0.085931
2.07041,-5.1993,1.19543,0.0637793
2.07418,-5.17966,1.19568,0.0416277
2.07796,-5.16002,1.19592,0.0194761
2.08174,-5.14038,1.19617,-0.00267552
2.08551,-5.12074,1.19641,-0.0248271
2.08929,-5.1011,1.19666,-0.0469788
2.09306,-5.08147,1.1969,-0.0691304
2.09684,-5.06183,1.19714,-0.091282
2.10061,-5.04219,1.19739,-0.113434
2.10439,-5.02255,1.19763,-0.135585
2.12358,-5.0239,1.2031,-0.169281
2.14277,-5.02525,1.20857,-0.202977
2.16196,-5.0266,1.21404,-0.236672
2.18115,-5.02795,1.21951,-0.270368
2.20034,-5.0293,1.22498,-0.304064
2.21953,-5.03065,1.23045,-0.33776
2.23872,-5.032,1.23592,-0.371455
2.25791,-5.03335,1.24139,-0.405151
2.2771,-5.0347,1.24686,-0.438847
2.29629,-5.03605,1.25233,-0.472542
2.31548,-5.0374,1.2578,-0.506238
2.33467,-5.03875,1.26328,-0.539934
2.35386,-5.04009,1.26875,-0.573629
2.37305,-5.04144,1.27422,-0.607325
2.39224,-5.04279,1.27969,-0.641021
2.41143,-5.04414,1.28516,-0.674717
2.43062,-5.04549,1.29063,-0.708412
2.44981,-5.04684,1.2961,-0.742108
2.469,-5.04819,1.30157,-0.775804
2.48819,-5.04954,1.30704,-0.809499
2.50738,-5.05089,1.31251,-0.843195
2.52657,-5.05224,1.31798,-0.876891
2.54576,-5.05359,1.32345,-0.910587
2.56495,-5.05494,1.32892,-0.944282
2.58414,-5.05629,1.33439,-0.977978
2.60333,-5.05764,1.33986,-1.01167
2.62252,-5.05899,1.34533,-1.04537
2.64171,-5.06034,1.3508,-1.07907
2.6609,-5.06169,1.35627,-1.11276
2.68009,-5.06304,1.36174,-1.14646
2.69928,-5.06439,1.36721,-1.18015
2.71847,-5.06574,1.37268,-1.21385
2.73766,-5.06709,1.37815,-1.24754
2.75685,-5.06844,1.38362,-1.28124
2.77604,-5.06979,1.38909,-1.31494
2.79523,-5.07114,1.39456,-1.34863
2.81442,-5.07249,1.40003,-1.38233
2.83361,-5.07384,1.4055,-1.41602
2.8528,-5.07519,1.41097,-1.44972
2.87199,-5.07654,1.41644,-1.48341
2.89118,-5.07789,1.42191,-1.51711
2.91037,-5.07923,1.42738,-1.55081
2.92956,-5.08058,1.43285,-1.5845
2.94875,-5.08193,1.43832,-1.6182
2.96794,-5.08328,1.44379,-1.65189
2.98713,-5.08463,1.44926,-1.68559
3.00632,-5.08598,1.45473,-1.71928
3.02551,-5.08733,1.4602,-1.75298
3.0447,-5.08868,1.46567,-1.78667
3.06389,-5.09003,1.47114,-1.82037
3.07115,-5.07149,1.46932,-1.76088
3.07842,-5.05294,1.46749,-1.70139
3.08568,-5.0344,1.46567,-1.6419
3.09294,-5.01585,1.46384,-1.5824
3.1002,-4.99731,1.46202,-1.52291
3.10747,-4.97876,1.4602,-1.46342
3.11473,-4.96022,1.45837,-1.40393
3.12199,-4.94167,1.45655,-1.34444
3.12926,-4.92313,1.45473,-1.28494
3.13652,-4.90458,1.4529,-1.22545
3.14378,-4.88603,1.45108,-1.16596
3.15104,-4.86749,1.44925,-1.10647
3.15831,-4.84894,1.44743,-1.04698
3.16557,-4.8304,1.44561,-0.987486
3.17283,-4.81185,1.44378,-0.927994
3.18009,-4.79331,1.44196,-0.868502
3.18736,-4.77476,1.44013,-0.809011
3.19462,-4.75622,1.43831,-0.749519
3.20188,-4.73767,1.43649,-0.690027
3.20915,-4.71913,1.43466,-0.630535
3.21641,-4.70058,1.43284,-0.571043
3.22367,-4.68204,1.43101,-0.511552
3.23093,-4.66349,1.42919,-0.45206
3.2382,-4.64495,1.42737,-0.392568
3.24546,-4.6264,1.42554,-0.333076
3.25272,-4.60786,1.42372,-0.273585
3.25999,-4.58931,1.42189,-0.214093
3.26725,-4.57077,1.42007,-0.154601
3.27451,-4.55222,1.41825,-0.0951092
3.28177,-4.53368,1.41642,-0.0356175
3.28904,-4.51513,1.4146,0.0238743
3.2963,-4.49658,1.41278,0.0833661
3.30356,-4.47804,1.41095,0.142858
3.31082,-4.45949,1.40913,0.20235
3.31809,-4.44095,1.4073,0.261841
3.32535,-4.4224,1.40548,0.321333
3.33261,-4.40386,1.40366,0.380825
3.33988,-4.38531,1.40183,0.440317
3.34714,-4.36677,1.40001,0.499809
3.3544,-4.34822,1.39818,0.5593
3.36166,-4.32968,1.39636,0.618792
3.36893,-4.31113,1.39454,0.678284
3.37619,-4.29259,1.39271,0.737776
3.38345,-4.27404,1.39089,0.797267
3.39072,-4.2555,1.38906,0.856759
3.39798,-4.23695,1.38724,0.916251
3.40524,-4.21841,1.38542,0.975743
3.4125,-4.19986,1.38359,1.03523
3.41977,-4.18132,1.38177,1.09473
3.42703,-4.16277,1.37995,1.15422
3.41646,-4.14656,1.38498,1.15705
3.40589,-4.13034,1.39002,1.15988
3.39531,-4.11413,1.39506,1.16271
3.38474,-4.09792,1.4001,1.16553
3.37417,-4.08171,1.40514,1.16836
3.3636,-4.06549,1.41018,1.17119
3.35303,-4.04928,1.41521,1.17402
3.34246,-4.03307,1.42025,1.17685
3.33189,-4.01685,1.42529,1.17968
3.32131,-4.00064,1.43033,1.18251
3.31074,-3.98443,1.43537,1.18534
3.30017,-3.96822,1.44041,1.18817
3.2896,-3.952,1.44545,1.191
3.27903,-3.93579,1.45048,1.19383
3.26846,-3.91958,1.45552,1.19666
3.25789,-3.90336,1.46056,1.19948
3.24731,-3.88715,1.4656,1.20231
3.23674,-3.87094,1.47064,1.20514
3.22617,-3.85473,1.47568,1.20797
3.2156,-3.83851,1.48071,1.2108
3.20503,-3.8223,1.48575,1.21363
3.19446,-3.80609,1.49079,1.21646
3.18388,-3.78987,1.49583,1.21929
3.17331,-3.77366,1.50087,1.22212
3.16274,-3.75745,1.50591,1.22495
3.15217,-3.74124,1.51095,1.22778
3.1416,-3.72502,1.51598,1.23061
3.13103,-3.70881,1.52102,1.23343
3.12046,-3.6926,1.52606,1.23626
3.10988,-3.67638,1.5311,1.23909
3.09931,-3.66017,1.53614,1.24192
3.08874,-3.64396,1.54118,1.24475
3.07817,-3.62775,1.54621,1.24758
3.0676,-3.61153,1.55125,1.25041
3.05703,-3.59532,1.55629,1.25324
3.04646,-3.57911,1.56133,1.25607
3.03588,-3.56289,1.56637,1.2589
3.02531,-3.54668,1.57141,1.26173
3.01474,-3.53047,1.57645,1.26456
3.00417,-3.51426,1.58148,1.26738
2.9936,-3.49804,1.58652,1.27021
2.98303,-3.48183,1.59156,1.27304
2.97245,-3.46562,1.5966,1.27587
2.96188,-3.4494,1.60164,1.2787
2.95131,-3.43319,1.60668,1.28153
2.94074,-3.41698,1.61171,1.28436
2.93017,-3.40077,1.61675,1.28719
2.9196,-3.38455,1.62179,1.29002
2.90903,-3.36834,1.62683,1.29285
2.89845,-3.35213,1.63187,1.29568
2.89825,-3.37083,1.6248,1.28862
2.89804,-3.38954,1.61773,1.28157
2.89783,-3.40825,1.61066,1.27452
2.89763,-3.42696,1.60359,1.26746
2.89742,-3.44567,1.59653,1.26041
2.89721,-3.46438,1.58946,1.25336
2.897,-3.48308,1.58239,1.24631
2.8968,-3.50179,1.57532,1.23925
2.89659,-3.5205,1.56825,1.2322
2.89638,-3.53921,1.56118,1.22515
2.89617,-3.55792,1.55411,1.21809
2.89597,-3.57662,1.54705,1.21104
2.89576,-3.59533,1.53998,1.20399
2.89555,-3.61404,1.53291,1.19694
2.89535,-3.63275,1.52584,1.18988
2.89514,-3.65146,1.51877,1.18283
2.89493,-3.67016,1.5117,1.17578
2.89472,-3.68887,1.50463,1.16872
2.89452,-3.70758,1.49757,1.16167
2.89431,-3.72629,1.4905,1.15462
2.8941,-3.745,1.48343,1.14757
2.8939,-3.7637,1.47636,1.14051
2.89369,-3.78241,1.46929,1.13346
2.89348,-3.80112,1.46222,1.12641
2.89327,-3.81983,1.45515,1.11935
2.89307,-3.83854,1.44809,1.1123
2.89286,-3.85724,1.44102,1.10525
2.89265,-3.87595,1.43395,1.0982
2.89244,-3.89466,1.42688,1.09114
2.89224,-3.91337,1.41981,1.08409
2.89203,-3.93208,1.41274,1.07704
2.89182,-3.95079,1.40567,1.06998
2.89162,-3.96949,1.39861,1.06293
2.89141,-3.9882,1.39154,1.05588
2.8912,-4.00691,1.38447,1.04883
2.89099,-4.02562,1.3774,1.04177
2.89079,-4.04433,1.37033,1.03472
2.89058,-4.06303,1.36326,1.02767
2.89037,-4.08174,1.35619,1.02061
2.89017,-4.10045,1.34913,1.01356
2.88996,-4.11916,1.34206,1.00651
2.88975,-4.13787,1.33499,0.999456
2.88954,-4.15657,1.32792,0.992403
2.88934,-4.17528,1.32085,0.98535
2.88913,-4.19399,1.31378,0.978298
2.88892,-4.2127,1.30671,0.971245
2.88871,-4.23141,1.29965,0.964192
2.88851,-4.25011,1.29258,0.957139
2.8883,-4.26882,1.28551,0.950086
2.88809,-4.28753,1.27844,0.943033
2.9011,-4.28105,1.29218,0.911314
2.91411,-4.27457,1.30592,0.879595
2.92712,-4.26809,1.31966,0.847875
2.94014,-4.26162,1.33339,0.816156
2.95315,-4.25514,1.34713,0.784437
2.96616,-4.24866,1.36087,0.752717
2.97917,-4.24218,1.37461,0.720998
2.99218,-4.2357,1.38835,0.689279
3.00519,-4.22922,1.40209,0.657559
3.0182,-4.22274,1.41583,0.62584
3.03121,-4.21626,1.42956,0.594121
3.04422,-4.20978,1.4433,0.562401
3.05723,-4.20331,1.45704,0.530682
3.07024,-4.19683,1.47078,0.498963
3.08325,-4.19035,1.48452,0.467243
3.09626,-4.18387,1.49826,0.435524
3.10927,-4.17739,1.512,0.403805
3.12228,-4.17091,1.52574,0.372085
3.13529,-4.16443,1.53947,0.340366
3.1483,-4.15795,1.55321,0.308647
3.16131,-4.15147,1.56695,0.276928
3.17432,-4.14499,1.58069,0.245208
3.18733,-4.13852,1.59443,0.213489
3.20035,-4.13204,1.60817,0.18177
3.21336,-4.12556,1.62191,0.15005
3.22637,-4.11908,1.63564,0.118331
3.23938,-4.1126,1.64938,0.0866116
3.25239,-4.10612,1.66312,0.0548923
3.2654,-4.09964,1.67686,0.0231729
3.27841,-4.09316,1.6906,-0.00854638
3.29142,-4.08668,1.70434,-0.0402657
3.30443,-4.08021,1.71808,-0.071985
3.31744,-4.07373,1.73181,-0.103704
3.33045,-4.06725,1.74555,-0.135424
3.34346,-4.06077,1.75929,-0.167143
3.35647,-4.05429,1.77303,-0.198862
3.36948,-4.04781,1.78677,-0.230582
3.38249,-4.04133,1.80051,-0.262301
3.3955,-4.03485,1.81425,-0.29402
3.40851,-4.02837,1.82799,-0.32574
3.42152,-4.0219,1.84172,-0.357459
3.42832,-4.01851,1.8489,-0.374029
3.42869,-4.03754,1.85504,-0.3574
3.42907,-4.05657,1.86118,-0.340772
3.42944,-4.0756,1.86733,-0.324143
3.42982,-4.09463,1.87347,-0.307514
3.43019,-4.11366,1.87961,-0.290886
3.43056,-4.13269,1.88575,-0.274257
3.43094,-4.15172,1.89189,-0.257629
3.43131,-4.17075,1.89803,-0.241
3.43168,-4.18978,1.90417,-0.224371
3.43206,-4.20881,1.91032,-0.207743
3.43243,-4.22784,1.91646,-0.191114
3.43281,-4.24687,1.9226,-0.174485
3.43318,-4.2659,1.92874,-0.157857
3.43355,-4.28493,1.93488,-0.141228
3.43393,-4.30396,1.94102,-0.124599
3.4343,-4.32299,1.94717,-0.107971
3.43467,-4.34202,1.95331,-0.0913421
3.43505,-4.36105,1.95945,-0.0747134
3.43542,-4.38008,1.96559,-0.0580848
3.4358,-4.39911,1.97173,-0.0414561
3.43617,-4.41814,1.97787,-0.0248275
3.43654,-4.43717,1.98401,-0.00819884
3.43692,-4.4562,1.99016,0.00842981
3.43729,-4.47523,1.9963,0.0250585
3.43767,-4.49426,2.00244,0.0416871
3.43804,-4.51329,2.00858,0.0583157
3.43841,-4.53232,2.01472,0.0749444
3.43879,-4.55135,2.02086,0.091573
3.43916,-4.57038,2.027,0.108202
3.43953,-4.58941,2.03315,0.12483
3.43991,-4.60844,2.03929,0.141459
3.44028,-4.62747,2.04543,0.158088
3.44066,-4.6465,2.05157,0.174716
3.44103,-4.66553,2.05771,0.191345
3.4414,-4.68456,2.06385,0.207974
3.44178,-4.70359,2.07,0.224602
3.44215,-4.72262,2.07614,0.241231
3.44252,-4.74165,2.08228,0.257859
3.4429,-4.76068,2.08842,0.274488
3.44327,-4.77971,2.09456,0.291117
3.44365,-4.79874,2.1007,0.307745
3.44402,-4.81777,2.10684,0.324374
3.44439,-4.8368,2.11299,0.341003
3.44477,-4.85583,2.11913,0.357631
3.44514,-4.87486,2.12527,0.37426
3.44551,-4.89389,2.13141,0.390889
3.44589,-4.91292,2.13755,0.407517
3.44626,-4.93195,2.14369,0.424146
3.44664,-4.95098,2.14983,0.440775
3.44701,-4.97001,2.15598,0.457403
3.45999,-4.98515,2.15437,0.465883
3.47296,-5.00028,2.15277,0.474364
3.48594,-5.01541,2.15117,0.482844
3.49892,-5.03055,2.14957,0.491324
3.51189,-5.04568,2.14796,0.499804
3.52487,-5.06082,2.14636,0.508285
3.53785,-5.07595,2.14476,0.516765
3.55083,-5.09108,2.14316,0.525245
3.5638,-5.10622,2.14156,0.533725
3.57678,-5.12135,2.13995,0.542206
3.58976,-5.13648,2.13835,0.550686
3.60273,-5.15162,2.13675,0.559166
3.61571,-5.16675,2.13515,0.567646
3.62869,-5.18189,2.13354,0.576126
3.64166,-5.19702,2.13194,0.584607
3.65464,-5.21215,2.13034,0.593087
3.66762,-5.22729,2.12874,0.601567
3.68059,-5.24242,2.12714,0.610047
3.69357,-5.25755,2.12553,0.618528
3.70655,-5.27269,2.12393,0.627008
3.71953,-5.28782,2.12233,0.635488
3.7325,-5.30296,2.12073,0.643968
3.74548,-5.31809,2.11912,0.652448
3.75846,-5.33322,2.11752,0.660929
3.77143,-5.34836,2.11592,0.669409
3.78441,-5.36349,2.11432,0.677889
3.79739,-5.37862,2.11271,0.686369
3.81036,-5.39376,2.11111,0.69485
3.82334,-5.40889,2.10951,0.70333
3.83632,-5.42403,2.10791,0.71181
3.8493,-5.43916,2.10631,0.72029
3.86227,-5.45429,2.1047,0.72877
3.87525,-5.46943,2.1031,0.737251
3.88823,-5.48456,2.1015,0.745731
3.9012,-5.4997,2.0999,0.754211
3.91418,-5.51483,2.09829,0.762691
3.92716,-5.52996,2.09669,0.771172
3.94013,-5.5451,2.09509,0.779652
3.95311,-5.56023,2.09349,0.788132
3.96609,-5.57536,2.09189,0.796612
3.97906,-5.5905,2.09028,0.805092
3.99204,-5.60563,2.08868,0.813573
4.00502,-5.62077,2.08708,0.822053
4.018,-5.6359,2.08548,0.830533
4.03097,-5.65103,2.08387,0.839013
4.04395,-5.66617,2.08227,0.847494
4.05693,-5.6813,2.08067,0.855974
4.0699,-5.69643,2.07907,0.864454
4.08288,-5.71157,2.07747,0.872934
4.09586,-5.7267,2.07586,0.881415
4.07925,-5.73736,2.07911,0.923456
4.06264,-5.74802,2.08235,0.965497
4.04603,-5.75868,2.0856,1.00754
4.02942,-5.76934,2.08884,1.04958
4.01281,-5.78,2.09209,1.09162
3.99621,-5.79066,2.09533,1.13366
3.9796,-5.80132,2.09858,1.1757
3.96299,-5.81198,2.10182,1.21775
3.94638,-5.82264,2.10507,1.25979
3.92977,-5.8333,2.10831,1.30183
3.91316,-5.84396,2.11156,1.34387
3.89655,-5.85462,2.1148,1.38591
3.87995,-5.86528,2.11805,1.42795
3.86334,-5.87594,2.12129,1.46999
3.84673,-5.8866,2.12454,1.51204
3.83012,-5.89725,2.12778,1.55408
3.81351,-5.90791,2.13103,1.59612
3.7969,-5.91857,2.13427,1.63816
3.7803,-5.92923,2.13752,1.6802
3.76369,-5.93989,2.14076,1.72224
3.74708,-5.95055,2.14401,1.76428
3.73047,-5.96121,2.14725,1.80633
3.71386,-5.97187,2.1505,1.84837
3.69725,-5.98253,2.15374,1.89041
3.68064,-5.99319,2.15699,1.93245
3.66404,-6.00385,2.16023,1.97449
3.64743,-6.01451,2.16348,2.01653
3.63082,-6.02517,2.16672,2.05857
3.61421,-6.03583,2.16997,2.10062
3.5976,-6.04649,2.17321,2.14266
3.58099,-6.05715,2.17646,2.1847
3.56438,-6.06781,2.1797,2.22674
3.54778,-6.07847,2.18295,2.26878
3.53117,-6.08913,2.18619,2.31082
3.51456,-6.09979,2.18944,2.35286
3.49795,-6.11045,2.19268,2.39491
3.48134,-6.12111,2.19592,2.43695
3.46473,-6.13177,2.19917,2.47899
3.44812,-6.14242,2.20241,2.52103
3.43152,-6.15308,2.20566,2.56307
3.41491,-6.16374,2.2089,2.60511
3.3983,-6.1744,2.21215,2.64715
3.38169,-6.18506,2.21539,2.6892
3.36508,-6.19572,2.21864,2.73124
3.34847,-6.20638,2.22188,2.77328
3.33186,-6.21704,2.22513,2.81532
3.31526,-6.2277,2.22837,2.85736
3.29865,-6.23836,2.23162,2.8994
3.28204,-6.24902,2.23486,2.94144
3.26543,-6.25968,2.23811,2.98349
3.26051,-6.25022,2.22119,2.96768
3.25559,-6.24076,2.20427,2.95187
3.25067,-6.2313,2.18735,2.93607
3.24575,-6.22184,2.17042,2.92026
3.24084,-6.21238,2.1535,2.90445
3.23592,-6.20292,2.13658,2.88865
3.231,-6.19347,2.11966,2.87284
3.22608,-6.18401,2.10274,2.85703
3.22116,-6.17455,2.08582,2.84123
3.21624,-6.16509,2.0689,2.82542
3.21132,-6.15563,2.05198,2.80961
3.2064,-6.14617,2.03505,2.79381
3.20148,-6.13671,2.01813,2.778
3.19657,-6.12725,2.00121,2.76219
3.19165,-6.11779,1.98429,2.74639
3.18673,-6.10833,1.96737,2.73058
3.18181,-6.09887,1.95045,2.71478
3.17689,-6.08941,1.93353,2.69897
3.17197,-6.07995,1.91661,2.68316
3.16705,-6.0705,1.89968,2.66736
3.16213,-6.06104,1.88276,2.65155
3.15721,-6.05158,1.86584,2.63574
3.1523,-6.04212,1.84892,2.61994
3.14738,-6.03266,1.832,2.60413
3.14246,-6.0232,1.81508,2.58832
3.13754,-6.01374,1.79816,2.57252
3.13262,-6.00428,1.78124,2.55671
3.1277,-5.99482,1.76432,2.5409
3.12278,-5.98536,1.74739,2.5251
3.11786,-5.9759,1.73047,2.50929
3.11294,-5.96644,1.71355,2.49348
3.10803,-5.95698,1.69663,2.47768
3.10311,-5.94752,1.67971,2.46187
3.09819,-5.93807,1.66279,2.44606
3.09327,-5.92861,1.64587,2.43026
3.08835,-5.91915,1.62895,2.41445
3.08343,-5.90969,1.61202,2.39865
3.07851,-5.90023,1.5951,2.38284
3.07359,-5.89077,1.57818,2.36703
3.06867,-5.88131,1.56126,2.35123
3.06376,-5.87185,1.54434,2.33542
3.05884,-5.86239,1.52742,2.31961
3.05392,-5.85293,1.5105,2.30381
3.049,-5.84347,1.49358,2.288
3.04408,-5.83401,1.47665,2.27219
3.03916,-5.82455,1.45973,2.25639
3.03424,-5.8151,1.44281,2.24058
3.02932,-5.80564,1.42589,2.22477
3.0244,-5.79618,1.40897,2.20897
3.02088,-5.7894,1.39685,2.19765
3.00116,-5.79255,1.39576,2.18523
2.98144,-5.7957,1.39467,2.17281
2.96172,-5.79885,1.39358,2.16039
2.942,-5.802,1.39249,2.14798
2.92228,-5.80515,1.3914,2.13556
2.90256,-5.8083,1.39031,2.12314
2.88284,-5.81145,1.38922,2.11072
2.86312,-5.8146,1.38813,2.0983
2.8434,-5.81775,1.38704,2.08589
2.82368,-5.8209,1.38595,2.07347
2.80396,-5.82405,1.38486,2.06105
2.78424,-5.82719,1.38377,2.04863
2.76452,-5.83034,1.38268,2.03621
2.7448,-5.83349,1.38159,2.02379
2.72508,-5.83664,1.3805,2.01138
2.70536,-5.83979,1.37941,1.99896
2.68564,-5.84294,1.37833,1.98654
2.66591,-5.84609,1.37724,1.97412
2.64619,-5.84924,1.37615,1.9617
2.62647,-5.85239,1.37506,1.94929
2.60675,-5.85554,1.37397,1.93687
2.58703,-5.85869,1.37288,1.92445
2.56731,-5.86184,1.37179,1.91203
2.54759,-5.86499,1.3707,1.89961
2.52787,-5.86814,1.36961,1.8872
2.50815,-5.87129,1.36852,1.87478
2.48843,-5.87444,1.36743,1.86236
2.46871,-5.87758,1.36634,1.84994
2.44899,-5.88073,1.36525,1.83752
2.42927,-5.88388,1.36416,1.82511
2.40955,-5.88703,1.36307,1.81269
2.38983,-5.89018,1.36198,1.80027
2.37011,-5.89333,1.36089,1.78785
2.35039,-5.89648,1.3598,1.77543
2.33067,-5.89963,1.35871,1.76302
2.31095,-5.90278,1.35762,1.7506
2.29123,-5.90593,1.35653,1.73818
2.27151,-5.90908,1.35544,1.72576
2.25179,-5.91223,1.35435,1.71334
2.23207,-5.91538,1.35326,1.70092
2.21235,-5.91853,1.35217,1.68851
2.19263,-5.92168,1.35108,1.67609
2.17291,-5.92482,1.34999,1.66367
2.15318,-5.92797,1.3489,1.65125
2.13346,-5.93112,1.34781,1.63883
2.11374,-5.93427,1.34672,1.62642
2.09402,-5.93742,1.34563,1.614
2.0743,-5.94057,1.34454,1.60158
2.05458,-5.94372,1.34345,1.58916
2.03486,-5.94687,1.34236,1.57674
2.01487,-5.94661,1.34206,1.52118
1.99487,-5.94636,1.34177,1.46561
1.97487,-5.9461,1.34147,1.41005
1.95488,-5.94584,1.34118,1.35448
1.93488,-5.94559,1.34088,1.29892
1.91489,-5.94533,1.34059,1.24335
1.89489,-5.94507,1.34029,1.18778
1.87489,-5.94482,1.33999,1.13222
1.8549,-5.94456,1.3397,1.07665
1.8349,-5.9443,1.3394,1.02109
1.8149,-5.94405,1.33911,0.965522
1.79491,-5.94379,1.33881,0.909957
1.77491,-5.94353,1.33852,0.854391
1.75492,-5.94328,1.33822,0.798825
1.73492,-5.94302,1.33793,0.74326
1.71492,-5.94276,1.33763,0.687694
1.69493,-5.94251,1.33733,0.632129
1.67493,-5.94225,1.33704,0.576563
1.65494,-5.94199,1.33674,0.520997
1.63494,-5.94174,1.33645,0.465432
1.61494,-5.94148,1.33615,0.409866
1.59495,-5.94122,1.33586,0.3543
1.57495,-5.94097,1.33556,0.298735
1.55495,-5.94071,1.33526,0.243169
1.53496,-5.94046,1.33497,0.187604
1.51496,-5.9402,1.33467,0.132038
1.49497,-5.93994,1.33438,0.0764722
1.47497,-5.93969,1.33408,0.0209066
1.45497,-5.93943,1.33379,-0.034659
1.43498,-5.93917,1.33349,-0.0902246
1.41498,-5.93892,1.3332,-0.14579
1.39498,-5.93866,1.3329,-0.201356
1.37499,-5.9384,1.3326,-0.256922
1.35499,-5.93815,1.33231,-0.312487
1.335,-5.93789,1.33201,-0.368053
1.315,-5.93763,1.33172,-0.423618
1.295,-5.93738,1.33142,-0.479184
1.27501,-5.93712,1.33113,-0.53475
1.25501,-5.93686,1.33083,-0.590315
1.23502,-5.93661,1.33053,-0.645881
1.21502,-5.93635,1.33024,-0.701447
1.19502,-5.93609,1.32994,-0.757012
1.17503,-5.93584,1.32965,-0.812578
1.15503,-5.93558,1.32935,-0.868143
1.13503,-5.93532,1.32906,-0.923709
1.11504,-5.93507,1.32876,-0.979275
1.09504,-5.93481,1.32847,-1.03484
1.07505,-5.93455,1.32817,-1.09041
1.05505,-5.9343,1.32787,-1.14597
1.03505,-5.93404,1.32758,-1.20154
1.01908,-5.94505,1.33244,-1.25348
1.00311,-5.95606,1.33731,-1.30543
0.98714,-5.96708,1.34217,-1.35737
0.971169,-5.97809,1.34703,-1.40931
0.955198,-5.9891,1.3519,-1.46126
0.939227,-6.00011,1.35676,-1.5132
0.923256,-6.01112,1.36163,-1.56515
0.907285,-6.02214,1.36649,-1.61709
0.891314,-6.03315,1.37136,-1.66904
0.875343,-6.04416,1.37622,-1.72098
0.859371,-6.05517,1.38108,-1.77292
0.8434,-6.06618,1.38595,-1.82487
0.827429,-6.0772,1.39081,-1.87681
0.811458,-6.08821,1.39568,-1.92876
0.795487,-6.09922,1.40054,-1.9807
0.779516,-6.11023,1.4054,-2.03265
0.763545,-6.12124,1.41027,-2.08459
0.747574,-6.13226,1.41513,-2.13654
0.731602,-6.14327,1.42,-2.18848
0.715631,-6.15428,1.42486,-2.24042
0.69966,-6.16529,1.42973,-2.29237
0.683689,-6.1763,1.43459,-2.34431
0.667718,-6.18732,1.43945,-2.39626
0.651747,-6.19833,1.44432,-2.4482
0.635776,-6.20934,1.44918,-2.50015
0.619805,-6.22035,1.45405,-2.55209
0.603833,-6.23136,1.45891,-2.60403
0.587862,-6.24237,1.46377,-2.65598
0.571891,-6.25339,1.46864,-2.70792
0.55592,-6.2644,1.4735,-2.75987
0.539949,-6.27541,1.47837,-2.81181
0.523978,-6.28642,1.48323,-2.86376
0.508007,-6.29743,1.48809,-2.9157
0.492036,-6.30845,1.49296,-2.96764
0.476064,-6.31946,1.49782,-3.01959
0.460093,-6.33047,1.50269,-3.07153
0.444122,-6.34148,1.50755,-3.12348
0.428151,-6.35249,1.51242,3.10776
0.41218,-6.36351,1.51728,3.05582
0.396209,-6.37452,1.52214,3.00388
0.380238,-6.38553,1.52701,2.95193
0.364267,-6.39654,1.53187,2.89999
0.348295,-6.40755,1.53674,2.84804
0.332324,-6.41857,1.5416,2.7961
0.316353,-6.42958,1.54646,2.74415
0.300382,-6.44059,1.55133,2.69221
0.284411,-6.4516,1.55619,2.64026
0.26844,-6.46261,1.56106,2.58832
0.252469,-6.47363,1.56592,2.53638
0.236498,-6.48464,1.57078,2.48443
0.217551,-6.48128,1.56533,2.48566
0.198604,-6.47792,1.55988,2.4869
0.179657,-6.47456,1.55443,2.48813
0.16071,-6.4712,1.54898,2.48936
0.141763,-6.46784,1.54353,2.4906
0.122816,-6.46448,1.53808,2.49183
0.103869,-6.46111,1.53262,2.49306
0.0849216,-6.45775,1.52717,2.49429
0.0659746,-6.45439,1.52172,2.49553
0.0470276,-6.45103,1.51627,2.49676
0.0280806,-6.44767,1.51082,2.49799
0.00913365,-6.44431,1.50537,2.49922
-0.00981334,-6.44095,1.49992,2.50046
-0.0287603,-6.43759,1.49446,2.50169
-0.0477073,-6.43423,1.48901,2.50292
-0.0666543,-6.43087,1.48356,2.50416
-0.0856013,-6.42751,1.47811,2.50539
-0.104548,-6.42415,1.47266,2.50662
-0.123495,-6.42079,1.46721,2.50785
-0.142442,-6.41743,1.46176,2.50909
-0.161389,-6.41407,1.4563,2.51032
-0.180336,-6.41071,1.45085,2.51155
-0.199283,-6.40735,1.4454,2.51279
-0.21823,-6.40399,1.43995,2.51402
-0.237177,-6.40063,1.4345,2.51525
-0.256124,-6.39727,1.42905,2.51648
-0.275071,-6.3939,1.42359,2.51772
-0.294018,-6.39054,1.41814,2.51895
-0.312965,-6.38718,1.41269,2.52018
-0.331912,-6.38382,1.40724,2.52141
-0.350859,-6.38046,1.40179,2.52265
-0.369806,-6.3771,1.39634,2.52388
-0.388753,-6.37374,1.39089,2.52511
-0.4077,-6.37038,1.38543,2.52635
-0.426647,-6.36702,1.37998,2.52758
-0.445594,-6.36366,1.37453,2.52881
-0.464541,-6.3603,1.36908,2.53004
-0.483488,-6.35694,1.36363,2.53128
-0.502435,-6.35358,1.35818,2.53251
-0.521382,-6.35022,1.35273,2.53374
-0.540329,-6.34686,1.34727,2.53498
-0.559276,-6.3435,1.34182,2.53621
-0.578223,-6.34014,1.33637,2.53744
-0.59717,-6.33678,1.33092,2.53867
-0.616117,-6.33342,1.32547,2.53991
-0.635064,-6.33006,1.32002,2.54114
-0.654011,-6.3267,1.31457,2.54237
-0.672958,-6.32333,1.30911,2.5436
-0.691905,-6.31997,1.30366,2.54484
-0.710852,-6.31661,1.29821,2.54607
-0.723423,-6.30109,1.29916,2.56962
-0.735993,-6.28556,1.3001,2.59318
-0.748564,-6.27003,1.30105,2.61673
-0.761134,-6.25451,1.30199,2.64028
-0.773705,-6.23898,1.30294,2.66384
-0.786275,-6.22345,1.30389,2.68739
-0.798846,-6.20792,1.30483,2.71094
-0.811417,-6.1924,1.30578,2.7345
-0.823987,-6.17687,1.30672,2.75805
-0.836558,-6.16134,1.30767,2.7816
-0.849128,-6.14582,1.30862,2.80516
-0.861699,-6.13029,1.30956,2.82871
-0.874269,-6.11476,1.31051,2.85227
-0.88684,-6.09924,1.31145,2.87582
-0.89941,-6.08371,1.3124,2.89937
-0.911981,-6.06818,1.31334,2.92293
-0.924552,-6.05266,1.31429,2.94648
-0.937122,-6.03713,1.31524,2.97003
-0.949693,-6.0216,1.31618,2.99359
-0.962263,-6.00607,1.31713,3.01714
-0.974834,-5.99055,1.31807,3.04069
-0.987404,-5.97502,1.31902,3.06425
-0.999975,-5.95949,1.31997,3.0878
-1.01255,-5.94397,1.32091,3.11135
-1.02512,-5.92844,1.32186,3.13491
-1.03769,-5.91291,1.3228,-3.12472
-1.05026,-5.89739,1.32375,-3.10117
-1.06283,-5.88186,1.3247,-3.07762
-1.0754,-5.86633,1.32564,-3.05406
-1.08797,-5.8508,1.32659,-3.03051
-1.10054,-5.83528,1.32753,-3.00696
-1.11311,-5.81975,1.32848,-2.9834
-1.12568,-5.80422,1.32942,-2.95985
-1.13825,-5.7887,1.33037,-2.9363
-1.15082,-5.77317,1.33132,-2.91274
-1.16339,-5.75764,1.33226,-2.88919
-1.17596,-5.74212,1.33321,-2.86564
-1.18853,-5.72659,1.33415,-2.84208
-1.2011,-5.71106,1.3351,-2.81853
-1.21367,-5.69554,1.33605,-2.79498
-1.22625,-5.68001,1.33699,-2.77142
-1.23882,-5.66448,1.33794,-2.74787
-1.25139,-5.64895,1.33888,-2.72432
-1.26396,-5.63343,1.33983,-2.70076
-1.27653,-5.6179,1.34077,-2.67721
-1.2891,-5.60237,1.34172,-2.65366
-1.30167,-5.58685,1.34267,-2.6301
-1.31424,-5.57132,1.34361,-2.60655
-1.32681,-5.55579,1.34456,-2.58299
-1.33938,-5.54027,1.3455,-2.55944
-1.35181,-5.52462,1.34643,-2.56416
-1.36424,-5.50898,1.34736,-2.56888
-1.37667,-5.49334,1.34829,-2.5736
-1.3891,-5.4777,1.34922,-2.57832
-1.40152,-5.46206,1.35015,-2.58304
-1.41395,-5.44642,1.35108,-2.58776
-1.42638,-5.43077,1.352,-2.59248
-1.43881,-5.41513,1.35293,-2.5972
-1.45124,-5.39949,1.35386,-2.60192
-1.46367,-5.38385,1.35479,-2.60664
-1.4761,-5.36821,1.35572,-2.61136
-1.48853,-5.35257,1.35665,-2.61608
-1.50096,-5.33693,1.35758,-2.6208
-1.51339,-5.32128,1.3585,-2.62552
-1.52581,-5.30564,1.35943,-2.63024
-1.53824,-5.29,1.36036,-2.63496
-1.55067,-5.27436,1.36129,-2.63968
-1.5631,-5.25872,1.36222,-2.6444
-1.57553,-5.24308,1.36315,-2.64912
-1.58796,-5.22743,1.36408,-2.65384
-1.60039,-5.21179,1.365,-2.65856
-1.61282,-5.19615,1.36593,-2.66329
-1.62525,-5.18051,1.36686,-2.66801
-1.63767,-5.16487,1.36779,-2.67273
-1.6501,-5.14923,1.36872,-2.67745
-1.66253,-5.13358,1.36965,-2.68217
-1.67496,-5.11794,1.37058,-2.68689
-1.68739,-5.1023,1.3715,-2.69161
-1.69982,-5.08666,1.37243,-2.69633
-1.71225,-5.07102,1.37336,-2.70105
-1.72468,-5.05538,1.37429,-2.70577
-1.73711,-5.03973,1.37522,-2.71049
-1.74953,-5.02409,1.37615,-2.71521
-1.76196,-5.00845,1.37708,-2.71993
-1.77439,-4.99281,1.378,-2.72465
-1.78682,-4.97717,1.37893,-2.72937
-1.79925,-4.96153,1.37986,-2.73409
-1.81168,-4.94589,1.38079,-2.73881
-1.82411,-4.93024,1.38172,-2.74353
-1.83654,-4.9146,1.38265,-2.74825
-1.84897,-4.89896,1.38358,-2.75297
-1.86139,-4.88332,1.3845,-2.75769
-1.87382,-4.86768,1.38543,-2.76241
-1.88625,-4.85204,1.38636,-2.76713
-1.89868,-4.83639,1.38729,-2.77185
-1.91111,-4.82075,1.38822,-2.77657
-1.92354,-4.80511,1.38915,-2.78129
-1.93597,-4.78947,1.39008,-2.78601
-1.9484,-4.77383,1.391,-2.79073
-1.96083,-4.75819,1.39193,-2.79545
-1.95795,-4.73898,1.38715,-2.82698
-1.95508,-4.71977,1.38238,-2.85851
-1.95221,-4.70056,1.3776,-2.89004
-1.94933,-4.68136,1.37282,-2.92156
-1.94646,-4.66215,1.36804,-2.95309
-1.94359,-4.64294,1.36327,-2.98462
-1.94071,-4.62374,1.35849,-3.01615
-1.93784,-4.60453,1.35371,-3.04768
-1.93497,-4.58532,1.34893,-3.07921
-1.93209,-4.56611,1.34415,-3.11073
-1.92922,-4.54691,1.33938,3.14092
-1.92635,-4.5277,1.3346,3.10939
-1.92347,-4.50849,1.32982,3.07787
-1.9206,-4.48929,1.32504,3.04634
-1.91773,-4.47008,1.32027,3.01481
-1.91485,-4.45087,1.31549,2.98328
-1.91198,-4.43166,1.31071,2.95175
-1.90911,-4.41246,1.30593,2.92022
-1.90623,-4.39325,1.30115,2.8887
-1.90336,-4.37404,1.29638,2.85717
-1.90049,-4.35483,1.2916,2.82564
-1.89761,-4.33563,1.28682,2.79411
-1.89474,-4.31642,1.28204,2.76258
-1.89187,-4.29721,