-2.76773e-11,2.48133e-11,0.13,-9.17257e-18
-2.76773e-11,2.48133e-11,0.13,-1.15119e-17
-3.88685e-11,1.15919e-11,0.13,-1.37064e-17
-3.88685e-11,1.15919e-11,0.13,-1.62182e-17
-2.76773e-11,2.48133e-11,0.13,-1.89205e-17
-3.88685e-11,1.15919e-11,0.13,-2.10906e-17
-2.76773e-11,2.48133e-11,0.13,-2.38088e-17
-3.88685e-11,1.15919e-11,0.13,-2.60166e-17
-2.76773e-11,2.48133e-11,0.13,-2.87188e-17
-3.88685e-11,1.15919e-11,0.13,-3.08759e-17
-2.76773e-11,2.48133e-11,0.13,-3.35358e-17
-3.88685e-11,1.15919e-11,0.13,-3.57189e-17
-2.76773e-11,2.48133e-11,0.13,-3.83895e-17
-3.88685e-11,1.15919e-11,0.13,-4.05492e-17
-2.76773e-11,2.48133e-11,0.13,-4.32606e-17
-3.88686e-11,1.15919e-11,0.13,-4.54375e-17
-2.76773e-11,2.48133e-11,0.13,-4.81056e-17
-2.76773e-11,2.48133e-11,0.13,-5.06296e-17
-3.88686e-11,1.15919e-11,0.13,-5.18191e-17
0.000577107,5.68346e-08,0.147014,-3.48023e-08
0.0394582,2.10826e-05,0.316032,4.35698e-06
0.0631295,5.34792e-05,0.390224,9.05352e-06
0.107267,0.000214348,0.567951,8.43584e-06
0.122274,0.000253331,0.678097,-0.00588053
0.125296,-0.0018164,0.753306,-0.0327759
0.123527,-0.00605727,0.797685,-0.0715912
0.121562,-0.0112721,0.819427,-0.114336
0.121266,-0.0166281,0.827649,-0.161021
0.122528,-0.024279,0.828149,-0.223955
0.123503,-0.0340011,0.82438,-0.293693
0.123188,-0.0433818,0.8192,-0.362127
0.122416,-0.0494284,0.815757,-0.411384
0.120077,-0.0597521,0.812501,-0.505227
0.116188,-0.0697065,0.810245,-0.585764
0.109985,-0.0796621,0.808187,-0.670956
0.104947,-0.0858916,0.807934,-0.735315
0.0980503,-0.0941406,0.808183,-0.821121
0.0893403,-0.102974,0.807933,-0.908012
0.0811639,-0.109244,0.807418,-0.979789
0.0657758,-0.118607,0.808149,-1.12378
0.065401,-0.118833,0.808161,-1.12712
0.0431387,-0.12872,0.807567,-1.30062
0.0427444,-0.128835,0.807538,-1.30354
0.0212817,-0.134057,0.808393,-1.4732
0.0208092,-0.134156,0.808393,-1.47656
-0.00443803,-0.135484,0.807311,-1.65329
-0.00480241,-0.135454,0.807335,-1.65611
-0.00516366,-0.135423,0.807368,-1.65895
-0.0300809,-0.132539,0.80827,-1.8515
-0.0305284,-0.132436,0.808256,-1.85471
-0.0592541,-0.121955,0.808467,-2.08361
-0.0596876,-0.12177,0.80847,-2.08697
-0.0601218,-0.121584,0.808472,-2.09033
-0.086236,-0.104321,0.807903,-2.31635
-0.0865084,-0.104084,0.807941,-2.31947
-0.0867833,-0.103845,0.807978,-2.32261
-0.109822,-0.079789,0.80766,-2.56323
-0.110046,-0.0794516,0.807629,-2.5661
-0.110266,-0.079116,0.807597,-2.56896
-0.126783,-0.0488847,0.808082,-2.82874
-0.126936,-0.0484635,0.808058,-2.83184
-0.127086,-0.0480437,0.808033,-2.83493
-0.36047,-0.251945,0.795697,-3.05349
-0.36632,-0.2572,0.795336,-3.05487
-0.372124,-0.262429,0.794995,-3.05624
-0.377877,-0.26763,0.794673,-3.05761
-0.620122,-0.495642,0.799017,-3.12571
-0.620801,-0.496257,0.799151,-3.12614
-0.621452,-0.496844,0.799283,-3.12657
-0.622077,-0.497403,0.799414,-3.12699
-0.632734,-0.499319,0.803998,3.13571
-0.632738,-0.499316,0.803984,3.13572
-0.632742,-0.499314,0.803969,3.13573
-0.632746,-0.499313,0.803954,3.13574
-0.633108,-0.499651,0.803008,3.13862
-0.633109,-0.499653,0.803004,3.13865
-0.63311,-0.499655,0.803,3.13868
-0.633111,-0.499657,0.802996,3.13871
-0.633112,-0.49966,0.802992,3.13874
-0.633114,-0.499662,0.802989,3.13877
-0.633117,-0.499933,0.802881,3.14148
-0.633117,-0.499934,0.802881,3.14148
-0.633117,-0.499935,0.802882,3.14149
-0.633117,-0.499936,0.802882,3.14149
-0.633117,-0.499937,0.802882,3.1415
-0.633117,-0.499938,0.802882,3.1415
-0.633117,-0.499939,0.802882,3.14151
-0.750413,-0.499058,0.844448,-3.09671
-0.752754,-0.499059,0.845097,-3.09525
-0.755093,-0.499059,0.845746,-3.09376
-0.75743,-0.499057,0.846395,-3.09225
-0.934964,-0.494253,0.89721,-2.87887
-0.936857,-0.494183,0.897729,-2.87549
-0.938747,-0.494114,0.898247,-2.87209
-1.08774,-0.494439,0.936544,-2.5377
-1.08934,-0.494477,0.936958,-2.53338
-1.09094,-0.494515,0.937372,-2.52905
-1.09254,-0.494552,0.937786,-2.52471
-1.22843,-0.494305,0.975056,-2.11104
-1.22982,-0.494224,0.975471,-2.10637
-1.2312,-0.494141,0.975885,-2.10169
-1.33326,-0.480199,1.00816,-1.73681
-1.33454,-0.47991,1.00858,-1.73203
-1.33582,-0.479617,1.009,-1.72725
-1.41984,-0.452941,1.03697,-1.40715
-1.42108,-0.452436,1.03738,-1.40239
-1.42232,-0.451929,1.03779,-1.39764
-1.49425,-0.402283,1.0611,-0.960473
-1.49418,-0.402016,1.06112,-0.958136
-1.49411,-0.401752,1.06113,-0.955822
-1.49403,-0.401491,1.06115,-0.953531
-1.49394,-0.401231,1.06116,-0.951262
-1.48974,-0.386792,1.06224,-0.857948
-1.48984,-0.386313,1.06225,-0.856909
-1.50849,-0.332559,1.05926,-0.844953
-1.50898,-0.331158,1.05913,-0.845544
-1.50947,-0.329747,1.05899,-0.846162
-1.5345,-0.25638,1.05001,-0.902483
-1.53509,-0.254665,1.04977,-0.904251
-1.56825,-0.16418,1.03559,-1.02019
-1.56893,-0.162445,1.0353,-1.02281
-1.60441,-0.0786336,1.02132,-1.16081
-1.60519,-0.0768742,1.02103,-1.1639
-1.6435,0.00668572,1.00758,-1.31471
-1.64434,0.00847854,1.00729,-1.31801
-1.69631,0.118074,0.990374,-1.52056
-1.6972,0.119961,0.990094,-1.524
-1.75249,0.23942,0.973266,-1.7349
-1.75339,0.241409,0.972992,-1.73836
-1.81067,0.370914,0.955472,-1.95934
-1.81156,0.373001,0.955199,-1.96279
-1.81244,0.37509,0.954926,-1.96625
-1.8882,0.555857,0.930867,-2.31339
-1.88846,0.556276,0.930788,-2.31511
-1.88871,0.556685,0.93071,-2.31681
-1.88896,0.557084,0.930635,-2.3185
-1.8892,0.557473,0.930561,-2.32017
-1.90625,0.588008,0.934113,-2.39271
-1.90665,0.588841,0.934332,-2.39279
-1.90705,0.589689,0.934555,-2.39284
-1.96702,0.705002,0.969495,-2.28132
-1.96778,0.706455,0.96999,-2.27898
-1.96853,0.707908,0.970487,-2.27661
-1.96928,0.709362,0.970983,-2.27423
-2.02767,0.838429,1.01677,-2.00621
-2.02824,0.839918,1.01729,-2.00268
-2.02881,0.841407,1.01782,-1.99914
-2.02938,0.842896,1.01834,-1.9956
-2.07228,0.972606,1.06234,-1.67612
-2.07275,0.974221,1.06286,-1.6722
-2.07321,0.97584,1.06339,-1.66828
-2.13635,1.22175,1.13565,-1.10883
-2.13681,1.22363,1.13616,-1.10485
-2.13728,1.22551,1.13667,-1.10088
-2.13774,1.22739,1.13718,-1.09691
-2.13821,1.22928,1.13768,-1.09294
-2.13867,1.23117,1.13819,-1.08896
-2.16397,1.32973,1.16297,-0.887456
-2.16444,1.33146,1.16336,-0.883848
-2.17896,1.40326,1.17665,-0.697432
-2.18162,1.43811,1.18551,-0.585874
-2.18204,1.43879,1.18577,-0.585397
-2.18247,1.43948,1.18604,-0.584957
-2.18292,1.44018,1.18631,-0.584555
-2.25338,1.51054,1.21288,-0.655579
-2.25474,1.51166,1.21331,-0.65784
-2.2561,1.51279,1.21374,-0.660133
-2.34109,1.57485,1.23858,-0.830604
-2.34273,1.57593,1.23903,-0.834285
-2.34438,1.57701,1.23948,-0.837985
-2.47008,1.65427,1.27195,-1.13765
-2.47195,1.6554,1.2724,-1.14227
-2.47383,1.65653,1.27286,-1.14689
-2.59804,1.73356,1.30212,-1.45506
-2.60002,1.73484,1.30257,-1.46
-2.71533,1.81413,1.32851,-1.74995
-2.71734,1.81559,1.32896,-1.755
-2.71935,1.81706,1.32941,-1.76005
-2.83385,1.90761,1.35553,-2.04955
-2.83584,1.90931,1.35599,-2.05466
-2.99799,2.06577,1.394,-2.48874
-2.99955,2.06754,1.39436,-2.49346
-3.0011,2.06929,1.39471,-2.49816
-3.00263,2.07104,1.39506,-2.50284
-3.06043,2.14717,1.40849,-2.74828
-3.06087,2.14787,1.40858,-2.75144
-3.07274,2.17042,1.41031,-2.87494
-3.07285,2.17072,1.41031,-2.87687
-3.08256,2.18758,1.41902,-2.97985
-3.08297,2.18781,1.41949,-2.98163
-3.08339,2.18804,1.41998,-2.98343
-3.13052,2.19053,1.47769,-3.14129
-3.13145,2.1904,1.47894,3.13873
-3.19963,2.17428,1.58966,2.84173
-3.20043,2.17404,1.59124,2.83719
-3.20124,2.17379,1.59282,2.83263
-3.24177,2.15974,1.68513,2.5491
-3.24236,2.1595,1.68671,2.54394
-3.24294,2.15925,1.6883,2.53878
-3.26848,2.14459,1.7716,2.25572
-3.26887,2.14427,1.77316,2.25024
-3.28639,2.11982,1.86404,1.92121
-3.2866,2.11932,1.86545,1.91569
-3.26421,2.07516,1.94217,1.34991
-3.26394,2.07509,1.94215,1.34805
-3.26367,2.07501,1.94214,1.34621
-3.2634,2.07494,1.94212,1.34439
-3.26314,2.07487,1.9421,1.3426
-3.26288,2.0748,1.94208,1.34082
-3.2577,2.05801,1.93749,1.23383
-3.25802,2.05733,1.93724,1.23251
-3.25836,2.05663,1.93697,1.23118
-3.25871,2.05592,1.9367,1.22986
-3.30749,1.97806,1.9001,1.12387
-3.3084,1.9767,1.89936,1.12213
-3.30932,1.97534,1.89862,1.12038
-3.3759,1.87454,1.84023,0.983728
-3.37686,1.87304,1.83934,0.981584
-3.37782,1.87154,1.83845,0.979435
-3.46349,1.73537,1.75977,0.774758
-3.46445,1.73383,1.75891,0.772352
-3.46541,1.73228,1.75804,0.769943
-3.53811,1.61524,1.69457,0.588358
-3.53913,1.61362,1.69372,0.585872
-3.54014,1.612,1.69287,0.583386
-3.60973,1.50217,1.63588,0.415803
-3.61079,1.50051,1.63502,0.413289
-3.61186,1.49885,1.63416,0.410774
-3.6738,1.40373,1.58571,0.26782
-3.67489,1.40207,1.58488,0.265346
-3.73348,1.3117,1.54193,0.113784
-3.73388,1.31096,1.54157,0.112099
-3.73426,1.31024,1.54121,0.110427
-3.74621,1.27834,1.52964,-0.00336605
-3.74623,1.27827,1.52967,-0.00374931
-3.74625,1.27819,1.5297,-0.00412613
-3.74627,1.27812,1.52973,-0.00449655
-3.74629,1.27804,1.52976,-0.00486068
-3.75129,1.27469,1.53212,-0.0149268
-3.75161,1.27475,1.53223,-0.014787
-3.82326,1.33625,1.55589,0.0592322
-3.82452,1.33759,1.55632,0.0608997
-3.82579,1.33894,1.55675,0.0625825
-3.82706,1.3403,1.55718,0.0642804
-3.91974,1.44693,1.5903,0.214368
-3.92116,1.44862,1.59082,0.216996
-3.92259,1.45032,1.59135,0.219634
-4.00375,1.54679,1.62104,0.37986
-4.00522,1.54852,1.62157,0.38289
-4.08911,1.64487,1.65105,0.558434
-4.09065,1.64658,1.65157,0.561651
-4.20949,1.77382,1.69056,0.804473
-4.21117,1.77555,1.69109,0.807806
-4.21285,1.77727,1.69162,0.81114
-4.32932,1.89083,1.7273,1.03756
-4.33104,1.89243,1.72781,1.04087
-4.33275,1.89404,1.72833,1.04419
-4.4731,2.01821,1.76843,1.31081
-4.47452,2.01934,1.76879,1.31365
-4.47593,2.02045,1.76915,1.31648
-4.47732,2.02154,1.7695,1.3193
-4.53797,2.06215,1.78362,1.48749
-4.53827,2.06229,1.78366,1.48894
-4.54737,2.06536,1.78405,1.53904
-4.5475,2.06538,1.78403,1.53986
-4.54764,2.06541,1.78402,1.54067
-4.56191,2.0809,1.78815,1.57074
-4.56224,2.08168,1.7883,1.5706
-4.56256,2.08247,1.78845,1.57043
-4.58356,2.17258,1.8037,1.5156
-4.58383,2.17434,1.804,1.51413
-4.59885,2.30356,1.82823,1.376
-4.59902,2.3054,1.8286,1.3736
-4.59919,2.30725,1.82897,1.3712
-4.60789,2.41424,1.8503,1.21865
-4.60801,2.41606,1.85066,1.21585
-4.60814,2.41788,1.85102,1.21305
-4.617,2.55578,1.87861,0.98231
-4.61713,2.5575,1.87896,0.979291
-4.61725,2.55922,1.87931,0.976269
-4.62838,2.69934,1.908,0.723479
-4.62854,2.70098,1.90835,0.72042
-4.6287,2.70261,1.90869,0.717362
-4.63814,2.78475,1.92638,0.561489
-4.63834,2.78633,1.92672,0.558438
-4.65113,2.87252,1.94502,0.389367
-4.65132,2.87379,1.94528,0.386641
-4.65151,2.87503,1.94553,0.383929
-4.65729,2.91007,1.953,0.285604
-4.67025,2.92766,1.94844,0.150815
-4.67081,2.928,1.94804,0.149208
-4.67139,2.92835,1.94763,0.147598
-4.67199,2.92871,1.94721,0.145984
-4.75429,2.97423,1.88569,0.00151869
-4.75556,2.9749,1.88466,-0.00051841
-4.75683,2.97557,1.88362,-0.00256248
-4.8594,3.02593,1.79916,-0.17272
-4.86077,3.02656,1.79802,-0.175115
-4.86215,3.02719,1.79689,-0.177512
-4.96554,3.07253,1.71436,-0.360433
-4.96699,3.07315,1.71325,-0.363014
-4.96844,3.07376,1.71213,-0.365598
-5.0741,3.11843,1.63377,-0.550554
-5.07567,3.11909,1.63265,-0.553234
-5.07723,3.11976,1.63154,-0.555915
-5.20531,3.17398,1.54182,-0.77393
-5.20691,3.17466,1.54072,-0.776625
-5.20851,3.17534,1.53962,-0.779319
-5.30047,3.21498,1.47779,-0.93188
-5.30208,3.21569,1.47678,-0.934482
-5.30368,3.21639,1.47578,-0.937077
-5.38384,3.24899,1.42633,-1.09036
-5.38445,3.24914,1.42593,-1.09206
-5.40227,3.25147,1.41498,-1.15421
-5.40251,3.25146,1.41487,-1.15528
-5.41271,3.26657,1.41854,-1.20409
-5.41261,3.26732,1.41884,-1.20411
-5.4125,3.26808,1.41914,-1.20412
-5.41238,3.26886,1.41945,-1.2041
-5.3726,3.36995,1.46008,-1.15417
-5.37181,3.3716,1.46076,-1.15295
-5.37101,3.37325,1.46144,-1.15172
-5.30937,3.49159,1.51129,-1.04449
-5.30839,3.4934,1.51206,-1.04262
-5.23878,3.62253,1.56656,-0.898703
-5.23779,3.62437,1.56733,-0.896552
-5.2368,3.62621,1.5681,-0.894399
-5.15825,3.7755,1.62876,-0.719363
-5.15727,3.77741,1.62952,-0.717119
-5.1563,3.77932,1.63028,-0.714873
-5.15532,3.78123,1.63103,-0.712627
-5.08729,3.91703,1.68446,-0.553381
-5.08635,3.91895,1.68521,-0.551145
-5.08541,3.92088,1.68596,-0.548909
-5.01453,4.07088,1.74313,-0.377062
-5.0137,4.07271,1.74378,-0.37498
-5.01287,4.07454,1.74442,-0.372906
-4.97122,4.17546,1.77735,-0.209575
-4.97114,4.17566,1.7774,-0.208753
-4.97107,4.17586,1.77744,-0.207941
-4.97099,4.17605,1.77747,-0.207139
-4.95255,4.20246,1.77804,-0.15242
-4.95182,4.20327,1.77795,-0.151602
-4.95108,4.20409,1.77786,-0.150776
-4.95032,4.20492,1.77776,-0.149942
-4.85816,4.2989,1.76274,-0.0621447
-4.8567,4.30034,1.76249,-0.0606947
-4.85525,4.30179,1.76223,-0.0592376
-4.75977,4.39572,1.7447,0.0453837
-4.75824,4.39724,1.74441,0.0472145
-4.6735,4.48217,1.72812,0.15559
-4.672,4.48369,1.72782,0.157605
-4.6705,4.48521,1.72753,0.159624
-4.60276,4.55542,1.71409,0.254508
-4.6013,4.55695,1.7138,0.256603
-4.51189,4.65235,1.69564,0.388046
-4.51047,4.65389,1.69536,0.390174
-4.43239,4.73922,1.67913,0.509815
-4.431,4.74075,1.67884,0.511953
-4.3446,4.83645,1.66053,0.646645
-4.34324,4.83796,1.66024,0.648768
-4.34188,4.83948,1.65995,0.650888
-4.25975,4.94117,1.64285,0.82923
-4.25964,4.94144,1.64281,0.830286
-4.25953,4.9417,1.64276,0.83133
-4.25943,4.94195,1.64271,0.832364
-4.25843,4.9511,1.6397,0.872816
-4.25845,4.95142,1.63954,0.87347
-4.27156,4.98666,1.62288,0.898246
-4.27211,4.98774,1.62239,0.898595
-4.27268,4.98882,1.62189,0.898938
-4.31267,5.05489,1.59168,0.910402
-4.31362,5.05635,1.59099,0.910533
-4.37069,5.14186,1.54978,0.913648
-4.37174,5.14342,1.54902,0.913643
-4.42264,5.21914,1.51146,0.911824
-4.42366,5.22066,1.51069,0.911762
-4.46884,5.28779,1.47712,0.908451
-4.46987,5.28932,1.47635,0.908367
-4.52442,5.37034,1.43622,0.903649
-4.52545,5.37187,1.43547,0.903558
-4.56052,5.42384,1.40989,0.90048
-4.60262,5.48619,1.37912,0.896885
-4.60365,5.48771,1.37837,0.8968
-4.65134,5.55827,1.3435,0.892941
-4.65238,5.55981,1.34274,0.892859
-4.69889,5.62876,1.30909,0.889274
-4.6999,5.63026,1.30839,0.889195
-4.75385,5.71264,1.27017,0.883585
-4.75399,5.71287,1.27004,0.883546
-4.75412,5.71309,1.26991,0.883506
-4.75713,5.71817,1.26722,0.883579
-4.75719,5.71833,1.26723,0.883735
-4.75478,5.74001,1.2727,0.908246
-4.75455,5.74096,1.27295,0.909332
-4.73743,5.80179,1.28971,0.984554
-4.73694,5.80343,1.29019,0.986788
-4.70804,5.9007,1.32165,1.14157
-4.67913,6.00087,1.35774,1.34602
-4.67864,6.00267,1.3584,1.35005
-4.67816,6.00446,1.35906,1.35409
-4.65845,6.08257,1.38879,1.54434
-4.65804,6.08425,1.38944,1.54871
-4.64715,6.13055,1.40769,1.6733
-4.63343,6.1899,1.43227,1.8468
-4.63307,6.1914,1.43292,1.85142
-4.62408,6.2281,1.44895,1.96755
-4.61149,6.27414,1.47005,2.12231
-4.59872,6.31452,1.48965,2.26834
-4.58233,6.35699,1.51171,2.43353
-4.58183,6.35816,1.51234,2.43824
-4.56627,6.39112,1.53068,2.57522
-4.52327,6.4549,1.57007,2.95713
-4.52302,6.45498,1.57029,2.96035
-4.52278,6.45506,1.5705,2.96356
-4.52253,6.45513,1.57072,2.96677
-4.50525,6.45101,1.57892,3.09545
-4.46066,6.43346,1.58676,-3.04862
-4.45914,6.43287,1.58695,-3.04479
-4.40185,6.41123,1.5928,-2.91025
-4.32526,6.38161,1.59865,-2.73666
-4.32314,6.38078,1.59879,-2.73184
-4.2336,6.34586,1.60435,-2.52982
-4.23126,6.34498,1.60449,-2.52457
-4.12182,6.307,1.6108,-2.28016
-3.98013,6.26804,1.61875,-1.97002
-3.97741,6.26743,1.61889,-1.96415
-3.97468,6.26682,1.61904,-1.95828
-3.8185,6.24047,1.62745,-1.62444
-3.81566,6.24014,1.6276,-1.61841
-3.66502,6.23035,1.63591,-1.29606
-3.66218,6.23031,1.63607,-1.28993
-3.42662,6.24576,1.64922,-0.765612
-3.42401,6.24615,1.64936,-0.759491
-3.4214,6.24656,1.64951,-0.75338
-3.27119,6.30682,1.65851,-0.14949
-3.2711,6.30713,1.65849,-0.14676
-3.27101,6.30744,1.65847,-0.144057
-3.27092,6.30776,1.65845,-0.141381
-3.27084,6.30807,1.65843,-0.138733
-3.26281,6.32254,1.6593,-0.0271896
-3.2623,6.32265,1.65935,-0.0260647
-3.26177,6.32276,1.65941,-0.0249742
-3.18661,6.30695,1.6662,-0.0326198
-3.18497,6.30637,1.66638,-0.0339155
-3.18333,6.30578,1.66655,-0.0352443
-3.08307,6.26283,1.67815,-0.155964
-3.08122,6.26194,1.67839,-0.158834
-2.97703,6.20803,1.69213,-0.35086
-2.97525,6.20704,1.69238,-0.354642
-2.9646,6.20109,1.69384,-0.377589
-2.87574,6.14813,1.70632,-0.588852
-2.87411,6.14711,1.70656,-0.593087
-2.78312,6.08836,1.72023,-0.845762
-2.69724,6.03209,1.73393,-1.11393
-2.69589,6.03123,1.73416,-1.11842
-2.69453,6.03037,1.73439,-1.1229
-2.69318,6.02951,1.73462,-1.12739
-2.60538,5.97783,1.74957,-1.42453
-2.60408,5.97713,1.74979,-1.42903
-2.516,5.93423,1.76461,-1.75181
-2.51523,5.93389,1.76474,-1.75558
-2.51448,5.93355,1.76486,-1.75933
-2.45348,5.93808,1.77045,-2.19247
-2.45229,5.93819,1.77042,-2.19548
-2.4511,5.9383,1.77039,-2.19852
-2.44989,5.93841,1.77036,-2.20157
-2.44867,5.93853,1.77033,-2.20465
-2.44745,5.93864,1.7703,-2.20774
-2.44621,5.93876,1.77026,-2.21084
-2.31735,5.95842,1.76404,-2.54439
-2.31574,5.95879,1.76394,-2.54885
-2.31413,5.95916,1.76384,-2.55332
-2.31252,5.95954,1.76374,-2.55779
-2.19328,5.99428,1.75638,-2.90067
-2.19151,5.99486,1.75627,-2.90577
-2.18973,5.99545,1.75616,-2.91088
-2.09472,6.02708,1.75102,3.10524
-2.09081,6.02838,1.75082,3.09456
-1.9747,6.06497,1.74546,2.79101
-1.97252,6.06561,1.74537,2.78552
-1.80509,6.1078,1.73869,2.39159
-1.80257,6.10831,1.73859,2.38599
-1.80006,6.10883,1.73849,2.38039
-1.65195,6.13299,1.73313,2.06089
-1.64929,6.13331,1.73304,2.05534
-1.63079,6.1354,1.73242,2.01684
-1.46597,6.14193,1.72536,1.55784
-1.46544,6.14192,1.72532,1.55506
-1.46492,6.14191,1.72528,1.55231
-1.46441,6.1419,1.72524,1.54958
-1.44891,6.14065,1.72434,1.46138
-1.44846,6.14057,1.7243,1.45932
-1.421,6.12906,1.72057,1.38553
-1.37378,6.09331,1.71108,1.31188
-1.37239,6.09212,1.71076,1.30995
-1.30695,6.03152,1.69411,1.22179
-1.30542,6.03004,1.69368,1.2197
-1.2497,5.97575,1.67743,1.14215
-1.1932,5.91969,1.66039,1.05976
-1.19163,5.91811,1.65991,1.05741
-1.13167,5.85694,1.6417,0.965712
-1.08278,5.80562,1.62691,0.888171
-1.005,5.72121,1.60355,0.760025
-1.00346,5.71951,1.60309,0.757442
-0.926304,5.63235,1.57979,0.62462
-0.924802,5.63062,1.57933,0.622
-0.844541,5.53578,1.55446,0.480107
-0.843075,5.53401,1.554,0.477472
-0.84161,5.53223,1.55354,0.474835
-0.768428,5.44171,1.5303,0.340944
-0.767028,5.43994,1.52985,0.338335
-0.698575,5.35007,1.50887,0.201035
-0.697791,5.34895,1.50862,0.199007
-0.674186,5.31212,1.50045,0.111714
-0.673998,5.31176,1.50037,0.110443
-0.663403,5.29297,1.49442,0.0496946
-0.662944,5.2925,1.49421,0.0490016
-0.662466,5.29202,1.49399,0.0483155
-0.598796,5.24438,1.47046,0.0175367
-0.597389,5.24343,1.46997,0.0172184
-0.496208,5.17909,1.43517,0.00414152
-0.494571,5.17808,1.4346,0.0040315
-0.492933,5.17707,1.43403,0.00392349
-0.380696,5.10934,1.39486,8.3276e-05
-0.379039,5.10835,1.39428,6.24363e-05
-0.377381,5.10735,1.3937,4.21805e-05
-0.274693,5.04614,1.35761,-0.000456191
-0.27304,5.04515,1.35703,-0.000457552
-0.271386,5.04416,1.35645,-0.000458792
-0.170053,4.98382,1.32097,-0.00056883
-0.1684,4.98283,1.32039,-0.000572923
-0.0718307,4.92532,1.28662,-0.00101153
-0.0701862,4.92434,1.28605,-0.00102245
0.0203638,4.87054,1.25446,-0.00179625
0.0220068,4.86956,1.25388,-0.00181305
0.0236499,4.86859,1.25331,-0.00182993
0.123813,4.80949,1.22098,-0.00290638
0.124612,4.80901,1.22073,-0.00292146
0.125394,4.80854,1.22048,-0.0029365
0.149512,4.79294,1.21156,-0.00364367
0.149511,4.79294,1.21156,-0.00364238
0.14951,4.79294,1.21156,-0.00364109
0.149509,4.79294,1.21157,-0.0036398
0.149508,4.79294,1.21157,-0.00363852
0.159916,4.78143,1.21112,0.00475816
0.160419,4.78083,1.21112,0.00517955
0.160934,4.78023,1.21112,0.0056139
0.161459,4.7796,1.21113,0.00606139
0.161996,4.77896,1.21113,0.00652212
0.162545,4.7783,1.21114,0.00699555
0.163104,4.77763,1.21115,0.00748139
0.216058,4.70572,1.21442,0.0666603
0.217017,4.70433,1.21451,0.0679859
0.217977,4.70294,1.21461,0.0693236
0.287461,4.59851,1.22332,0.189178
0.288426,4.59702,1.22345,0.191162
0.289391,4.59554,1.22359,0.193153
0.344928,4.50896,1.23161,0.319587
0.345849,4.5075,1.23174,0.321856
0.394554,4.42942,1.23911,0.448047
0.395442,4.42796,1.23925,0.450438
0.39633,4.42651,1.23939,0.452829
0.433651,4.36434,1.24515,0.55648
0.483709,4.2763,1.25291,0.704642
0.484511,4.27483,1.25304,0.707082
0.485314,4.27337,1.25316,0.709522
0.533677,4.18235,1.26096,0.858205
0.534451,4.18085,1.26109,0.860631
0.587955,4.06928,1.26909,1.0664
0.58809,4.06884,1.2691,1.06793
0.588217,4.06842,1.26911,1.06945
0.588337,4.06801,1.26912,1.07096
0.587153,4.05345,1.26906,1.13894
0.586994,4.05301,1.26904,1.13984
0.586826,4.05255,1.26903,1.14073
0.564163,4.00095,1.26639,1.17362
0.563492,3.99953,1.2663,1.17399
0.521294,3.91418,1.25866,1.18319
0.520428,3.91247,1.25848,1.1832
0.472507,3.81809,1.24754,1.17689
0.471607,3.81631,1.24732,1.17668
0.423375,3.71987,1.23582,1.16185
0.42249,3.71809,1.23561,1.16154
0.421605,3.7163,1.2354,1.16122
0.373489,3.61841,1.22414,1.14241
0.372621,3.61664,1.22394,1.14206
0.280777,3.42782,1.20327,1.10412
0.279921,3.42606,1.20307,1.10377
0.279065,3.42429,1.20288,1.10342
0.278209,3.42253,1.20268,1.10307
0.239254,3.34225,1.194,1.08741
0.238382,3.34045,1.19381,1.08706
0.192344,3.2457,1.18389,1.06907
0.191574,3.24412,1.18373,1.06876
0.165553,3.18992,1.1767,1.0558
0.16526,3.18929,1.17658,1.05558
0.152932,3.1651,1.17275,1.03312
0.152565,3.1646,1.17272,1.03225
0.152183,3.16408,1.1727,1.03135
0.112529,3.12155,1.16961,0.942734
0.111442,3.12051,1.1695,0.940221
0.0219826,3.03295,1.15728,0.688734
0.0206846,3.03159,1.15706,0.684417
0.0193868,3.03021,1.15684,0.680083
-0.0604386,2.93977,1.14209,0.391233
-0.0618343,2.93815,1.14184,0.386044
-0.16,2.8265,1.12538,0.0261093
-0.161613,2.82473,1.12514,0.0204432
-0.163231,2.82297,1.12489,0.0147738
-0.286198,2.70071,1.1085,-0.380748
-0.288214,2.6989,1.10827,-0.386689
-0.290236,2.69709,1.10803,-0.392629
-0.431551,2.58476,1.09287,-0.782338
-0.433835,2.58315,1.09263,-0.788369
-0.589503,2.48515,1.07748,-1.18168
-0.592009,2.48378,1.07725,-1.18769
-0.594515,2.48241,1.07703,-1.1937
-0.781973,2.41825,1.0621,-1.79775
-0.782356,2.41831,1.06206,-1.80037
-0.782733,2.41836,1.06202,-1.80296
-0.783106,2.41842,1.06199,-1.80552
-0.783473,2.41848,1.06195,-1.80805
-0.783836,2.41855,1.06192,-1.81056
-0.810714,2.42082,1.0598,-1.92957
-0.811563,2.42072,1.05972,-1.9311
-0.9236,2.4038,1.05094,-2.01648
-0.92553,2.4035,1.0508,-2.01731
-0.927467,2.4032,1.05067,-2.01814
-1.08349,2.37835,1.04015,-2.06879
-1.08554,2.37802,1.04001,-2.06933
-1.08759,2.37768,1.03987,-2.06987
-1.23928,2.3522,1.0295,-2.10643
-1.24132,2.35185,1.02936,-2.1069
-1.24335,2.3515,1.02922,-2.10737
-1.37353,2.3294,1.02016,-2.13729
-1.37555,2.32905,1.02002,-2.13776
-1.37757,2.32871,1.01988,-2.13822
-1.52569,2.30343,1.00955,-2.17344
-1.52769,2.30309,1.00941,-2.17392
-1.52969,2.30275,1.00927,-2.17441
-1.66401,2.28002,0.999936,-2.20719
-1.66603,2.27969,0.999796,-2.20768
-1.66804,2.27935,0.999656,-2.20818
-1.8238,2.25526,0.989871,-2.2606
-1.82388,2.25527,0.989857,-2.26077
-1.82397,2.25527,0.989844,-2.26093
-1.82405,2.25527,0.98983,-2.26109
-1.82412,2.25528,0.989817,-2.26124
-1.8242,2.25528,0.989804,-2.2614
-1.83901,2.24752,0.99219,-2.29193
-1.83965,2.24702,0.99228,-2.29313
-1.84031,2.24651,0.992372,-2.29437
-1.93608,2.16561,1.00569,-2.50465
-1.93749,2.16441,1.00592,-2.50837
-1.9389,2.16322,1.00615,-2.51212
-2.06759,2.056,1.03008,-2.95523
-2.06886,2.05498,1.03034,-2.96059
-2.15727,1.98022,1.05051,2.85854
-2.15814,1.97935,1.05076,2.85266
-2.159,1.97848,1.051,2.84677
-2.15985,1.97761,1.05124,2.84088
-2.1607,1.97674,1.05149,2.83499
-2.16155,1.97586,1.05173,2.8291
-2.21927,1.89045,1.07375,2.28072
-2.21971,1.88938,1.07399,2.2746
-2.22013,1.88832,1.07423,2.26849
-2.24573,1.77149,1.09649,1.70191
-2.2459,1.77001,1.09672,1.69584
-2.24607,1.76853,1.09694,1.68978
-2.24623,1.76705,1.09717,1.68373
-2.24573,1.68269,1.10576,1.28047
-2.24548,1.68209,1.10577,1.27629
-2.24523,1.68151,1.10578,1.27214
-2.23157,1.66296,1.10544,1.11629
-2.23126,1.66268,1.10543,1.1135
-2.21417,1.62199,1.10818,0.94728
-2.21408,1.62082,1.10826,0.945956
-2.214,1.61962,1.10833,0.944644
-2.21391,1.61841,1.10841,0.943346
-2.20743,1.49244,1.11337,0.878559
-2.20733,1.49042,1.11342,0.878002
-2.20722,1.4884,1.11347,0.877452
-2.19887,1.30567,1.11728,0.847952
-2.1988,1.30365,1.11732,0.847772
-2.19872,1.30162,1.11737,0.847594
-2.19316,1.11468,1.12157,0.835516
-2.19311,1.11266,1.12162,0.835406
-2.19306,1.11065,1.12167,0.835297
-2.19301,1.10863,1.12172,0.835187
-2.1885,0.93081,1.12618,0.824986
-2.18845,0.92878,1.12624,0.82486
-2.18432,0.763015,1.13049,0.813667
-2.18427,0.761046,1.13055,0.813528
-2.18422,0.759079,1.1306,0.813389
-2.18417,0.757113,1.13065,0.813251
-2.18412,0.75515,1.1307,0.813113
-2.18083,0.635493,1.1313,0.800941
-2.18082,0.635338,1.13129,0.800884
-2.18081,0.63519,1.13128,0.800827
-2.1808,0.635047,1.13127,0.800771
-2.1808,0.63491,1.13126,0.800716
-2.17879,0.621435,1.13374,0.81024
-2.17867,0.620816,1.13384,0.810915
-2.17854,0.620178,1.13394,0.811614
-2.1538,0.535659,1.14258,0.932344
-2.15333,0.534205,1.1427,0.934901
-2.15285,0.532746,1.14283,0.937481
-2.11692,0.398233,1.15284,1.22922
-2.1166,0.396597,1.15295,1.23325
-2.11628,0.394958,1.15305,1.23729
-2.09482,0.229939,1.16288,1.66024
-2.07902,0.0438016,1.17326,2.10814
-2.07881,0.0416646,1.17338,2.11298
-2.07861,0.0395246,1.1735,2.11782
-2.0784,0.0373815,1.17362,2.12266
-2.07819,0.0352355,1.17374,2.1275
-2.07798,0.0330866,1.17386,2.13234
-2.07776,0.0309348,1.17398,2.13718
-2.05314,-0.163177,1.18355,2.55489
-2.05276,-0.165541,1.18366,2.55975
-2.05238,-0.167908,1.18377,2.5646
-2.052,-0.170275,1.18388,2.56945
-2.01878,-0.365686,1.18724,3.09858
-2.01878,-0.365959,1.18723,3.10013
-2.01878,-0.366228,1.18722,3.10167
-2.01878,-0.366493,1.18722,3.10319
-2.01878,-0.366755,1.18721,3.10469
-2.01878,-0.367013,1.1872,3.10617
-2.02138,-0.401162,1.18722,-3.10493
-2.02164,-0.402154,1.18717,-3.10458
-2.02191,-0.403162,1.18711,-3.10424
-2.07348,-0.517753,1.17878,-3.12563
-2.07437,-0.519409,1.17865,-3.12642
-2.07525,-0.521067,1.17852,-3.12723
-2.07614,-0.522727,1.17838,-3.12805
-2.16536,-0.68082,1.1652,3.03843
-2.16627,-0.682411,1.16506,3.03695
-2.24974,-0.82736,1.15217,2.89219
-2.25063,-0.828919,1.15203,2.89056
-2.25152,-0.830479,1.15189,2.88893
-2.25241,-0.832038,1.15175,2.8873
-2.2533,-0.833598,1.15161,2.88567
-2.33644,-0.982054,1.13815,2.72981
-2.3373,-0.98363,1.13801,2.72817
-2.33816,-0.985207,1.13787,2.72654
-2.33902,-0.986784,1.13773,2.7249
-2.40892,-1.11668,1.12643,2.59086
-2.40968,-1.11811,1.12631,2.58936
-2.41043,-1.11953,1.1262,2.58786
-2.41118,-1.12093,1.12608,2.58637
-2.44166,-1.18127,1.11866,2.45965
-2.44162,-1.18123,1.11865,2.45923
-2.44158,-1.18119,1.11865,2.45882
-2.44154,-1.18115,1.11865,2.45841
-2.4415,-1.1811,1.11865,2.45801
-2.43083,-1.19125,1.12106,2.41326
-2.43022,-1.19176,1.12113,2.41203
-2.42959,-1.19228,1.12121,2.41077
-2.42894,-1.19282,1.12129,2.40949
-2.33869,-1.25051,1.12635,2.25623
-2.33696,-1.25146,1.1264,2.25324
-2.17666,-1.33076,1.12934,1.94728
-2.17459,-1.33172,1.12937,1.94304
-2.17251,-1.33268,1.1294,1.93878
-2.17043,-1.33364,1.12943,1.93452
-1.97185,-1.43286,1.13253,1.51287
-1.96299,-1.43772,1.1327,1.49362
-1.96077,-1.43894,1.13275,1.48879
-1.95855,-1.44016,1.13279,1.48397
-1.83154,-1.51606,1.13525,1.20513
-1.82933,-1.51749,1.13529,1.20019
-1.67471,-1.6271,1.13825,0.846873
-1.67259,-1.62875,1.13829,0.841869
-1.56176,-1.7218,1.1405,0.572167
-1.55979,-1.72358,1.14053,0.567233
-1.55782,-1.72536,1.14057,0.562307
-1.46065,-1.82838,1.14242,0.256673
-1.46,-1.82929,1.14243,0.253182
-1.45937,-1.83017,1.14244,0.249717
-1.4429,-1.85837,1.14326,0.121148
-1.44267,-1.85896,1.1433,0.118826
-1.44055,-1.89392,1.14751,0.0533901
-1.44074,-1.89505,1.14767,0.0526327
-1.45294,-1.93841,1.1539,0.0479511
-1.48823,-2.02354,1.16733,0.116261
-1.48898,-2.02514,1.16759,0.118247
-1.51476,-2.07691,1.17668,0.195416
-1.51557,-2.07844,1.17696,0.198066
-1.54108,-2.12371,1.18545,0.284367
-1.58311,-2.19068,1.19845,0.435577
-1.58406,-2.19211,1.19873,0.439044
-1.62643,-2.25337,1.21085,0.592551
-1.67955,-2.32496,1.22502,0.777808
-1.68066,-2.32641,1.2253,0.781548
-1.73659,-2.39895,1.239,0.965344
-1.73776,-2.40045,1.23927,0.969094
-1.79926,-2.47924,1.25361,1.16083
-1.80051,-2.48084,1.2539,1.16459
-1.80175,-2.48245,1.25418,1.16836
-1.86914,-2.57109,1.26893,1.3684
-1.87032,-2.57268,1.26916,1.37192
-1.94793,-2.66878,1.27805,1.69287
-1.94794,-2.66957,1.27804,1.69451
-1.94794,-2.67038,1.27803,1.69615
-1.94793,-2.67121,1.27801,1.69779
-1.94791,-2.67205,1.278,1.69942
-1.9156,-2.76403,1.27154,1.80892
-1.91484,-2.76561,1.27137,1.81047
-1.91407,-2.7672,1.2712,1.81201
-1.84346,-2.90424,1.25403,1.94289
-1.84257,-2.90595,1.2538,1.94455
-1.84169,-2.90766,1.25357,1.94621
-1.76566,-3.05523,1.23468,2.09173
-1.76477,-3.05698,1.23446,2.09349
-1.76387,-3.05872,1.23424,2.09525
-1.76298,-3.06047,1.23402,2.09702
-1.68311,-3.21603,1.21545,2.25314
-1.6822,-3.2178,1.21523,2.25495
-1.6813,-3.21957,1.21502,2.25676
-1.68039,-3.22134,1.2148,2.25857
-1.60045,-3.377,1.19669,2.41511
-1.59951,-3.37883,1.19648,2.41693
-1.59856,-3.38066,1.19627,2.41875
-1.52778,-3.51931,1.18012,2.56893
-1.52746,-3.52007,1.18,2.57016
-1.52716,-3.52081,1.17988,2.57137
-1.52687,-3.52153,1.17976,2.57257
-1.52105,-3.54505,1.17561,2.62966
-1.52106,-3.5452,1.1756,2.63028
-1.52108,-3.54534,1.17558,2.63088
-1.52341,-3.58166,1.16832,2.68939
-1.52356,-3.58284,1.16802,2.69056
-1.52372,-3.58404,1.1677,2.69174
-1.55733,-3.73821,1.12358,2.8545
-1.55788,-3.74032,1.12294,2.85704
-1.55842,-3.74245,1.12229,2.8596
-1.55897,-3.74457,1.12165,2.86216
-1.60283,-3.91678,1.06895,3.09575
-1.60336,-3.919,1.06828,3.09902
-1.64468,-4.12643,1.00651,-2.86854
-1.64505,-4.12875,1.00584,-2.86496
-1.64542,-4.13107,1.00517,-2.86137
-1.64579,-4.13339,1.0045,-2.85777
-1.64615,-4.1357,1.00383,-2.85418
-1.6698,-4.32611,0.948362,-2.54941
-1.67001,-4.32834,0.947704,-2.54577
-1.67023,-4.33058,0.947046,-2.54213
-1.67849,-4.43467,0.915997,-2.37097
-1.67863,-4.43686,0.915336,-2.36732
-1.68412,-4.55291,0.880852,-2.17349
-1.68419,-4.55687,0.879754,-2.16673
-1.68095,-4.62651,0.860733,-2.02164
-1.68082,-4.62736,0.860488,-2.01914
-1.67306,-4.65041,0.85296,-1.91688
-1.67291,-4.6506,0.852887,-1.91535
-1.66225,-4.65984,0.85357,-1.84264
-1.66188,-4.66018,0.853756,-1.84148
-1.6615,-4.66053,0.85395,-1.84031
-1.62781,-4.68241,0.871342,-1.78513
-1.62661,-4.68302,0.871945,-1.7837
-1.57129,-4.70647,0.90019,-1.72341
-1.48342,-4.73602,0.947216,-1.62819
-1.48154,-4.73661,0.948251,-1.62606
-1.38748,-4.76532,0.999891,-1.51434
-1.38556,-4.76589,1.00095,-1.51194
-1.32003,-4.78475,1.03702,-1.42792
-1.24228,-4.80605,1.07913,-1.32465
-1.24033,-4.80656,1.08017,-1.32203
-1.12561,-4.83501,1.14126,-1.16507
-1.12368,-4.83547,1.14229,-1.16238
-1.12174,-4.83592,1.14332,-1.15969
-1.05225,-4.85158,1.18012,-1.0628
-0.99662,-4.86334,1.20981,-0.984531
-0.925903,-4.87743,1.2479,-0.884404
-0.923993,-4.87779,1.24892,-0.881697
-0.867181,-4.88835,1.27893,-0.801334
-0.772739,-4.8975,1.32691,-0.62851
-0.772304,-4.89744,1.32716,-0.626986
-0.77188,-4.89739,1.3274,-0.625476
-0.762767,-4.89513,1.33286,-0.584085
-0.762564,-4.89507,1.33299,-0.583021
-0.758711,-4.8987,1.33664,-0.560715
-0.768315,-4.92676,1.33933,-0.567049
-0.789383,-4.96793,1.34108,-0.597988
-0.790255,-4.96952,1.34113,-0.599396
-0.82093,-5.02322,1.34277,-0.653734
-0.859373,-5.08777,1.34463,-0.733336
-0.898938,-5.15276,1.34654,-0.825568
-0.95203,-5.23648,1.34906,-0.957396
-0.953329,-5.23847,1.34912,-0.960673
-1.00135,-5.30953,1.35139,-1.08207
-1.00272,-5.31151,1.35145,-1.08551
-1.06581,-5.39878,1.35424,-1.2429
-1.12624,-5.47696,1.35682,-1.39212
-1.12769,-5.47878,1.35688,-1.39569
-1.19092,-5.55655,1.35953,-1.54967
-1.19241,-5.55833,1.35959,-1.55325
-1.24308,-5.61768,1.36164,-1.67506
-1.28039,-5.66013,1.36315,-1.76457
-1.38575,-5.76869,1.36752,-2.03007
-1.38655,-5.76933,1.36756,-2.03269
-1.38733,-5.76994,1.3676,-2.03528
-1.3881,-5.77054,1.36764,-2.03786
-1.40943,-5.78392,1.37,-2.1287
-1.42838,-5.80905,1.38492,-2.23802
-1.42883,-5.80993,1.38543,-2.24056
-1.44907,-5.85728,1.41486,-2.36397
-1.44955,-5.85853,1.41569,-2.36716
-1.46847,-5.91358,1.4553,-2.51789
-1.46886,-5.91486,1.4563,-2.5217
-1.48459,-5.97263,1.50388,-2.70869
-1.48489,-5.97384,1.50493,-2.71299
-1.49611,-6.02633,1.55247,-2.91432
-1.5024,-6.07406,1.59818,-3.12237
-1.50248,-6.07512,1.59922,-3.12721
-1.50238,-6.12992,1.65315,2.90024
-1.50229,-6.13097,1.65417,2.89526
-1.49129,-6.19389,1.71445,2.59867
-1.491,-6.19497,1.71547,2.5936
-1.49071,-6.19606,1.71648,2.58854
-1.46396,-6.27376,1.78498,2.24756
-1.46347,-6.275,1.786,2.24246
-1.46297,-6.27625,1.78703,2.23735
-1.41907,-6.37332,1.85518,1.8403
-1.41861,-6.37404,1.85561,1.83638
-1.40118,-6.39204,1.86647,1.69798
-1.40079,-6.39226,1.8666,1.69515
-1.40041,-6.39248,1.86673,1.69235
-1.37564,-6.40262,1.87559,1.56641
-1.37503,-6.40293,1.8758,1.56554
-1.29667,-6.43527,1.89368,1.61236
-1.29523,-6.43576,1.89395,1.61446
-1.2938,-6.43626,1.89422,1.61659
-1.19363,-6.47225,1.91245,1.83006
-1.19221,-6.47284,1.91271,1.83401
-1.19078,-6.47344,1.91297,1.83797
-1.11734,-6.50981,1.92693,2.07069
-1.11597,-6.51059,1.9272,2.07542
-1.0288,-6.56632,1.94393,2.38921
-1.0274,-6.5673,1.94419,2.39437
-1.02599,-6.56828,1.94446,2.39954
-0.92965,-6.63874,1.96167,2.74207
-0.928074,-6.63991,1.96193,2.74742
-0.815503,-6.72073,1.97954,3.10253
-0.813678,-6.72198,1.9798,3.10792
-0.81185,-6.72322,1.98006,3.11331
-0.694839,-6.799,1.99609,-2.84549
-0.692748,-6.80026,1.99635,-2.84013
-0.690654,-6.80151,1.99661,-2.83479
-0.543189,-6.88481,2.00861,-2.36335
-0.542762,-6.88513,2.0086,-2.36065
-0.542343,-6.88545,2.0086,-2.35798
-0.541932,-6.88577,2.00859,-2.35533
-0.529081,-6.89557,2.00928,-2.26702
-0.528691,-6.89581,2.00933,-2.26491
-0.50229,-6.90359,2.01259,-2.18566
-0.451195,-6.90526,2.01667,-2.09391
-0.449313,-6.9052,2.0168,-2.09081
-0.384465,-6.90096,2.02048,-1.98473
-0.330687,-6.89588,2.02294,-1.89397
-0.268678,-6.8894,2.02541,-1.785
-0.219907,-6.88371,2.02723,-1.69588
-0.132655,-6.87155,2.03022,-1.53055
-0.0494975,-6.85635,2.03293,-1.36621
0.0461557,-6.83357,2.03635,-1.16744
0.0488009,-6.83286,2.03645,-1.16181
0.130679,-6.80857,2.03939,-0.985407
0.185691,-6.78943,2.04143,-0.863722
0.267818,-6.7562,2.04445,-0.676006
0.38075,-6.70066,2.04909,-0.397222
0.383045,-6.69942,2.04919,-0.391262
0.492634,-6.63491,2.05409,-0.0913258
0.494717,-6.63357,2.05419,-0.0853131
0.596007,-6.56122,2.05915,0.23461
0.597534,-6.55995,2.05923,0.240239
0.64557,-6.50339,2.06325,0.550176
0.645699,-6.50292,2.06327,0.554107
0.645815,-6.50245,2.0633,0.558009
0.644829,-6.4864,2.06524,0.726172
0.644883,-6.48612,2.06534,0.729352
0.66489,-6.46778,2.07836,0.94341
0.665437,-6.46746,2.0787,0.947623
0.697794,-6.45344,2.10251,1.22133
0.698319,-6.4533,2.10298,1.22669
0.698841,-6.45318,2.10346,1.23206
0.727579,-6.45691,2.13648,1.62558
0.727917,-6.45717,2.13698,1.63188
0.749176,-6.49161,2.17182,2.09283
0.749494,-6.49235,2.17231,2.09965
0.749814,-6.4931,2.1728,2.10647
0.771629,-6.54252,2.19848,2.47407
0.772163,-6.54362,2.19896,2.4811
0.870944,-6.6819,2.24703,-3.01244
0.871866,-6.6828,2.24726,-3.00612
0.872776,-6.68369,2.24749,-2.99982
0.873675,-6.68457,2.24771,-2.99355
0.874564,-6.68544,2.24793,-2.98731
0.919678,-6.73518,2.25518,-2.5643
0.920093,-6.73561,2.25521,-2.56037
0.920515,-6.73605,2.25523,-2.55646
0.947505,-6.75319,2.25338,-2.41421
0.948654,-6.75366,2.25324,-2.41034
1.02308,-6.77161,2.24153,-2.22868
1.02515,-6.77193,2.24115,-2.22443
1.10129,-6.78174,2.22606,-2.07348
1.18508,-6.79035,2.20773,-1.90985
1.18763,-6.79059,2.20717,-1.90488
1.25434,-6.79567,2.19224,-1.77261
1.35466,-6.7996,2.16988,-1.56925
1.45469,-6.79714,2.14823,-1.36277
1.4574,-6.79697,2.14766,-1.3571
1.53304,-6.79018,2.13142,-1.1961
1.61987,-6.77779,2.11274,-1.00788
1.72617,-6.75478,2.08965,-0.768415
1.72875,-6.75411,2.08908,-0.76239
1.80632,-6.7314,2.07156,-0.574821
1.90427,-6.69628,2.048,-0.318872
1.90651,-6.69539,2.04743,-0.312755
1.99626,-6.65627,2.02379,-0.0551943
2.11571,-6.57042,1.9861,0.529043
2.11572,-6.57008,1.98598,0.532703
2.11572,-6.56974,1.98588,0.536332
2.11572,-6.56941,1.98577,0.539932
2.1157,-6.56908,1.98566,0.543502
2.11805,-6.55291,1.97783,0.724205
2.11855,-6.55269,1.97761,0.726085
2.11907,-6.55247,1.97738,0.727938
2.20889,-6.53958,1.95247,0.793895
2.21064,-6.53947,1.95206,0.793953
2.2124,-6.53936,1.95165,0.793991
2.36086,-6.53535,1.91816,0.75034
2.36285,-6.53534,1.91772,0.749312
2.36485,-6.53533,1.91727,0.748275
2.5151,-6.53702,1.88402,0.654443
2.51716,-6.53707,1.88357,0.653016
2.51922,-6.53713,1.88311,0.651586
2.66576,-6.54261,1.85101,0.546088
2.6678,-6.54271,1.85056,0.544577
2.66984,-6.54281,1.85011,0.543066
2.83077,-6.55126,1.81474,0.424169
2.83278,-6.55138,1.8143,0.422684
2.8348,-6.55149,1.81386,0.421199
3.00337,-6.56158,1.77691,0.298577
3.00527,-6.56171,1.77653,0.297214
3.00715,-6.56183,1.77614,0.295855
3.00902,-6.56195,1.77577,0.294503
3.08401,-6.56939,1.76126,0.225449
3.0846,-6.5695,1.76114,0.22456
3.10046,-6.57482,1.75728,0.183617
3.10052,-6.57489,1.75726,0.183181
3.10231,-6.57975,1.75289,0.159453
3.10216,-6.57993,1.75269,0.158975
3.102,-6.58011,1.7525,0.15849
3.04166,-6.60621,1.72808,0.107172
3.04018,-6.60675,1.72757,0.10613
3.03869,-6.60729,1.72706,0.105078
2.93931,-6.64279,1.6923,0.0302411
2.93752,-6.64345,1.69166,0.0287774
2.82682,-6.68465,1.65175,-0.0691643
2.825,-6.68535,1.6511,-0.070882
2.82317,-6.68604,1.65045,-0.0726023
2.71181,-6.72845,1.61123,-0.181645
2.70998,-6.72915,1.6106,-0.183485
2.60507,-6.76878,1.57534,-0.288057
2.60317,-6.76949,1.57472,-0.289945
2.60128,-6.7702,1.57409,-0.291834
2.51164,-6.80346,1.54474,-0.380772
2.50973,-6.80416,1.54411,-0.382671
2.3857,-6.84922,1.50393,-0.50443
2.38374,-6.84992,1.50329,-0.506339
2.29168,-6.88227,1.47465,-0.594526
2.28983,-6.88291,1.47411,-0.596311
2.19146,-6.92041,1.44128,-0.737879
2.19108,-6.92043,1.44109,-0.738861
2.19071,-6.92043,1.44088,-0.739844
2.19033,-6.92042,1.44068,-0.740831
2.18994,-6.9204,1.44048,-0.741821
2.16891,-6.89908,1.42678,-0.792409
2.16839,-6.89815,1.42636,-0.793708
2.14962,-6.85417,1.40838,-0.846127
2.13058,-6.79498,1.38429,-0.913195
2.13009,-6.79335,1.38361,-0.915101
2.11161,-6.73258,1.35734,-0.990483
2.09169,-6.67044,1.33011,-1.07364
2.09113,-6.66875,1.32938,-1.07598
2.07172,-6.61082,1.30448,-1.1573
2.05165,-6.55263,1.27987,-1.24157
2.02792,-6.48528,1.25203,-1.34045
2.0273,-6.48354,1.25132,-1.343
2.00481,-6.42016,1.22577,-1.43549
1.9825,-6.35706,1.20099,-1.52608
1.98186,-6.35524,1.20028,-1.52867
1.96011,-6.29298,1.17626,-1.61685
1.93755,-6.22773,1.15149,-1.70779
1.93691,-6.22584,1.15079,-1.71038
1.89218,-6.09417,1.10399,-1.89988
1.89178,-6.09319,1.1036,-1.9018
1.89139,-6.09222,1.10322,-1.9037
1.87178,-6.05988,1.08759,-1.99916
1.87131,-6.0596,1.08735,-2.00078
1.84927,-6.05844,1.07883,-2.05304
1.80636,-6.07237,1.06645,-2.12167
1.8048,-6.07297,1.06604,-2.12395
1.74464,-6.09799,1.05067,-2.21105
1.67168,-6.13,1.03235,-2.32343
1.66979,-6.13083,1.03188,-2.3265
1.587,-6.16703,1.0106,-2.46873
1.48495,-6.2091,0.983077,-2.66218
1.48313,-6.20981,0.982575,-2.66581
1.48131,-6.21053,0.982073,-2.66945
1.33592,-6.26526,0.940413,-2.97533
1.33419,-6.26589,0.939904,-2.97912
1.33247,-6.26652,0.939396,-2.98291
1.13708,-6.34115,0.877123,2.82674
1.13416,-6.34237,0.87613,2.8191
1.1327,-6.34297,0.875634,2.81529
1.13125,-6.34358,0.875137,2.81147
1.1298,-6.34419,0.874641,2.80766
1.04996,-6.36772,0.837743,2.33728
1.0501,-6.3676,0.837762,2.33656
1.05017,-6.36754,0.837771,2.33621
1.05023,-6.36748,0.837781,2.33586
1.0503,-6.36743,0.83779,2.33552
1.05236,-6.36563,0.840233,2.31761
1.05248,-6.36554,0.840396,2.3171
1.0526,-6.36544,0.840565,2.31657
1.05274,-6.36533,0.84074,2.31603
1.05289,-6.36521,0.84092,2.31548
1.05305,-6.36509,0.841106,2.31493
1.05323,-6.36495,0.841298,2.31436
1.08878,-6.34113,0.862048,2.26583
1.08995,-6.34039,0.862612,2.26458
1.16864,-6.29224,0.898416,2.18143
1.17033,-6.29122,0.899174,2.17957
1.17202,-6.29021,0.899935,2.1777
1.24927,-6.24404,0.934819,2.08731
1.35144,-6.18402,0.980933,1.95483
1.35329,-6.18296,0.981758,1.95235
1.35513,-6.1819,0.982586,1.94985
1.43368,-6.13759,1.01734,1.84257
1.56283,-6.06896,1.07283,1.66304
1.56474,-6.06798,1.07364,1.66037
1.56665,-6.067,1.07445,1.6577
1.66481,-6.01801,1.11597,1.52118
1.66675,-6.01707,1.11679,1.51849
1.73457,-5.98477,1.14518,1.42467
1.7365,-5.98387,1.14599,1.42199
1.82488,-5.94368,1.18313,1.29914
1.8268,-5.94283,1.18391,1.2965
1.9713,-5.89078,1.2377,1.0051
1.97169,-5.89025,1.23775,1.00412
1.97208,-5.88971,1.2378,1.00314
1.97249,-5.88914,1.23784,1.00215
1.97289,-5.88856,1.23789,1.00116
1.97331,-5.88795,1.23793,1.00017
1.97372,-5.88732,1.23797,0.999169
2.00195,-5.82622,1.23943,0.936977
2.00252,-5.8247,1.23945,0.935648
2.04325,-5.70079,1.2417,0.822666
2.04381,-5.69897,1.24174,0.820873
2.04437,-5.69715,1.24177,0.819075
2.13263,-5.40964,1.2467,0.483292
2.13315,-5.40793,1.24672,0.48109
2.13368,-5.40621,1.24675,0.478888
2.1342,-5.4045,1.24677,0.476686
2.13472,-5.40278,1.2468,0.474483
2.13524,-5.40107,1.24682,0.47228
2.13576,-5.39936,1.24685,0.470077
2.17271,-5.27365,1.2487,0.304428
2.17319,-5.27198,1.24873,0.302215
2.17366,-5.2703,1.24875,0.300003
2.21027,-5.13486,1.25085,0.120567
2.23154,-5.05501,1.25172,-0.0163811
2.23164,-5.05463,1.25172,-0.0177406
2.23173,-5.05426,1.25171,-0.0190882
2.23182,-5.05391,1.25171,-0.0204239
2.23191,-5.05357,1.25171,-0.0217477
2.23346,-5.04947,1.25111,-0.0843546
2.23677,-5.0507,1.25363,-0.118786
2.2371,-5.05062,1.25377,-0.119496
2.23744,-5.05054,1.25391,-0.120216
2.23781,-5.05047,1.25406,-0.120945
2.28858,-5.05203,1.26845,-0.181756
2.29004,-5.05222,1.26883,-0.183308
2.29151,-5.05242,1.26921,-0.184875
2.38766,-5.07117,1.29619,-0.298048
2.39305,-5.07241,1.29781,-0.305183
2.50384,-5.09982,1.33301,-0.47219
2.5056,-5.10028,1.33358,-0.475133
2.50736,-5.10074,1.33416,-0.478082
2.59039,-5.12303,1.36173,-0.626191
2.59208,-5.12349,1.3623,-0.629388
2.6689,-5.14487,1.38815,-0.77956
2.67054,-5.14533,1.38871,-0.782877
2.72059,-5.15908,1.40595,-0.886545
2.77899,-5.17447,1.42632,-1.01151
2.83706,-5.18866,1.44702,-1.14016
2.83856,-5.189,1.44756,-1.14355
2.89096,-5.2002,1.46675,-1.26237
2.94013,-5.20933,1.48477,-1.37434
2.94161,-5.20958,1.48531,-1.37772
2.98383,-5.21647,1.50029,-1.47598
3.03114,-5.22227,1.51872,-1.65617
3.03127,-5.22225,1.51883,-1.65807
3.03139,-5.22223,1.51892,-1.65996
3.03206,-5.22159,1.52042,-1.6942
3.03178,-5.21996,1.52246,-1.72929
3.04043,-5.20827,1.52393,-1.73849
3.07835,-5.14996,1.52206,-1.6699
3.0793,-5.14843,1.52196,-1.66755
3.17867,-4.99656,1.50714,-1.35464
3.17998,-4.99468,1.50693,-1.35006
3.1813,-4.9928,1.50672,-1.34547
3.23193,-4.91988,1.49909,-1.16516
3.23334,-4.91781,1.49889,-1.16004
3.28481,-4.83777,1.49154,-0.96433
3.28617,-4.83553,1.49135,-0.958895
3.32235,-4.77387,1.48609,-0.809707
3.36601,-4.69232,1.47958,-0.617058
3.40585,-4.60693,1.47326,-0.420646
3.45333,-4.48341,1.4644,-0.145461
3.45423,-4.48073,1.46422,-0.139581
3.47423,-4.4164,1.45972,0.00187026
3.51092,-4.26077,1.44898,0.344982
3.5114,-4.25812,1.4488,0.350851
3.51188,-4.25547,1.44863,0.356712
3.50771,-4.07884,1.43754,0.947246
3.50747,-4.07862,1.43751,0.949701
3.50724,-4.0784,1.43747,0.95213
3.50701,-4.07818,1.43744,0.954533
3.50678,-4.07797,1.43741,0.956911
3.49752,-4.06992,1.43695,1.03951
3.4824,-4.04199,1.44126,1.0978
3.48182,-4.04095,1.44146,1.09893
3.48124,-4.03989,1.44166,1.10006
3.45315,-3.99319,1.45207,1.13413
3.42153,-3.94529,1.46476,1.15525
3.37563,-3.87871,1.48463,1.17525
3.3745,-3.87707,1.48514,1.17565
3.3329,-3.81674,1.50429,1.18873
3.33179,-3.81512,1.50482,1.18904
3.28832,-3.75121,1.5253,1.20013
3.24549,-3.68766,1.54548,1.20997
3.24439,-3.68604,1.54599,1.21022
3.21593,-3.64355,1.55929,1.21656
3.16907,-3.57334,1.58111,1.22711
3.13624,-3.52414,1.59632,1.23468
3.13515,-3.52249,1.59683,1.23493
3.10125,-3.47161,1.61241,1.24294
3.05562,-3.40335,1.63351,1.25409
3.05454,-3.40172,1.63402,1.25436
3.02187,-3.35285,1.64901,1.26249
2.98438,-3.29655,1.66506,1.27191
2.94555,-3.24034,1.67972,1.29283
2.94555,-3.24034,1.67972,1.29283
2.94555,-3.24034,1.67972,1.29283
2.94506,-3.23986,1.68003,1.2928
2.945,-3.23982,1.68002,1.29279
2.94493,-3.23977,1.68,1.29277
2.94487,-3.23973,1.67998,1.29275
2.9448,-3.23969,1.67995,1.29273
2.94472,-3.23965,1.67991,1.2927
2.94465,-3.23962,1.67988,1.29267
2.94457,-3.23959,1.67983,1.29264
2.94449,-3.23957,1.67978,1.29261
2.94441,-3.23955,1.67973,1.29257
2.94102,-3.24853,1.6749,1.28957
2.94091,-3.24917,1.67466,1.28942
2.9408,-3.24984,1.67441,1.28926
2.94069,-3.25053,1.67415,1.28911
2.94057,-3.25124,1.67389,1.28895
2.94046,-3.25197,1.67362,1.28878
2.94035,-3.25273,1.67334,1.28862
2.94024,-3.25351,1.67306,1.28844
2.94013,-3.25431,1.67277,1.28827
2.94002,-3.25514,1.67248,1.28809
2.93734,-3.29351,1.65953,1.28012
2.93729,-3.29495,1.65904,1.27981
2.93724,-3.2964,1.65854,1.2795
2.93719,-3.29786,1.65804,1.27918
2.93714,-3.29933,1.65754,1.27887
2.9371,-3.30081,1.65703,1.27854
2.93706,-3.30231,1.65652,1.27822
2.93702,-3.30382,1.656,1.27789
2.93698,-3.30533,1.65548,1.27755
2.93699,-3.37679,1.62956,1.26021
2.93702,-3.37864,1.62888,1.25972
2.93858,-3.45014,1.60169,1.23938
2.94137,-3.53809,1.56699,1.21032
2.94143,-3.53996,1.56626,1.20967
2.9415,-3.54183,1.56552,1.20902
2.94406,-3.61832,1.5356,1.18142
2.94657,-3.69638,1.5061,1.15267
2.94663,-3.69829,1.50538,1.15196
2.94838,-3.75182,1.48545,1.13201
2.95082,-3.82454,1.45841,1.10474
2.95089,-3.82646,1.4577,1.10402
2.95314,-3.89571,1.43217,1.07813
2.95571,-3.97417,1.40325,1.04877
2.95577,-3.97608,1.40255,1.04806
2.95794,-4.04421,1.37768,1.02263
2.96144,-4.13391,1.34598,0.984106
2.9615,-4.13465,1.34567,0.983636
2.96156,-4.13537,1.34537,0.983171
2.9634,-4.15055,1.33835,0.970302
2.9695,-4.16016,1.34217,0.950816
2.96988,-4.16031,1.34253,0.950076
2.99785,-4.15866,1.36683,0.910272
3.05702,-4.14423,1.41755,0.832608
3.05843,-4.14386,1.4188,0.830632
3.12135,-4.12722,1.47642,0.734586
3.12284,-4.12683,1.47781,0.73213
3.18668,-4.11061,1.53837,0.619054
3.18816,-4.11024,1.53979,0.616265
3.25867,-4.09385,1.6068,0.479085
3.3168,-4.08203,1.66191,0.358985
3.31827,-4.08175,1.66331,0.355861
3.36883,-4.0725,1.71216,0.245545
3.41488,-4.0646,1.75765,0.140642
3.41625,-4.06437,1.75903,0.137445
3.47462,-4.05453,1.81813,-7.29541e-05
3.47595,-4.05431,1.81945,-0.00323008
3.51526,-4.04887,1.85739,-0.101912
3.54327,-4.04858,1.88991,-0.218435
3.54351,-4.04865,1.8903,-0.220386
3.548,-4.05365,1.90144,-0.290383
3.54805,-4.05384,1.90166,-0.291599
3.55159,-4.07662,1.91269,-0.325284
3.5561,-4.12728,1.92896,-0.326356
3.5562,-4.12879,1.92944,-0.326024
3.55995,-4.19368,1.94991,-0.30186
3.56004,-4.19544,1.95048,-0.300981
3.5633,-4.27082,1.97575,-0.254915
3.56611,-4.34439,2.00199,-0.196199
3.56617,-4.34611,2.00262,-0.194692
3.56868,-4.41953,2.02953,-0.126714
3.57097,-4.4888,2.05484,-0.058419
3.57103,-4.49047,2.05545,-0.0567317
3.57299,-4.56446,2.08259,0.0182881
3.57302,-4.56615,2.0832,0.02
3.57435,-4.63383,2.10786,0.0885164
3.57437,-4.63552,2.10848,0.0902231
3.575,-4.69563,2.13053,0.151505
3.57505,-4.75448,2.15222,0.211041
3.57504,-4.75618,2.15284,0.212742
3.5745,-4.83166,2.17951,0.287596
3.57448,-4.83319,2.18002,0.289157
3.5728,-4.88752,2.19818,0.359023
3.57276,-4.88807,2.19838,0.360129
3.57073,-4.90137,2.2045,0.401239
3.57073,-4.90188,2.2047,0.402867
3.57965,-4.92142,2.20626,0.432546
3.60996,-4.96076,2.2036,0.460157
3.61097,-4.96196,2.2035,0.460858
3.66335,-5.02275,2.19733,0.493427
3.66457,-5.02414,2.19718,0.494146
3.72187,-5.08932,2.18983,0.528113
3.76802,-5.14192,2.1838,0.556555
3.76926,-5.14333,2.18364,0.557334
3.83203,-5.21531,2.17541,0.598013
3.83326,-5.21673,2.17525,0.598825
3.8984,-5.29172,2.16678,0.642424
3.89963,-5.29314,2.16662,0.643257
3.94655,-5.34746,2.16053,0.67513
3.94779,-5.34889,2.16037,0.675973
4.04653,-5.4638,2.14731,0.743888
4.04776,-5.46523,2.14715,0.744739
4.04899,-5.46667,2.14699,0.745591
4.10265,-5.5295,2.13999,0.782915
4.10384,-5.5309,2.13984,0.783744
4.14815,-5.58272,2.13427,0.817614
4.14886,-5.58354,2.13418,0.818273
4.16819,-5.60643,2.13094,0.844059
4.16836,-5.60665,2.1309,0.844499
4.17078,-5.6142,2.13119,0.869991
4.17062,-5.61443,2.13129,0.870667
4.1287,-5.64358,2.14262,0.939975
4.1274,-5.64433,2.14289,0.94178
4.03857,-5.69005,2.15913,1.06841
4.03668,-5.69095,2.15945,1.07124
3.91662,-5.74436,2.17828,1.26473
3.91455,-5.74524,2.1786,1.26828
3.91249,-5.74611,2.17892,1.27184
3.76995,-5.80812,2.20043,1.52644
3.76776,-5.80913,2.20076,1.53044
3.76557,-5.81014,2.20109,1.53443
3.66428,-5.85918,2.21611,1.72177
3.66208,-5.8603,2.21643,1.72591
3.54075,-5.92513,2.23414,1.95562
3.53856,-5.92637,2.23446,1.95982
3.39445,-6.01394,2.2558,2.24166
3.39232,-6.01533,2.25612,2.24587
3.39019,-6.01672,2.25643,2.25008
3.26586,-6.10345,2.27543,2.50147
3.26391,-6.10491,2.27571,2.50551
3.15735,-6.20443,2.29072,2.86595
3.15724,-6.20465,2.29072,2.86741
3.15713,-6.20487,2.29071,2.86886
3.15702,-6.20508,2.2907,2.87028
3.15692,-6.2053,2.29069,2.8717
3.1505,-6.21509,2.28612,2.92824
3.15025,-6.2152,2.28577,2.92892
3.15,-6.2153,2.2854,2.92958
3.1392,-6.21272,2.2653,2.94259
3.11881,-6.18752,2.21204,2.93408
3.11834,-6.18674,2.21063,2.93356
3.09649,-6.14501,2.14055,2.89861
3.096,-6.14399,2.13889,2.8976
3.07312,-6.09408,2.05896,2.84197
3.07264,-6.09299,2.05723,2.84063
3.0516,-6.04332,1.97914,2.77624
3.03695,-6.00632,1.92223,2.72532
3.03652,-6.0052,1.92052,2.72375
3.01578,-5.94906,1.83562,2.64397
3.01538,-5.94794,1.83394,2.64236
2.99114,-5.87748,1.72742,2.54053
2.99076,-5.87634,1.72571,2.53891
2.96742,-5.80516,1.61867,2.43709
2.96706,-5.80405,1.61699,2.43548
2.96671,-5.80294,1.61531,2.43388
2.94761,-5.7423,1.52589,2.34643
2.94731,-5.74131,1.52456,2.34498
2.92847,-5.69049,1.45313,2.22438
2.92792,-5.69045,1.45293,2.22362
2.92736,-5.69041,1.45273,2.22286
2.92677,-5.69037,1.45253,2.2221
2.92616,-5.69034,1.45233,2.22134
2.84032,-5.69685,1.44257,2.16452
2.83866,-5.69705,1.44247,2.16363
2.83699,-5.69724,1.44237,2.16273
2.71776,-5.71275,1.4363,2.09789
2.7159,-5.713,1.43621,2.09683
2.71405,-5.71326