-0.633076,-0.499558,0.803101,3.13777
-0.651585,-0.49333,0.807418,-3.09774
-0.670094,-0.487103,0.811736,-3.05006
-0.688603,-0.480875,0.816053,-3.00238
-0.707111,-0.474648,0.82037,-2.9547
-0.72562,-0.468421,0.824687,-2.90702
-0.744129,-0.462193,0.829005,-2.85935
-0.762638,-0.455966,0.833322,-2.81167
-0.781147,-0.449738,0.837639,-2.76399
-0.799656,-0.443511,0.841956,-2.71631
-0.818165,-0.437283,0.846274,-2.66864
-0.836674,-0.431056,0.850591,-2.62096
-0.855183,-0.424828,0.854908,-2.57328
-0.873692,-0.418601,0.859225,-2.5256
-0.892201,-0.412373,0.863543,-2.47793
-0.91071,-0.406146,0.86786,-2.43025
-0.929218,-0.399918,0.872177,-2.38257
-0.947727,-0.393691,0.876494,-2.33489
-0.966236,-0.387463,0.880812,-2.28721
-0.984745,-0.381236,0.885129,-2.23954
-1.00325,-0.375009,0.889446,-2.19186
-1.02176,-0.368781,0.893763,-2.14418
-1.04027,-0.362554,0.898081,-2.0965
-1.05878,-0.356326,0.902398,-2.04883
-1.07729,-0.350099,0.906715,-2.00115
-1.0958,-0.343871,0.911032,-1.95347
-1.11431,-0.337644,0.91535,-1.90579
-1.13282,-0.331416,0.919667,-1.85811
-1.15133,-0.325189,0.923984,-1.81044
-1.16983,-0.318961,0.928301,-1.76276
-1.18834,-0.312734,0.932619,-1.71508
-1.20685,-0.306506,0.936936,-1.6674
-1.22536,-0.300279,0.941253,-1.61973
-1.24387,-0.294051,0.94557,-1.57205
-1.26238,-0.287824,0.949888,-1.52437
-1.28089,-0.281597,0.954205,-1.47669
-1.2994,-0.275369,0.958522,-1.42902
-1.31791,-0.269142,0.962839,-1.38134
-1.33641,-0.262914,0.967157,-1.33366
-1.35492,-0.256687,0.971474,-1.28598
-1.37343,-0.250459,0.975791,-1.2383
-1.39194,-0.244232,0.980108,-1.19063
-1.41045,-0.238004,0.984426,-1.14295
-1.42896,-0.231777,0.988743,-1.09527
-1.44747,-0.225549,0.99306,-1.04759
-1.46598,-0.219322,0.997377,-0.999916
-1.48449,-0.213094,1.00169,-0.952238
-1.50299,-0.206867,1.00601,-0.904561
-1.5215,-0.20064,1.01033,-0.856883
-1.54001,-0.194412,1.01465,-0.809205
-1.55852,-0.188185,1.01896,-0.761527
-1.57584,-0.17946,1.02387,-0.765174
-1.59315,-0.170735,1.02878,-0.76882
-1.61046,-0.16201,1.03369,-0.772467
-1.62778,-0.153285,1.0386,-0.776113
-1.64509,-0.14456,1.04351,-0.77976
-1.6624,-0.135835,1.04842,-0.783407
-1.67972,-0.12711,1.05334,-0.787053
-1.69703,-0.118385,1.05825,-0.7907
-1.71435,-0.10966,1.06316,-0.794346
-1.73166,-0.100935,1.06807,-0.797993
-1.74897,-0.0922101,1.07298,-0.801639
-1.76629,-0.0834851,1.07789,-0.805286
-1.7836,-0.0747602,1.0828,-0.808932
-1.80091,-0.0660352,1.08771,-0.812579
-1.81823,-0.0573103,1.09262,-0.816225
-1.83554,-0.0485853,1.09753,-0.819872
-1.85285,-0.0398603,1.10244,-0.823518
-1.87017,-0.0311354,1.10735,-0.827165
-1.88748,-0.0224104,1.11226,-0.830811
-1.9048,-0.0136855,1.11717,-0.834458
-1.92211,-0.00496052,1.12208,-0.838104
-1.93942,0.00376443,1.12699,-0.841751
-1.95674,0.0124894,1.1319,-0.845397
-1.97405,0.0212143,1.13681,-0.849044
-1.99136,0.0299393,1.14172,-0.852691
-2.00868,0.0386642,1.14663,-0.856337
-2.02599,0.0473892,1.15154,-0.859984
-2.04331,0.0561142,1.15645,-0.86363
-2.06062,0.0648391,1.16136,-0.867277
-2.07793,0.0735641,1.16627,-0.870923
-2.09525,0.082289,1.17118,-0.87457
-2.11256,0.091014,1.17609,-0.878216
-2.12987,0.0997389,1.181,-0.881863
-2.14719,0.108464,1.18591,-0.885509
-2.1645,0.117189,1.19082,-0.889156
-2.18182,0.125914,1.19573,-0.892802
-2.19913,0.134639,1.20064,-0.896449
-2.21644,0.143364,1.20555,-0.900095
-2.23376,0.152089,1.21046,-0.903742
-2.25107,0.160814,1.21537,-0.907388
-2.26838,0.169539,1.22028,-0.911035
-2.2857,0.178264,1.22519,-0.914682
-2.30301,0.186988,1.2301,-0.918328
-2.32033,0.195713,1.23501,-0.921975
-2.33764,0.204438,1.23992,-0.925621
-2.35495,0.213163,1.24483,-0.929268
-2.37227,0.221888,1.24974,-0.932914
-2.38958,0.230613,1.25465,-0.936561
-2.40689,0.239338,1.25956,-0.940207
-2.42421,0.248063,1.26447,-0.943854
-2.43753,0.262246,1.2691,-0.944011
-2.45085,0.276428,1.27372,-0.944168
-2.46417,0.29061,1.27835,-0.944325
-2.47749,0.304793,1.28297,-0.944483
-2.49082,0.318975,1.2876,-0.94464
-2.50414,0.333158,1.29222,-0.944797
-2.51746,0.34734,1.29685,-0.944954
-2.53078,0.361522,1.30147,-0.945111
-2.5441,0.375705,1.3061,-0.945268
-2.55743,0.389887,1.31072,-0.945426
-2.57075,0.40407,1.31535,-0.945583
-2.58407,0.418252,1.31997,-0.94574
-2.59739,0.432434,1.3246,-0.945897
-2.61071,0.446617,1.32922,-0.946054
-2.62403,0.460799,1.33385,-0.946212
-2.63736,0.474982,1.33847,-0.946369
-2.65068,0.489164,1.3431,-0.946526
-2.664,0.503346,1.34772,-0.946683
-2.67732,0.517529,1.35235,-0.94684
-2.69064,0.531711,1.35697,-0.946997
-2.70396,0.545894,1.3616,-0.947155
-2.71729,0.560076,1.36622,-0.947312
-2.73061,0.574258,1.37085,-0.947469
-2.74393,0.588441,1.37547,-0.947626
-2.75725,0.602623,1.3801,-0.947783
-2.77057,0.616806,1.38472,-0.947941
-2.7839,0.630988,1.38935,-0.948098
-2.79722,0.64517,1.39397,-0.948255
-2.81054,0.659353,1.3986,-0.948412
-2.82386,0.673535,1.40322,-0.948569
-2.83718,0.687718,1.40785,-0.948726
-2.8505,0.7019,1.41247,-0.948884
-2.86383,0.716082,1.4171,-0.949041
-2.87715,0.730265,1.42172,-0.949198
-2.89047,0.744447,1.42635,-0.949355
-2.90379,0.75863,1.43097,-0.949512
-2.91711,0.772812,1.4356,-0.94967
-2.93043,0.786994,1.44022,-0.949827
-2.94376,0.801177,1.44485,-0.949984
-2.95708,0.815359,1.44947,-0.950141
-2.9704,0.829542,1.4541,-0.950298
-2.98372,0.843724,1.45872,-0.950455
-2.99704,0.857906,1.46335,-0.950613
-3.01037,0.872089,1.46797,-0.95077
-3.02369,0.886271,1.4726,-0.950927
-3.03701,0.900454,1.47722,-0.951084
-3.05033,0.914636,1.48185,-0.951241
-3.06365,0.928818,1.48647,-0.951399
-3.07697,0.943001,1.4911,-0.951556
-3.0903,0.957183,1.49572,-0.951713
-3.11011,0.955355,1.4977,-0.957371
-3.12993,0.953528,1.49968,-0.96303
-3.14975,0.9517,1.50165,-0.968688
-3.16957,0.949872,1.50363,-0.974346
-3.18939,0.948045,1.50561,-0.980004
-3.2092,0.946217,1.50759,-0.985663
-3.22902,0.944389,1.50956,-0.991321
-3.24884,0.942561,1.51154,-0.996979
-3.26866,0.940734,1.51352,-1.00264
-3.28847,0.938906,1.5155,-1.0083
-3.30829,0.937078,1.51747,-1.01395
-3.32811,0.93525,1.51945,-1.01961
-3.34793,0.933423,1.52143,-1.02527
-3.36775,0.931595,1.52341,-1.03093
-3.38756,0.929767,1.52538,-1.03659
-3.40738,0.927939,1.52736,-1.04225
-3.4272,0.926112,1.52934,-1.0479
-3.44702,0.924284,1.53132,-1.05356
-3.46684,0.922456,1.5333,-1.05922
-3.48665,0.920629,1.53527,-1.06488
-3.50647,0.918801,1.53725,-1.07054
-3.52629,0.916973,1.53923,-1.0762
-3.54611,0.915145,1.54121,-1.08185
-3.56593,0.913318,1.54318,-1.08751
-3.58574,0.91149,1.54516,-1.09317
-3.60556,0.909662,1.54714,-1.09883
-3.62538,0.907834,1.54912,-1.10449
-3.6452,0.906007,1.55109,-1.11014
-3.66501,0.904179,1.55307,-1.1158
-3.68483,0.902351,1.55505,-1.12146
-3.70465,0.900523,1.55703,-1.12712
-3.72447,0.898696,1.559,-1.13278
-3.74429,0.896868,1.56098,-1.13844
-3.7641,0.89504,1.56296,-1.14409
-3.78392,0.893213,1.56494,-1.14975
-3.80374,0.891385,1.56691,-1.15541
-3.82356,0.889557,1.56889,-1.16107
-3.84338,0.887729,1.57087,-1.16673
-3.86319,0.885902,1.57285,-1.17239
-3.88301,0.884074,1.57482,-1.17804
-3.90283,0.882246,1.5768,-1.1837
-3.92265,0.880418,1.57878,-1.18936
-3.94247,0.878591,1.58076,-1.19502
-3.96228,0.876763,1.58273,-1.20068
-3.9821,0.874935,1.58471,-1.20634
-4.00192,0.873107,1.58669,-1.21199
-4.02174,0.87128,1.58867,-1.21765
-4.04155,0.869452,1.59064,-1.22331
-4.06137,0.867624,1.59262,-1.22897
-4.08119,0.865797,1.5946,-1.23463
-4.09127,0.861133,1.57797,-1.29295
-4.10136,0.856469,1.56134,-1.35126
-4.11144,0.851805,1.54471,-1.40958
-4.12152,0.847141,1.52808,-1.4679
-4.1316,0.842477,1.51145,-1.52622
-4.14169,0.837813,1.49481,-1.58454
-4.15177,0.833149,1.47818,-1.64286
-4.16185,0.828485,1.46155,-1.70118
-4.17193,0.823821,1.44492,-1.7595
-4.18202,0.819157,1.42829,-1.81781
-4.1921,0.814494,1.41166,-1.87613
-4.20218,0.80983,1.39503,-1.93445
-4.21227,0.805166,1.3784,-1.99277
-4.22235,0.800502,1.36177,-2.05109
-4.23243,0.795838,1.34514,-2.10941
-4.24251,0.791174,1.32851,-2.16773
-4.2526,0.78651,1.31187,-2.22605
-4.26268,0.781846,1.29524,-2.28436
-4.27276,0.777182,1.27861,-2.34268
-4.28284,0.772518,1.26198,-2.401
-4.29293,0.767854,1.24535,-2.45932
-4.30301,0.763191,1.22872,-2.51764
-4.31309,0.758527,1.21209,-2.57596
-4.32317,0.753863,1.19546,-2.63428
-4.33326,0.749199,1.17883,-2.6926
-4.34334,0.744535,1.1622,-2.75091
-4.35342,0.739871,1.14557,-2.80923
-4.36351,0.735207,1.12893,-2.86755
-4.37359,0.730543,1.1123,-2.92587
-4.38367,0.725879,1.09567,-2.98419
-4.39375,0.721215,1.07904,-3.04251
-4.40384,0.716551,1.06241,-3.10083
-4.41392,0.711888,1.04578,3.12404
-4.424,0.707224,1.02915,3.06572
-4.43408,0.70256,1.01252,3.0074
-4.44417,0.697896,0.995887,2.94908
-4.45425,0.693232,0.979256,2.89076
-4.46433,0.688568,0.962625,2.83245
-4.47442,0.683904,0.945994,2.77413
-4.4845,0.67924,0.929363,2.71581
-4.49458,0.674576,0.912733,2.65749
-4.50466,0.669912,0.896102,2.59917
-4.51475,0.665248,0.879471,2.54085
-4.52483,0.660585,0.86284,2.48253
-4.53491,0.655921,0.846209,2.42421
-4.54499,0.651257,0.829578,2.3659
-4.55508,0.646593,0.812947,2.30758
-4.56516,0.641929,0.796316,2.24926
-4.57524,0.637265,0.779685,2.19094
-4.58532,0.632601,0.763054,2.13262
-4.59322,0.650971,0.763438,2.15431
-4.60113,0.66934,0.763822,2.176
-4.60903,0.68771,0.764205,2.19769
-4.61693,0.706079,0.764589,2.21938
-4.62483,0.724449,0.764972,2.24107
-4.63273,0.742819,0.765356,2.26276
-4.64063,0.761188,0.76574,2.28445
-4.64853,0.779558,0.766123,2.30614
-4.65643,0.797927,0.766507,2.32783
-4.66433,0.816297,0.766891,2.34952
-4.67223,0.834667,0.767274,2.37121
-4.68013,0.853036,0.767658,2.3929
-4.68803,0.871406,0.768042,2.41459
-4.69593,0.889775,0.768425,2.43629
-4.70383,0.908145,0.768809,2.45798
-4.71173,0.926515,0.769192,2.47967
-4.71963,0.944884,0.769576,2.50136
-4.72753,0.963254,0.76996,2.52305
-4.73543,0.981623,0.770343,2.54474
-4.74333,0.999993,0.770727,2.56643
-4.75123,1.01836,0.771111,2.58812
-4.75913,1.03673,0.771494,2.60981
-4.76703,1.0551,0.771878,2.6315
-4.77493,1.07347,0.772261,2.65319
-4.78283,1.09184,0.772645,2.67488
-4.79073,1.11021,0.773029,2.69657
-4.79863,1.12858,0.773412,2.71826
-4.80653,1.14695,0.773796,2.73995
-4.81443,1.16532,0.77418,2.76164
-4.82233,1.18369,0.774563,2.78333
-4.83023,1.20206,0.774947,2.80502
-4.83813,1.22043,0.775331,2.82671
-4.84603,1.2388,0.775714,2.8484
-4.85393,1.25717,0.776098,2.87009
-4.86183,1.27554,0.776481,2.89178
-4.86973,1.29391,0.776865,2.91347
-4.87763,1.31228,0.777249,2.93516
-4.88553,1.33065,0.777632,2.95685
-4.89343,1.34902,0.778016,2.97854
-4.90133,1.36738,0.7784,3.00023
-4.90923,1.38575,0.778783,3.02192
-4.91713,1.40412,0.779167,3.04361
-4.92503,1.42249,0.77955,3.0653
-4.93293,1.44086,0.779934,3.08699
-4.94083,1.45923,0.780318,3.10869
-4.94873,1.4776,0.780701,3.13038
-4.95663,1.49597,0.781085,-3.13112
-4.96453,1.51434,0.781469,-3.10943
-4.97243,1.53271,0.781852,-3.08774
-4.98033,1.55108,0.782236,-3.06605
-4.9784,1.56299,0.79819,-3.01864
-4.97648,1.57489,0.814144,-2.97124
-4.97455,1.5868,0.830098,-2.92383
-4.97263,1.59871,0.846052,-2.87643
-4.9707,1.61061,0.862006,-2.82902
-4.96877,1.62252,0.87796,-2.78162
-4.96685,1.63442,0.893914,-2.73421
-4.96492,1.64633,0.909868,-2.6868
-4.963,1.65824,0.925822,-2.6394
-4.96107,1.67014,0.941776,-2.59199
-4.95915,1.68205,0.95773,-2.54459
-4.95722,1.69396,0.973684,-2.49718
-4.95529,1.70586,0.989638,-2.44978
-4.95337,1.71777,1.00559,-2.40237
-4.95144,1.72968,1.02155,-2.35497
-4.94952,1.74158,1.0375,-2.30756
-4.94759,1.75349,1.05345,-2.26015
-4.94567,1.76539,1.06941,-2.21275
-4.94374,1.7773,1.08536,-2.16534
-4.94181,1.78921,1.10132,-2.11794
-4.93989,1.80111,1.11727,-2.07053
-4.93796,1.81302,1.13322,-2.02313
-4.93604,1.82493,1.14918,-1.97572
-4.93411,1.83683,1.16513,-1.92832
-4.93219,1.84874,1.18109,-1.88091
-4.93026,1.86065,1.19704,-1.83351
-4.92833,1.87255,1.21299,-1.7861
-4.92641,1.88446,1.22895,-1.73869
-4.92448,1.89636,1.2449,-1.69129
-4.92256,1.90827,1.26086,-1.64388
-4.92063,1.92018,1.27681,-1.59648
-4.91871,1.93208,1.29276,-1.54907
-4.91678,1.94399,1.30872,-1.50167
-4.91486,1.9559,1.32467,-1.45426
-4.91293,1.9678,1.34063,-1.40686
-4.911,1.97971,1.35658,-1.35945
-4.90908,1.99162,1.37253,-1.31204
-4.90715,2.00352,1.38849,-1.26464
-4.90523,2.01543,1.40444,-1.21723
-4.9033,2.02733,1.4204,-1.16983
-4.90138,2.03924,1.43635,-1.12242
-4.89945,2.05115,1.4523,-1.07502
-4.89752,2.06305,1.46826,-1.02761
-4.8956,2.07496,1.48421,-0.980206
-4.89367,2.08687,1.50017,-0.932801
-4.89175,2.09877,1.51612,-0.885395
-4.88982,2.11068,1.53207,-0.83799
-4.8879,2.12259,1.54803,-0.790584
-4.88597,2.13449,1.56398,-0.743179
-4.88404,2.1464,1.57994,-0.695773
-4.86796,2.15417,1.57095,-0.647444
-4.85187,2.16194,1.56196,-0.599116
-4.83578,2.16971,1.55298,-0.550787
-4.81969,2.17749,1.54399,-0.502458
-4.8036,2.18526,1.53501,-0.454129
-4.78751,2.19303,1.52602,-0.405801
-4.77142,2.2008,1.51704,-0.357472
-4.75533,2.20858,1.50805,-0.309143
-4.73925,2.21635,1.49906,-0.260814
-4.72316,2.22412,1.49008,-0.212486
-4.70707,2.23189,1.48109,-0.164157
-4.69098,2.23966,1.47211,-0.115828
-4.67489,2.24744,1.46312,-0.0674993
-4.6588,2.25521,1.45413,-0.0191705
-4.64271,2.26298,1.44515,0.0291582
-4.62662,2.27075,1.43616,0.077487
-4.61054,2.27853,1.42718,0.125816
-4.59445,2.2863,1.41819,0.174145
-4.57836,2.29407,1.40921,0.222473
-4.56227,2.30184,1.40022,0.270802
-4.54618,2.30961,1.39123,0.319131
-4.53009,2.31739,1.38225,0.36746
-4.514,2.32516,1.37326,0.415788
-4.49791,2.33293,1.36428,0.464117
-4.48183,2.3407,1.35529,0.512446
-4.46574,2.34848,1.34631,0.560775
-4.44965,2.35625,1.33732,0.609103
-4.43356,2.36402,1.32833,0.657432
-4.41747,2.37179,1.31935,0.705761
-4.40138,2.37956,1.31036,0.75409
-4.38529,2.38734,1.30138,0.802418
-4.3692,2.39511,1.29239,0.850747
-4.35312,2.40288,1.2834,0.899076
-4.33703,2.41065,1.27442,0.947405
-4.32094,2.41843,1.26543,0.995733
-4.30485,2.4262,1.25645,1.04406
-4.28876,2.43397,1.24746,1.09239
-4.27267,2.44174,1.23848,1.14072
-4.25658,2.44951,1.22949,1.18905
-4.24049,2.45729,1.2205,1.23738
-4.22441,2.46506,1.21152,1.28571
-4.20832,2.47283,1.20253,1.33403
-4.19223,2.4806,1.19355,1.38236
-4.17614,2.48838,1.18456,1.43069
-4.16005,2.49615,1.17557,1.47902
-4.14396,2.50392,1.16659,1.52735
-4.12787,2.51169,1.1576,1.57568
-4.11178,2.51946,1.14862,1.62401
-4.0957,2.52724,1.13963,1.67234
-4.07961,2.53501,1.13065,1.72066
-4.08237,2.51521,1.13016,1.66841
-4.08513,2.4954,1.12968,1.61615
-4.08789,2.4756,1.1292,1.56389
-4.09065,2.4558,1.12871,1.51163
-4.09342,2.436,1.12823,1.45938
-4.09618,2.41619,1.12775,1.40712
-4.09894,2.39639,1.12726,1.35486
-4.1017,2.37659,1.12678,1.30261
-4.10446,2.35679,1.1263,1.25035
-4.10722,2.33698,1.12582,1.19809
-4.10998,2.31718,1.12533,1.14583
-4.11275,2.29738,1.12485,1.09358
-4.11551,2.27758,1.12437,1.04132
-4.11827,2.25777,1.12388,0.98906
-4.12103,2.23797,1.1234,0.936803
-4.12379,2.21817,1.12292,0.884545
-4.12655,2.19837,1.12244,0.832288
-4.12931,2.17856,1.12195,0.780031
-4.13208,2.15876,1.12147,0.727773
-4.13484,2.13896,1.12099,0.675516
-4.1376,2.11916,1.1205,0.623258
-4.14036,2.09935,1.12002,0.571001
-4.14312,2.07955,1.11954,0.518743
-4.14588,2.05975,1.11905,0.466486
-4.14865,2.03995,1.11857,0.414228
-4.15141,2.02014,1.11809,0.361971
-4.15417,2.00034,1.11761,0.309713
-4.15693,1.98054,1.11712,0.257456
-4.15969,1.96074,1.11664,0.205199
-4.16245,1.94093,1.11616,0.152941
-4.16521,1.92113,1.11567,0.100684
-4.16798,1.90133,1.11519,0.0484261
-4.17074,1.88153,1.11471,-0.00383132
-4.1735,1.86172,1.11423,-0.0560888
-4.17626,1.84192,1.11374,-0.108346
-4.17902,1.82212,1.11326,-0.160604
-4.18178,1.80232,1.11278,-0.212861
-4.18455,1.78251,1.11229,-0.265119
-4.18731,1.76271,1.11181,-0.317376
-4.19007,1.74291,1.11133,-0.369634
-4.19283,1.7231,1.11085,-0.421891
-4.19559,1.7033,1.11036,-0.474148
-4.19835,1.6835,1.10988,-0.526406
-4.20111,1.6637,1.1094,-0.578663
-4.20388,1.64389,1.10891,-0.630921
-4.20664,1.62409,1.10843,-0.683178
-4.2094,1.60429,1.10795,-0.735436
-4.21216,1.58449,1.10746,-0.787693
-4.21492,1.56468,1.10698,-0.839951
-4.21768,1.54488,1.1065,-0.892208
-4.20468,1.53039,1.11107,-0.834928
-4.19168,1.5159,1.11564,-0.777648
-4.17867,1.5014,1.12021,-0.720369
-4.16567,1.48691,1.12478,-0.663089
-4.15267,1.47242,1.12935,-0.605809
-4.13966,1.45793,1.13392,-0.548529
-4.12666,1.44344,1.13849,-0.491249
-4.11366,1.42894,1.14306,-0.43397
-4.10065,1.41445,1.14762,-0.37669
-4.08765,1.39996,1.15219,-0.31941
-4.07465,1.38547,1.15676,-0.26213
-4.06164,1.37097,1.16133,-0.20485
-4.04864,1.35648,1.1659,-0.147571
-4.03563,1.34199,1.17047,-0.0902908
-4.02263,1.3275,1.17504,-0.0330109
-4.00963,1.313,1.17961,0.0242689
-3.99662,1.29851,1.18418,0.0815487
-3.98362,1.28402,1.18875,0.138828
-3.97062,1.26953,1.19332,0.196108
-3.95761,1.25504,1.19789,0.253388
-3.94461,1.24054,1.20246,0.310668
-3.93161,1.22605,1.20703,0.367948
-3.9186,1.21156,1.2116,0.425228
-3.9056,1.19707,1.21617,0.482507
-3.8926,1.18257,1.22074,0.539787
-3.87959,1.16808,1.22531,0.597067
-3.86659,1.15359,1.22988,0.654347
-3.85359,1.1391,1.23445,0.711627
-3.84058,1.1246,1.23902,0.768906
-3.82758,1.11011,1.24359,0.826186
-3.81458,1.09562,1.24816,0.883466
-3.80157,1.08113,1.25272,0.940746
-3.78857,1.06663,1.25729,0.998026
-3.77556,1.05214,1.26186,1.05531
-3.76256,1.03765,1.26643,1.11259
-3.74956,1.02316,1.271,1.16987
-3.73655,1.00867,1.27557,1.22714
-3.72355,0.994173,1.28014,1.28442
-3.71055,0.979681,1.28471,1.3417
-3.69754,0.965188,1.28928,1.39898
-3.68454,0.950696,1.29385,1.45626
-3.67154,0.936204,1.29842,1.51354
-3.65853,0.921711,1.30299,1.57082
-3.64553,0.907219,1.30756,1.6281
-3.63253,0.892727,1.31213,1.68538
-3.61952,0.878234,1.3167,1.74266
-3.60652,0.863742,1.32127,1.79994
-3.59352,0.84925,1.32584,1.85722
-3.58051,0.834757,1.33041,1.9145
-3.56751,0.820265,1.33498,1.97178
-3.57479,0.801662,1.334,1.9325
-3.58207,0.783059,1.33302,1.89322
-3.58934,0.764457,1.33204,1.85394
-3.59662,0.745854,1.33106,1.81465
-3.6039,0.727251,1.33008,1.77537
-3.61118,0.708648,1.3291,1.73609
-3.61846,0.690045,1.32812,1.69681
-3.62574,0.671443,1.32714,1.65753
-3.63302,0.65284,1.32616,1.61824
-3.64029,0.634237,1.32518,1.57896
-3.64757,0.615634,1.32421,1.53968
-3.65485,0.597031,1.32323,1.5004
-3.66213,0.578429,1.32225,1.46111
-3.66941,0.559826,1.32127,1.42183
-3.67669,0.541223,1.32029,1.38255
-3.68397,0.52262,1.31931,1.34327
-3.69124,0.504018,1.31833,1.30399
-3.69852,0.485415,1.31735,1.2647
-3.7058,0.466812,1.31637,1.22542
-3.71308,0.448209,1.31539,1.18614
-3.72036,0.429606,1.31441,1.14686
-3.72764,0.411004,1.31343,1.10758
-3.73492,0.392401,1.31245,1.06829
-3.74219,0.373798,1.31148,1.02901
-3.74947,0.355195,1.3105,0.989729
-3.75675,0.336593,1.30952,0.950447
-3.76403,0.31799,1.30854,0.911165
-3.77131,0.299387,1.30756,0.871883
-3.77859,0.280784,1.30658,0.832601
-3.78587,0.262181,1.3056,0.793319
-3.79314,0.243579,1.30462,0.754037
-3.80042,0.224976,1.30364,0.714755
-3.8077,0.206373,1.30266,0.675472
-3.81498,0.18777,1.30168,0.63619
-3.82226,0.169168,1.3007,0.596908
-3.82954,0.150565,1.29972,0.557626
-3.83682,0.131962,1.29875,0.518344
-3.84409,0.113359,1.29777,0.479062
-3.85137,0.0947565,1.29679,0.43978
-3.85865,0.0761537,1.29581,0.400498
-3.86593,0.0575509,1.29483,0.361215
-3.87321,0.0389481,1.29385,0.321933
-3.88049,0.0203453,1.29287,0.282651
-3.88777,0.00174256,1.29189,0.243369
-3.89504,-0.0168602,1.29091,0.204087
-3.90232,-0.035463,1.28993,0.164805
-3.9096,-0.0540658,1.28895,0.125523
-3.91688,-0.0726686,1.28797,0.0862406
-3.92416,-0.0912713,1.28699,0.0469585
-3.93144,-0.109874,1.28602,0.00767636
-3.91846,-0.124791,1.28299,-0.0419681
-3.90549,-0.139709,1.27997,-0.0916125
-3.89252,-0.154626,1.27694,-0.141257
-3.87954,-0.169544,1.27392,-0.190901
-3.86657,-0.184461,1.27089,-0.240546
-3.85359,-0.199378,1.26787,-0.29019
-3.84062,-0.214296,1.26484,-0.339835
-3.82765,-0.229213,1.26182,-0.389479
-3.81467,-0.244131,1.25879,-0.439124
-3.8017,-0.259048,1.25577,-0.488768
-3.78872,-0.273965,1.25274,-0.538412
-3.77575,-0.288883,1.24972,-0.588057
-3.76278,-0.3038,1.24669,-0.637701
-3.7498,-0.318717,1.24367,-0.687346
-3.73683,-0.333635,1.24064,-0.73699
-3.72386,-0.348552,1.23762,-0.786635
-3.71088,-0.36347,1.23459,-0.836279
-3.69791,-0.378387,1.23157,-0.885924
-3.68493,-0.393304,1.22854,-0.935568
-3.67196,-0.408222,1.22552,-0.985212
-3.65899,-0.423139,1.22249,-1.03486
-3.64601,-0.438057,1.21947,-1.0845
-3.63304,-0.452974,1.21644,-1.13415
-3.62006,-0.467891,1.21342,-1.18379
-3.60709,-0.482809,1.21039,-1.23343
-3.59412,-0.497726,1.20737,-1.28308
-3.58114,-0.512643,1.20434,-1.33272
-3.56817,-0.527561,1.20132,-1.38237
-3.55519,-0.542478,1.19829,-1.43201
-3.54222,-0.557396,1.19527,-1.48166
-3.52925,-0.572313,1.19225,-1.5313
-3.51627,-0.58723,1.18922,-1.58095
-3.5033,-0.602148,1.1862,-1.63059
-3.49033,-0.617065,1.18317,-1.68023
-3.47735,-0.631983,1.18015,-1.72988
-3.46438,-0.6469,1.17712,-1.77952
-3.4514,-0.661817,1.1741,-1.82917
-3.43843,-0.676735,1.17107,-1.87881
-3.42546,-0.691652,1.16805,-1.92846
-3.41248,-0.706569,1.16502,-1.9781
-3.39951,-0.721487,1.162,-2.02775
-3.38653,-0.736404,1.15897,-2.07739
-3.37356,-0.751322,1.15595,-2.12703
-3.36059,-0.766239,1.15292,-2.17668
-3.34761,-0.781156,1.1499,-2.22632
-3.33464,-0.796074,1.14687,-2.27597
-3.32166,-0.810991,1.14385,-2.32561
-3.30869,-0.825909,1.14082,-2.37526
-3.29572,-0.840826,1.1378,-2.4249
-3.28274,-0.855743,1.13477,-2.47455
-3.27151,-0.871143,1.12871,-2.47181
-3.26028,-0.886543,1.12265,-2.46907
-3.24905,-0.901943,1.11659,-2.46634
-3.23782,-0.917344,1.11053,-2.4636
-3.22659,-0.932744,1.10447,-2.46086
-3.21537,-0.948144,1.09841,-2.45813
-3.20414,-0.963544,1.09235,-2.45539
-3.19291,-0.978944,1.08629,-2.45266
-3.18168,-0.994344,1.08022,-2.44992
-3.17045,-1.00974,1.07416,-2.44718
-3.15922,-1.02514,1.0681,-2.44445
-3.14799,-1.04054,1.06204,-2.44171
-3.13676,-1.05594,1.05598,-2.43897
-3.12553,-1.07134,1.04992,-2.43624
-3.1143,-1.08674,1.04386,-2.4335
-3.10307,-1.10214,1.0378,-2.43077
-3.09184,-1.11754,1.03174,-2.42803
-3.08061,-1.13294,1.02568,-2.42529
-3.06938,-1.14834,1.01962,-2.42256
-3.05815,-1.16374,1.01356,-2.41982
-3.04692,-1.17914,1.00749,-2.41708
-3.03569,-1.19454,1.00143,-2.41435
-3.02446,-1.20994,0.995372,-2.41161
-3.01323,-1.22534,0.989311,-2.40888
-3.002,-1.24074,0.98325,-2.40614
-2.99077,-1.25614,0.97719,-2.4034
-2.97954,-1.27154,0.971129,-2.40067
-2.96831,-1.28694,0.965068,-2.39793
-2.95708,-1.30234,0.959007,-2.3952
-2.94586,-1.31775,0.952946,-2.39246
-2.93463,-1.33315,0.946885,-2.38972
-2.9234,-1.34855,0.940824,-2.38699
-2.91217,-1.36395,0.934763,-2.38425
-2.90094,-1.37935,0.928702,-2.38151
-2.88971,-1.39475,0.922641,-2.37878
-2.87848,-1.41015,0.916581,-2.37604
-2.86725,-1.42555,0.91052,-2.37331
-2.85602,-1.44095,0.904459,-2.37057
-2.84479,-1.45635,0.898398,-2.36783
-2.83356,-1.47175,0.892337,-2.3651
-2.82233,-1.48715,0.886276,-2.36236
-2.8111,-1.50255,0.880215,-2.35962
-2.79987,-1.51795,0.874154,-2.35689
-2.78864,-1.53335,0.868093,-2.35415
-2.77741,-1.54875,0.862032,-2.35142
-2.76618,-1.56415,0.855972,-2.34868
-2.75495,-1.57955,0.849911,-2.34594
-2.74372,-1.59495,0.84385,-2.34321
-2.73249,-1.61035,0.837789,-2.34047
-2.72126,-1.62575,0.831728,-2.33773
-2.70484,-1.63652,0.835499,-2.30405
-2.68842,-1.6473,0.839271,-2.27036
-2.672,-1.65807,0.843042,-2.23668
-2.65558,-1.66885,0.846814,-2.20299
-2.63916,-1.67963,0.850585,-2.16931
-2.62274,-1.6904,0.854357,-2.13562
-2.60631,-1.70118,0.858128,-2.10194
-2.58989,-1.71195,0.861899,-2.06825
-2.57347,-1.72273,0.865671,-2.03457
-2.55705,-1.7335,0.869442,-2.00088
-2.54063,-1.74428,0.873214,-1.9672
-2.52421,-1.75506,0.876985,-1.93351
-2.50779,-1.76583,0.880757,-1.89983
-2.49137,-1.77661,0.884528,-1.86614
-2.47494,-1.78738,0.8883,-1.83245
-2.45852,-1.79816,0.892071,-1.79877
-2.4421,-1.80893,0.895842,-1.76508
-2.42568,-1.81971,0.899614,-1.7314
-2.40926,-1.83049,0.903385,-1.69771
-2.39284,-1.84126,0.907157,-1.66403
-2.37642,-1.85204,0.910928,-1.63034
-2.36,-1.86281,0.9147,-1.59666
-2.34357,-1.87359,0.918471,-1.56297
-2.32715,-1.88437,0.922242,-1.52929
-2.31073,-1.89514,0.926014,-1.4956
-2.29431,-1.90592,0.929785,-1.46192
-2.27789,-1.91669,0.933557,-1.42823
-2.26147,-1.92747,0.937328,-1.39455
-2.24505,-1.93824,0.9411,-1.36086
-2.22863,-1.94902,0.944871,-1.32717
-2.2122,-1.9598,0.948643,-1.29349
-2.19578,-1.97057,0.952414,-1.2598
-2.17936,-1.98135,0.956185,-1.22612
-2.16294,-1.99212,0.959957,-1.19243
-2.14652,-2.0029,0.963728,-1.15875
-2.1301,-2.01367,0.9675,-1.12506
-2.11368,-2.02445,0.971271,-1.09138
-2.09725,-2.03523,0.975043,-1.05769
-2.08083,-2.046,0.978814,-1.02401
-2.06441,-2.05678,0.982586,-0.990321
-2.04799,-2.06755,0.986357,-0.956636
-2.03157,-2.07833,0.990128,-0.92295
-2.01515,-2.08911,0.9939,-0.889265
-1.99873,-2.09988,0.997671,-0.85558
-1.98231,-2.11066,1.00144,-0.821894
-1.96588,-2.12143,1.00521,-0.788209
-1.94946,-2.13221,1.00899,-0.754524
-1.93304,-2.14298,1.01276,-0.720838
-1.91662,-2.15376,1.01653,-0.687153
-1.9002,-2.16454,1.0203,-0.653467
-1.88327,-2.17519,1.02037,-0.623524
-1.86634,-2.18584,1.02044,-0.59358
-1.84942,-2.19649,1.02051,-0.563636
-1.83249,-2.20714,1.02058,-0.533693
-1.81556,-2.21779,1.02065,-0.503749
-1.79863,-2.22844,1.02072,-0.473805
-1.7817,-2.23909,1.02079,-0.443862
-1.76478,-2.24974,1.02086,-0.413918
-1.74785,-2.26039,1.02093,-0.383974
-1.73092,-2.27105,1.021,-0.35403
-1.71399,-2.2817,1.02107,-0.324087
-1.69707,-2.29235,1.02114,-0.294143
-1.68014,-2.303,1.02121,-0.264199
-1.66321,-2.31365,1.02128,-0.234256
-1.64628,-2.3243,1.02135,-0.204312
-1.62935,-2.33495,1.02142,-0.174368
-1.61243,-2.3456,1.02149,-0.144424
-1.5955,-2.35625,1.02156,-0.114481
-1.57857,-2.3669,1.02163,-0.084537
-1.56164,-2.37756,1.0217,-0.0545933
-1.54471,-2.38821,1.02177,-0.0246496
-1.52779,-2.39886,1.02184,0.00529412
-1.51086,-2.40951,1.02191,0.0352378
-1.49393,-2.42016,1.02198,0.0651815
-1.477,-2.43081,1.02205,0.0951253
-1.46008,-2.44146,1.02212,0.125069
-1.44315,-2.45211,1.02219,0.155013
-1.42622,-2.46276,1.02226,0.184956
-1.40929,-2.47341,1.02233,0.2149
-1.39236,-2.48407,1.0224,0.244844
-1.37544,-2.49472,1.02247,0.274788
-1.35851,-2.50537,1.02254,0.304731
-1.34158,-2.51602,1.02261,0.334675
-1.32465,-2.52667,1.02268,0.364619
-1.30773,-2.53732,1.02275,0.394562
-1.2908,-2.54797,1.02282,0.424506
-1.27387,-2.55862,1.02289,0.45445
-1.25694,-2.56927,1.02296,0.484393
-1.24001,-2.57992,1.02304,0.514337
-1.22309,-2.59058,1.02311,0.544281
-1.20616,-2.60123,1.02318,0.574225
-1.18923,-2.61188,1.02325,0.604168
-1.1723,-2.62253,1.02332,0.634112
-1.15537,-2.63318,1.02339,0.664056
-1.13845,-2.64383,1.02346,0.693999
-1.12152,-2.65448,1.02353,0.723943
-1.10459,-2.66513,1.0236,0.753887
-1.08766,-2.67578,1.02367,0.783831
-1.07074,-2.68643,1.02374,0.813774
-1.05381,-2.69708,1.02381,0.843718
-1.04541,-2.71505,1.02641,0.902806
-1.03701,-2.73301,1.02902,0.961894
-1.02862,-2.75098,1.03163,1.02098
-1.02022,-2.76894,1.03424,1.08007
-1.01182,-2.7869,1.03685,1.13916
-1.00343,-2.80487,1.03946,1.19824
-0.995032,-2.82283,1.04206,1.25733
-0.986635,-2.84079,1.04467,1.31642
-0.978239,-2.85876,1.04728,1.37551
-0.969842,-2.87672,1.04989,1.4346
-0.961446,-2.89469,1.0525,1.49368
-0.953049,-2.91265,1.05511,1.55277
-0.944653,-2.93061,1.05771,1.61186
-0.936256,-2.94858,1.06032,1.67095
-0.92786,-2.96654,1.06293,1.73004
-0.919463,-2.9845,1.06554,1.78912
-0.911067,-3.00247,1.06815,1.84821
-0.90267,-3.02043,1.07076,1.9073
-0.894273,-3.0384,1.07336,1.96639
-0.885877,-3.05636,1.07597,2.02547
-0.87748,-3.07432,1.07858,2.08456
-0.869084,-3.09229,1.08119,2.14365
-0.860687,-3.11025,1.0838,2.20274
-0.852291,-3.12821,1.08641,2.26183
-0.843894,-3.14618,1.08901,2.32091
-0.835498,-3.16414,1.09162,2.38
-0.827101,-3.18211,1.09423,2.43909
-0.818705,-3.20007,1.09684,2.49818
-0.810308,-3.21803,1.09945,2.55726
-0.801912,-3.236,1.10205,2.61635
-0.793515,-3.25396,1.10466,2.67544
-0.785119,-3.27192,1.10727,2.73453
-0.776722,-3.28989,1.10988,2.79362
-0.768326,-3.30785,1.11249,2.8527
-0.759929,-3.32582,1.1151,2.91179
-0.751533,-3.34378,1.1177,2.97088
-0.743136,-3.36174,1.12031,3.02997
-0.73474,-3.37971,1.12292,3.08905
-0.726343,-3.39767,1.12553,-3.13504
-0.717947,-3.41563,1.12814,-3.07596
-0.70955,-3.4336,1.13075,-3.01687
-0.701154,-3.45156,1.13335,-2.95778
-0.692757,-3.46952,1.13596,-2.89869
-0.68436,-3.48749,1.13857,-2.8396
-0.675964,-3.50545,1.14118,-2.78052
-0.667567,-3.52342,1.14379,-2.72143
-0.659171,-3.54138,1.1464,-2.66234
-0.650774,-3.55934,1.149,-2.60325
-0.642378,-3.57731,1.15161,-2.54416
-0.633981,-3.59527,1.15422,-2.48508
-0.639023,-3.61414,1.14991,-2.46573
-0.644065,-3.63301,1.1456,-2.44638
-0.649107,-3.65187,1.14128,-2.42703
-0.654149,-3.67074,1.13697,-2.40768
-0.659191,-3.68961,1.13266,-2.38834
-0.664233,-3.70848,1.12834,-2.36899
-0.669275,-3.72734,1.12403,-2.34964
-0.674317,-3.74621,1.11972,-2.33029
-0.679359,-3.76508,1.11541,-2.31094
-0.684401,-3.78395,1.11109,-2.2916
-0.689443,-3.80281,1.10678,-2.27225
-0.694485,-3.82168,1.10247,-2.2529
-0.699527,-3.84055,1.09816,-2.23355
-0.704569,-3.85942,1.09384,-2.2142
-0.709611,-3.87828,1.08953,-2.19485
-0.714653,-3.89715,1.08522,-2.17551
-0.719695,-3.91602,1.08091,-2.15616
-0.724737,-3.93488,1.07659,-2.13681
-0.729779,-3.95375,1.07228,-2.11746
-0.734821,-3.97262,1.06797,-2.09811
-0.739863,-3.99149,1.06366,-2.07876
-0.744905,-4.01035,1.05934,-2.05942
-0.749947,-4.02922,1.05503,-2.04007
-0.754989,-4.04809,1.05072,-2.02072
-0.76003,-4.06696,1.04641,-2.00137
-0.765072,-4.08582,1.04209,-1.98202
-0.770114,-4.10469,1.03778,-1.96268
-0.775156,-4.12356,1.03347,-1.94333
-0.780198,-4.14243,1.02916,-1.92398
-0.78524,-4.16129,1.02484,-1.90463
-0.790282,-4.18016,1.02053,-1.88528
-0.795324,-4.19903,1.01622,-1.86593
-0.800366,-4.2179,1.01191,-1.84659
-0.805408,-4.23676,1.00759,-1.82724
-0.81045,-4.25563,1.00328,-1.80789
-0.815492,-4.2745,0.998969,-1.78854
-0.820534,-4.29337,0.994656,-1.76919
-0.825576,-4.31223,0.990344,-1.74985
-0.830618,-4.3311,0.986031,-1.7305
-0.83566,-4.34997,0.981719,-1.71115
-0.840702,-4.36884,0.977406,-1.6918
-0.845744,-4.3877,0.973094,-1.67245
-0.850786,-4.40657,0.968781,-1.6531
-0.855828,-4.42544,0.964469,-1.63376
-0.86087,-4.44431,0.960156,-1.61441
-0.865912,-4.46317,0.955844,-1.59506
-0.870954,-4.48204,0.951531,-1.57571
-0.875996,-4.50091,0.947219,-1.55636
-0.881038,-4.51978,0.942906,-1.53702
-0.88608,-4.53864,0.938593,-1.51767
-0.876318,-4.52155,0.942123,-1.46088
-0.866556,-4.50445,0.945653,-1.40409
-0.856795,-4.48736,0.949183,-1.3473
-0.847033,-4.47026,0.952713,-1.29051
-0.837272,-4.45317,0.956242,-1.23372
-0.82751,-4.43607,0.959772,-1.17692
-0.817748,-4.41898,0.963302,-1.12013
-0.807987,-4.40188,0.966832,-1.06334
-0.798225,-4.38478,0.970361,-1.00655
-0.788464,-4.36769,0.973891,-0.949763
-0.778702,-4.35059,0.977421,-0.892973
-0.76894,-4.3335,0.980951,-0.836182
-0.759179,-4.3164,0.98448,-0.779392
-0.749417,-4.29931,0.98801,-0.722602
-0.739656,-4.28221,0.99154,-0.665811
-0.729894,-4.26512,0.99507,-0.609021
-0.720132,-4.24802,0.998599,-0.552231
-0.710371,-4.23093,1.00213,-0.49544
-0.700609,-4.21383,1.00566,-0.43865
-0.690848,-4.19674,1.00919,-0.381859
-0.681086,-4.17964,1.01272,-0.325069
-0.671324,-4.16255,1.01625,-0.268279
-0.661563,-4.14545,1.01978,-0.211488
-0.651801,-4.12835,1.02331,-0.154698
-0.642039,-4.11126,1.02684,-0.0979075
-0.632278,-4.09416,1.03037,-0.0411171
-0.622516,-4.07707,1.0339,0.0156733
-0.612755,-4.05997,1.03743,0.0724637
-0.602993,-4.04288,1.04096,0.129254
-0.593231,-4.02578,1.04449,0.186044
-0.58347,-4.00869,1.04802,0.242835
-0.573708,-3.99159,1.05155,0.299625
-0.563947,-3.9745,1.05508,0.356416
-0.554185,-3.9574,1.05861,0.413206
-0.544423,-3.94031,1.06214,0.469996
-0.534662,-3.92321,1.06566,0.526787
-0.5249,-3.90611,1.06919,0.583577
-0.515139,-3.88902,1.07272,0.640368
-0.505377,-3.87192,1.07625,0.697158
-0.495615,-3.85483,1.07978,0.753948
-0.485854,-3.83773,1.08331,0.810739
-0.476092,-3.82064,1.08684,0.867529
-0.466331,-3.80354,1.09037,0.924319
-0.456569,-3.78645,1.0939,0.98111
-0.446807,-3.76935,1.09743,1.0379
-0.437046,-3.75226,1.10096,1.09469
-0.427284,-3.73516,1.10449,1.15148
-0.417523,-3.71807,1.10802,1.20827
-0.407761,-3.70097,1.11155,1.26506
-0.397999,-3.68387,1.11508,1.32185
-0.405709,-3.66543,1.1146,1.26372
-0.413419,-3.64698,1.11413,1.20558
-0.421128,-3.62853,1.11365,1.14745
-0.428838,-3.61008,1.11317,1.08931
-0.436548,-3.59163,1.1127,1.03118
-0.444257,-3.57319,1.11222,0.973046
-0.451967,-3.55474,1.11174,0.914912
-0.459677,-3.53629,1.11127,0.856777
-0.467386,-3.51784,1.11079,0.798643
-0.475096,-3.49939,1.11031,0.740508
-0.482806,-3.48095,1.10984,0.682374
-0.490515,-3.4625,1.10936,0.62424
-0.498225,-3.44405,1.10888,0.566105
-0.505935,-3.4256,1.1084,0.507971
-0.513644,-3.40715,1.10793,0.449837
-0.521354,-3.3887,1.10745,0.391702
-0.529063,-3.37026,1.10697,0.333568
-0.536773,-3.35181,1.1065,0.275433
-0.544483,-3.33336,1.10602,0.217299
-0.552192,-3.31491,1.10554,0.159165
-0.559902,-3.29646,1.10507,0.10103
-0.567612,-3.27802,1.10459,0.042896
-0.575321,-3.25957,1.10411,-0.0152384
-0.583031,-3.24112,1.10363,-0.0733728
-0.590741,-3.22267,1.10316,-0.131507
-0.59845,-3.20422,1.10268,-0.189641
-0.60616,-3.18578,1.1022,-0.247776
-0.61387,-3.16733,1.10173,-0.30591
-0.621579,-3.14888,1.10125,-0.364045
-0.629289,-3.13043,1.10077,-0.422179
-0.636999,-3.11198,1.1003,-0.480313
-0.644708,-3.09353,1.09982,-0.538448
-0.652418,-3.07509,1.09934,-0.596582
-0.660128,-3.05664,1.09887,-0.654716
-0.667837,-3.03819,1.09839,-0.712851
-0.675547,-3.01974,1.09791,-0.770985
-0.683257,-3.00129,1.09743,-0.82912
-0.690966,-2.98285,1.09696,-0.887254
-0.698676,-2.9644,1.09648,-0.945388
-0.706386,-2.94595,1.096,-1.00352
-0.714095,-2.9275,1.09553,-1.06166
-0.721805,-2.90905,1.09505,-1.11979
-0.729515,-2.8906,1.09457,-1.17793
-0.737224,-2.87216,1.0941,-1.23606
-0.744934,-2.85371,1.09362,-1.29419
-0.752644,-2.83526,1.09314,-1.35233
-0.760353,-2.81681,1.09267,-1.41046
-0.768063,-2.79836,1.09219,-1.4686
-0.775773,-2.77992,1.09171,-1.52673
-0.783482,-2.76147,1.09123,-1.58487
-0.774491,-2.74363,1.09231,-1.58502
-0.765501,-2.7258,1.09338,-1.58518
-0.75651,-2.70797,1.09445,-1.58534
-0.747519,-2.69014,1.09552,-1.58549
-0.738528,-2.6723,1.0966,-1.58565
-0.729538,-2.65447,1.09767,-1.58581
-0.720547,-2.63664,1.09874,-1.58596
-0.711556,-2.6188,1.09981,-1.58612
-0.702565,-2.60097,1.10089,-1.58628
-0.693574,-2.58314,1.10196,-1.58643
-0.684584,-2.5653,1.10303,-1.58659
-0.675593,-2.54747,1.1041,-1.58675
-0.666602,-2.52964,1.10517,-1.5869
-0.657611,-2.51181,1.10625,-1.58706
-0.64862,-2.49397,1.10732,-1.58722
-0.63963,-2.47614,1.10839,-1.58737
-0.630639,-2.45831,1.10946,-1.58753
-0.621648,-2.44047,1.11054,-1.58769
-0.612657,-2.42264,1.11161,-1.58784
-0.603667,-2.40481,1.11268,-1.588
-0.594676,-2.38697,1.11375,-1.58816
-0.585685,-2.36914,1.11483,-1.58831
-0.576694,-2.35131,1.1159,-1.58847
-0.567703,-2.33348,1.11697,-1.58863
-0.558713,-2.31564,1.11804,-1.58878
-0.549722,-2.29781,1.11912,-1.58894
-0.540731,-2.27998,1.12019,-1.5891
-0.53174,-2.26214,1.12126,-1.58926
-0.52275,-2.24431,1.12233,-1.58941
-0.513759,-2.22648,1.1234,-1.58957
-0.504768,-2.20864,1.12448,-1.58973
-0.495777,-2.19081,1.12555,-1.58988
-0.486786,-2.17298,1.12662,-1.59004
-0.477796,-2.15515,1.12769,-1.5902
-0.468805,-2.13731,1.12877,-1.59035
-0.459814,-2.11948,1.12984,-1.59051
-0.450823,-2.10165,1.13091,-1.59067
-0.441832,-2.08381,1.13198,-1.59082
-0.432842,-2.06598,1.13306,-1.59098
-0.423851,-2.04815,1.13413,-1.59114
-0.41486,-2.03031,1.1352,-1.59129
-0.405869,-2.01248,1.13627,-1.59145
-0.396879,-1.99465,1.13735,-1.59161
-0.387888,-1.97682,1.13842,-1.59176
-0.378897,-1.95898,1.13949,-1.59192
-0.369906,-1.94115,1.14056,-1.59208
-0.360915,-1.92332,1.14164,-1.59223
-0.351925,-1.90548,1.14271,-1.59239
-0.342934,-1.88765,1.14378,-1.59255
-0.333943,-1.86982,1.14485,-1.5927
-0.336713,-1.85007,1.14638,-1.54653
-0.339483,-1.83032,1.14791,-1.50036
-0.342252,-1.81057,1.14945,-1.45418
-0.345022,-1.79083,1.15098,-1.40801
-0.347792,-1.77108,1.15251,-1.36183
-0.350561,-1.75133,1.15404,-1.31566
-0.353331,-1.73158,1.15557,-1.26949
-0.356101,-1.71183,1.1571,-1.22331
-0.35887,-1.69209,1.15863,-1.17714
-0.36164,-1.67234,1.16016,-1.13096
-0.36441,-1.65259,1.1617,-1.08479
-0.36718,-1.63284,1.16323,-1.03862
-0.369949,-1.61309,1.16476,-0.992442
-0.372719,-1.59335,1.16629,-0.946268
-0.375489,-1.5736,1.16782,-0.900094
-0.378258,-1.55385,1.16935,-0.85392
-0.381028,-1.5341,1.17088,-0.807747
-0.383798,-1.51435,1.17241,-0.761573
-0.386568,-1.49461,1.17395,-0.715399
-0.389337,-1.47486,1.17548,-0.669225
-0.392107,-1.45511,1.17701,-0.623051
-0.394877,-1.43536,1.17854,-0.576877
-0.397646,-1.41561,1.18007,-0.530703
-0.400416,-1.39587,1.1816,-0.484529
-0.403186,-1.37612,1.18313,-0.438355
-0.405956,-1.35637,1.18466,-0.392181
-0.408725,-1.33662,1.1862,-0.346007
-0.411495,-1.31687,1.18773,-0.299833
-0.414265,-1.29713,1.18926,-0.253659
-0.417034,-1.27738,1.19079,-0.207485
-0.419804,-1.25763,1.19232,-0.161311
-0.422574,-1.23788,1.19385,-0.115137
-0.425343,-1.21813,1.19538,-0.0689635
-0.428113,-1.19839,1.19691,-0.0227895
-0.430883,-1.17864,1.19845,0.0233844
-0.433653,-1.15889,1.19998,0.0695584
-0.436422,-1.13914,1.20151,0.115732
-0.439192,-1.11939,1.20304,0.161906
-0.441962,-1.09965,1.20457,0.20808
-0.444731,-1.0799,1.2061,0.254254
-0.447501,-1.06015,1.20763,0.300428
-0.450271,-1.0404,1.20916,0.346602
-0.453041,-1.02065,1.21069,0.392776
-0.45581,-1.00091,1.21223,0.43895
-0.45858,-0.981157,1.21376,0.485124
-0.46135,-0.961409,1.21529,0.531298
-0.464119,-0.941661,1.21682,0.577472
-0.466889,-0.921913,1.21835,0.623646
-0.469659,-0.902165,1.21988,0.66982
-0.472429,-0.882417,1.22141,0.715994
-0.491497,-0.87774,1.2176,0.653515
-0.510565,-0.873063,1.21379,0.591036
-0.529633,-0.868386,1.20998,0.528558
-0.548701,-0.863709,1.20617,0.466079
-0.56777,-0.859032,1.20236,0.403601
-0.586838,-0.854355,1.19854,0.341122
-0.605906,-0.849678,1.19473,0.278644
-0.624974,-0.845001,1.19092,0.216165
-0.644043,-0.840324,1.18711,0.153686
-0.663111,-0.835647,1.1833,0.0912079
-0.682179,-0.83097,1.17949,0.0287293
-0.701247,-0.826293,1.17567,-0.0337493
-0.720315,-0.821616,1.17186,-0.0962279
-0.739384,-0.816939,1.16805,-0.158706
-0.758452,-0.812262,1.16424,-0.221185
-0.77752,-0.807585,1.16043,-0.283664
-0.796588,-0.802908,1.15662,-0.346142
-0.815657,-0.798231,1.1528,-0.408621
-0.834725,-0.793554,1.14899,-0.471099
-0.853793,-0.788877,1.14518,-0.533578
-0.872861,-0.7842,1.14137,-0.596056
-0.89193,-0.779523,1.13756,-0.658535
-0.910998,-0.774846,1.13375,-0.721014
-0.930066,-0.770169,1.12994,-0.783492
-0.949134,-0.765492,1.12612,-0.845971
-0.968202,-0.760815,1.12231,-0.908449
-0.987271,-0.756138,1.1185,-0.970928
-1.00634,-0.751461,1.11469,-1.03341
-1.02541,-0.746784,1.11088,-1.09589
-1.04448,-0.742107,1.10707,-1.15836
-1.06354,-0.73743,1.10325,-1.22084
-1.08261,-0.732753,1.09944,-1.28332
-1.10168,-0.728076,1.09563,-1.3458
-1.12075,-0.723399,1.09182,-1.40828
-1.13982,-0.718722,1.08801,-1.47076
-1.15888,-0.714045,1.0842,-1.53324
-1.17795,-0.709368,1.08038,-1.59571
-1.19702,-0.704691,1.07657,-1.65819
-1.21609,-0.700014,1.07276,-1.72067
-1.23516,-0.695337,1.06895,-1.78315
-1.25423,-0.69066,1.06514,-1.84563
-1.27329,-0.685983,1.06133,-1.90811
-1.29236,-0.681306,1.05751,-1.97059
-1.31143,-0.676629,1.0537,-2.03306
-1.3305,-0.671952,1.04989,-2.09554
-1.34957,-0.667275,1.04608,-2.15802
-1.36864,-0.662598,1.04227,-2.2205
-1.3877,-0.657921,1.03846,-2.28298
-1.40677,-0.653244,1.03464,-2.34546
-1.42584,-0.648567,1.03083,-2.40794
-1.42575,-0.629937,1.03811,-2.37694
-1.42566,-0.611308,1.04538,-2.34595
-1.42557,-0.592679,1.05266,-2.31495
-1.42549,-0.574049,1.05994,-2.28396
-1.4254,-0.55542,1.06721,-2.25297
-1.42531,-0.53679,1.07449,-2.22197
-1.42522,-0.518161,1.08176,-2.19098
-1.42513,-0.499531,1.08904,-2.15999
-1.42504,-0.480902,1.09631,-2.12899
-1.42496,-0.462272,1.10359,-2.098
-1.42487,-0.443643,1.11087,-2.067
-1.42478,-0.425013,1.11814,-2.03601
-1.42469,-0.406384,1.12542,-2.00502
-1.4246,-0.387754,1.13269,-1.97402
-1.42451,-0.369125,1.13997,-1.94303
-1.42443,-0.350495,1.14724,-1.91204
-1.42434,-0.331866,1.15452,-1.88104
-1.42425,-0.313236,1.16179,-1.85005
-1.42416,-0.294607,1.16907,-1.81906
-1.42407,-0.275977,1.17635,-1.78806
-1.42398,-0.257348,1.18362,-1.75707
-1.4239,-0.238718,1.1909,-1.72607
-1.42381,-0.220089,1.19817,-1.69508
-1.42372,-0.201459,1.20545,-1.66409
-1.42363,-0.18283,1.21272,-1.63309
-1.42354,-0.1642,1.22,-1.6021
-1.42345,-0.145571,1.22727,-1.57111
-1.42337,-0.126941,1.23455,-1.54011
-1.42328,-0.108312,1.24183,-1.50912
-1.42319,-0.0896825,1.2491,-1.47813
-1.4231,-0.071053,1.25638,-1.44713
-1.42301,-0.0524235,1.26365,-1.41614
-1.42292,-0.033794,1.27093,-1.38514
-1.42284,-0.0151645,1.2782,-1.35415
-1.42275,0.00346497,1.28548,-1.32316
-1.42266,0.0220945,1.29276,-1.29216
-1.42257,0.0407239,1.30003,-1.26117
-1.42248,0.0593534,1.30731,-1.23018
-1.42239,0.0779829,1.31458,-1.19918
-1.42231,0.0966124,1.32186,-1.16819
-1.42222,0.115242,1.32913,-1.1372
-1.42213,0.133871,1.33641,-1.1062
-1.42204,0.152501,1.34368,-1.07521
-1.42195,0.17113,1.35096,-1.04421
-1.42186,0.18976,1.35824,-1.01322
-1.42178,0.208389,1.36551,-0.982227
-1.4217,0.224143,1.37166,-0.956018
-1.4213,0.244076,1.37008,-0.920751
-1.4209,0.264009,1.3685,-0.885484
-1.4205,0.283942,1.36691,-0.850218
-1.42009,0.303875,1.36533,-0.814951
-1.41969,0.323809,1.36374,-0.779684
-1.41929,0.343742,1.36216,-0.744417
-1.41889,0.363675,1.36058,-0.709151
-1.41849,0.383608,1.35899,-0.673884
-1.41809,0.403541,1.35741,-0.638617
-1.41768,0.423474,1.35582,-0.60335
-1.41728,0.443407,1.35424,-0.568083
-1.41688,0.46334,1.35266,-0.532817
-1.41648,0.483274,1.35107,-0.49755
-1.41608,0.503207,1.34949,-0.462283
-1.41568,0.52314,1.3479,-0.427016
-1.41527,0.543073,1.34632,-0.39175
-1.41487,0.563006,1.34474,-0.356483
-1.41447,0.582939,1.34315,-0.321216
-1.41407,0.602872,1.34157,-0.285949
-1.41367,0.622805,1.33998,-0.250682
-1.41326,0.642739,1.3384,-0.215416
-1.41286,0.662672,1.33682,-0.180149
-1.41246,0.682605,1.33523,-0.144882
-1.41206,0.702538,1.33365,-0.109615
-1.41166,0.722471,1.33206,-0.0743485
-1.41126,0.742404,1.33048,-0.0390817
-1.41085,0.762337,1.3289,-0.00381494
-1.41045,0.78227,1.32731,0.0314518
-1.41005,0.802204,1.32573,0.0667186
-1.40965,0.822137,1.32414,0.101985
-1.40925,0.84207,1.32256,0.137252
-1.40885,0.862003,1.32098,0.172519
-1.40844,0.881936,1.31939,0.207786
-1.40804,0.901869,1.31781,0.243053
-1.40764,0.921802,1.31622,0.278319
-1.40724,0.941736,1.31464,0.313586
-1.40684,0.961669,1.31306,0.348853
-1.40644,0.981602,1.31147,0.38412
-1.40603,1.00153,1.30989,0.419386
-1.40563,1.02147,1.3083,0.454653
-1.40523,1.0414,1.30672,0.48992
-1.40483,1.06133,1.30514,0.525187
-1.40443,1.08127,1.30355,0.560454
-1.40403,1.1012,1.30197,0.59572
-1.40362,1.12113,1.30038,0.630987
-1.40322,1.14107,1.2988,0.666254
-1.40282,1.161,1.29722,0.701521
-1.40242,1.18093,1.29563,0.736787
-1.40202,1.20087,1.29405,0.772054
-1.40162,1.2208,1.29246,0.807321
-1.38386,1.22983,1.29423,0.839628
-1.3661,1.23886,1.296,0.871935
-1.34834,1.24789,1.29776,0.904242
-1.33058,1.25692,1.29953,0.936549
-1.31283,1.26595,1.3013,0.968857
-1.29507,1.27498,1.30306,1.00116
-1.27731,1.28401,1.30483,1.03347
-1.25955,1.29304,1.3066,1.06578
-1.2418,1.30207,1.30836,1.09808
-1.22404,1.3111,1.31013,1.13039
-1.20628,1.32013,1.31189,1.1627
-1.18852,1.32916,1.31366,1.19501
-1.17076,1.33819,1.31543,1.22731
-1.15301,1.34722,1.31719,1.25962
-1.13525,1.35625,1.31896,1.29193
-1.11749,1.36528,1.32073,1.32423
-1.09973,1.37431,1.32249,1.35654
-1.08198,1.38334,1.32426,1.38885
-1.06422,1.39237,1.32602,1.42116
-1.04646,1.4014,1.32779,1.45346
-1.0287,1.41043,1.32956,1.48577
-1.01094,1.41946,1.33132,1.51808
-0.993186,1.42849,1.33309,1.55038
-0.975428,1.43752,1.33486,1.58269
-0.95767,1.44655,1.33662,1.615
-0.939913,1.45558,1.33839,1.64731
-0.922155,1.46461,1.34015,1.67961
-0.904397,1.47364,1.34192,1.71192
-0.886639,1.48267,1.34369,1.74423
-0.868881,1.4917,1.34545,1.77653
-0.851123,1.50073,1.34722,1.80884
-0.833366,1.50976,1.34899,1.84115
-0.815608,1.51879,1.35075,1.87346
-0.79785,1.52782,1.35252,1.90576
-0.780092,1.53685,1.35429,1.93807
-0.762334,1.54588,1.35605,1.97038
-0.744577,1.55491,1.35782,2.00268
-0.726819,1.56394,1.35958,2.03499
-0.709061,1.57297,1.36135,2.0673
-0.691303,1.582,1.36312,2.09961
-0.673545,1.59103,1.36488,2.13191
-0.655788,1.60006,1.36665,2.16422
-0.63803,1.60909,1.36842,2.19653
-0.620272,1.61812,1.37018,2.22883
-0.602514,1.62715,1.37195,2.26114
-0.584756,1.63618,1.37371,2.29345
-0.566998,1.64521,1.37548,2.32576
-0.549241,1.65424,1.37725,2.35806
-0.531483,1.66327,1.37901,2.39037
-0.513725,1.6723,1.38078,2.42268
-0.504424,1.68679,1.39095,2.46661
-0.495122,1.70128,1.40112,2.51054
-0.485821,1.71577,1.4113,2.55448
-0.476519,1.73027,1.42147,2.59841
-0.467218,1.74476,1.43164,2.64235
-0.457916,1.75925,1.44181,2.68628
-0.448615,1.77374,1.45198,2.73022
-0.439313,1.78823,1.46215,2.77415
-0.430012,1.80273,1.47233,2.81808
-0.42071,1.81722,1.4825,2.86202
-0.411409,1.83171,1.49267,2.90595
-0.402107,1.8462,1.50284,2.94989
-0.392806,1.86069,1.51301,2.99382
-0.383505,1.87519,1.52318,3.03775
-0.374203,1.88968,1.53336,3.08169
-0.364902,1.90417,1.54353,3.12562
-0.3556,1.91866,1.5537,-3.11363
-0.346299,1.93315,1.56387,-3.06969
-0.336997,1.94765,1.57404,-3.02576
-0.327696,1.96214,1.58422,-2.98183
-0.318394,1.97663,1.59439,-2.93789
-0.309093,1.99112,1.60456,-2.89396
-0.299791,2.00561,1.61473,-2.85002
-0.29049,2.02011,1.6249,-2.80609
-0.281189,2.0346,1.63507,-2.76216
-0.271887,2.04909,1.64525,-2.71822
-0.262586,2.06358,1.65542,-2.67429
-0.253284,2.07807,1.66559,-2.63035
-0.243983,2.09257,1.67576,-2.58642
-0.234681,2.10706,1.68593,-2.54249
-0.22538,2.12155,1.6961,-2.49855
-0.216078,2.13604,1.70628,-2.45462
-0.206777,2.15053,1.71645,-2.41068
-0.197475,2.16503,1.72662,-2.36675
-0.188174,2.17952,1.73679,-2.32281
-0.178873,2.19401,1.74696,-2.27888
-0.169571,2.2085,1.75714,-2.23495
-0.16027,2.22299,1.76731,-2.19101
-0.150968,2.23749,1.77748,-2.14708
-0.141667,2.25198,1.78765,-2.10314
-0.132365,2.26647,1.79782,-2.05921
-0.123064,2.28096,1.80799,-2.01528
-0.113762,2.29545,1.81817,-1.97134
-0.104461,2.30995,1.82834,-1.92741
-0.0951594,2.32444,1.83851,-1.88347
-0.085858,2.33893,1.84868,-1.83954
-0.0765565,2.35342,1.85885,-1.7956
-0.0672551,2.36791,1.86902,-1.75167
-0.0579536,2.3824,1.8792,-1.70774
-0.0486522,2.3969,1.88937,-1.6638
-0.0335895,2.38374,1.88942,-1.64617
-0.0185268,2.37058,1.88947,-1.62854
-0.00346419,2.35743,1.88952,-1.6109
0.0115985,2.34427,1.88957,-1.59327
0.0266611,2.33111,1.88961,-1.57564
0.0417238,2.31795,1.88966,-1.558
0.0567865,2.3048,1.88971,-1.54037
0.0718491,2.29164,1.88976,-1.52274
0.0869118,2.27848,1.88981,-1.5051
0.101974,2.26532,1.88986,-1.48747
0.117037,2.25217,1.88991,-1.46983
0.1321,2.23901,1.88996,-1.4522
0.147162,2.22585,1.89001,-1.43457
0.162225,2.2127,1.89006,-1.41693
0.177288,2.19954,1.89011,-1.3993
0.19235,2.18638,1.89016,-1.38167
0.207413,2.17322,1.8902,-1.36403
0.222476,2.16007,1.89025,-1.3464
0.237538,2.14691,1.8903,-1.32877
0.252601,2.13375,1.89035,-1.31113
0.267664,2.12059,1.8904,-1.2935
0.282726,2.10744,1.89045,-1.27587
0.297789,2.09428,1.8905,-1.25823
0.312852,2.08112,1.89055,-1.2406
0.327914,2.06797,1.8906,-1.22297
0.342977,2.05481,1.89065,-1.20533
0.35804,2.04165,1.8907,-1.1877
0.373102,2.02849,1.89075,-1.17007
0.388165,2.01534,1.89079,-1.15243
0.403228,2.00218,1.89084,-1.1348
0.41829,1.98902,1.89089,-1.11717
0.433353,1.97586,1.89094,-1.09953
0.448416,1.96271,1.89099,-1.0819
0.463478,1.94955,1.89104,-1.06427
0.478541,1.93639,1.89109,-1.04663
0.493604,1.92324,1.89114,-1.029
0.508666,1.91008,1.89119,-1.01137
0.523729,1.89692,1.89124,-0.993733
0.538792,1.88376,1.89129,-0.976099
0.553854,1.87061,1.89134,-0.958466
0.568917,1.85745,1.89138,-0.940832
0.58398,1.84429,1.89143,-0.923199
0.599042,1.83113,1.89148,-0.905566
0.614105,1.81798,1.89153,-0.887932
0.629168,1.80482,1.89158,-0.870299
0.64423,1.79166,1.89163,-0.852665
0.659293,1.77851,1.89168,-0.835032
0.674355,1.76535,1.89173,-0.817398
0.689418,1.75219,1.89178,-0.799765
0.704481,1.73903,1.89183,-0.782132
0.724009,1.73473,1.89225,-0.780724
0.743536,1.73043,1.89267,-0.779317
0.763064,1.72613,1.89309,-0.777909
0.782592,1.72183,1.89351,-0.776502
0.802119,1.71753,1.89393,-0.775094
0.821647,1.71323,1.89435,-0.773687
0.841175,1.70893,1.89477,-0.772279
0.860703,1.70463,1.89519,-0.770872
0.88023,1.70033,1.89561,-0.769464
0.899758,1.69603,1.89603,-0.768057
0.919286,1.69173,1.89645,-0.766649
0.938814,1.68743,1.89687,-0.765242
0.958341,1.68313,1.89729,-0.763834
0.977869,1.67883,1.89771,-0.762427
0.997397,1.67453,1.89813,-0.761019
1.01692,1.67023,1.89855,-0.759612
1.03645,1.66593,1.89897,-0.758204
1.05598,1.66163,1.89939,-0.756797
1.07551,1.65733,1.89981,-0.755389
1.09504,1.65303,1.90023,-0.753982
1.11456,1.64873,1.90065,-0.752574
1.13409,1.64443,1.90107,-0.751167
1.15362,1.64013,1.90149,-0.749759
1.17315,1.63583,1.90191,-0.748352
1.19267,1.63153,1.90233,-0.746944
1.2122,1.62723,1.90275,-0.745537
1.23173,1.62293,1.90317,-0.744129
1.25126,1.61863,1.90359,-0.742721
1.27079,1.61433,1.90401,-0.741314
1.29031,1.61003,1.90443,-0.739906
1.30984,1.60573,1.90485,-0.738499
1.32937,1.60143,1.90527,-0.737091
1.3489,1.59713,1.90569,-0.735684
1.36842,1.59283,1.90611,-0.734276
1.38795,1.58853,1.90653,-0.732869
1.40748,1.58423,1.90695,-0.731461
1.42701,1.57993,1.90737,-0.730054
1.44653,1.57563,1.90779,-0.728646
1.46606,1.57133,1.90821,-0.727239
1.48559,1.56703,1.90863,-0.725831
1.50512,1.56273,1.90905,-0.724424
1.52465,1.55843,1.90947,-0.723016
1.54417,1.55413,1.90989,-0.721609
1.5637,1.54983,1.91031,-0.720201
1.58323,1.54553,1.91073,-0.718794
1.60276,1.54123,1.91115,-0.717386
1.62228,1.53693,1.91158,-0.715979
1.64181,1.53263,1.912,-0.714571
1.66134,1.52833,1.91242,-0.713164
1.68087,1.52403,1.91284,-0.711756
1.68952,1.53324,1.89734,-0.71127
1.69817,1.54246,1.88184,-0.710784
1.70682,1.55167,1.86633,-0.710298
1.71547,1.56089,1.85083,-0.709812
1.72412,1.5701,1.83533,-0.709326
1.73277