-0.633113,-0.499599,0.803011,3.13812
-0.652171,-0.495228,0.807216,-3.0974
-0.671229,-0.490856,0.81142,-3.04973
-0.690287,-0.486485,0.815625,-3.00206
-0.709346,-0.482113,0.819829,-2.95439
-0.728404,-0.477741,0.824033,-2.90672
-0.747462,-0.47337,0.828238,-2.85904
-0.76652,-0.468998,0.832442,-2.81137
-0.785578,-0.464627,0.836647,-2.7637
-0.804636,-0.460255,0.840851,-2.71603
-0.823694,-0.455884,0.845055,-2.66836
-0.842752,-0.451512,0.84926,-2.62069
-0.861811,-0.447141,0.853464,-2.57302
-0.880869,-0.442769,0.857669,-2.52535
-0.899927,-0.438398,0.861873,-2.47768
-0.918985,-0.434026,0.866078,-2.43001
-0.938043,-0.429654,0.870282,-2.38234
-0.957101,-0.425283,0.874486,-2.33466
-0.976159,-0.420911,0.878691,-2.28699
-0.995217,-0.41654,0.882895,-2.23932
-1.01428,-0.412168,0.8871,-2.19165
-1.03333,-0.407797,0.891304,-2.14398
-1.05239,-0.403425,0.895509,-2.09631
-1.07145,-0.399054,0.899713,-2.04864
-1.09051,-0.394682,0.903917,-2.00097
-1.10957,-0.390311,0.908122,-1.9533
-1.12862,-0.385939,0.912326,-1.90563
-1.14768,-0.381567,0.916531,-1.85796
-1.16674,-0.377196,0.920735,-1.81029
-1.1858,-0.372824,0.92494,-1.76261
-1.20486,-0.368453,0.929144,-1.71494
-1.22392,-0.364081,0.933348,-1.66727
-1.24297,-0.35971,0.937553,-1.6196
-1.26203,-0.355338,0.941757,-1.57193
-1.28109,-0.350967,0.945962,-1.52426
-1.30015,-0.346595,0.950166,-1.47659
-1.31921,-0.342224,0.954371,-1.42892
-1.33826,-0.337852,0.958575,-1.38125
-1.35732,-0.333481,0.962779,-1.33358
-1.37638,-0.329109,0.966984,-1.28591
-1.39544,-0.324737,0.971188,-1.23824
-1.4145,-0.320366,0.975393,-1.19056
-1.43355,-0.315994,0.979597,-1.14289
-1.45261,-0.311623,0.983802,-1.09522
-1.47167,-0.307251,0.988006,-1.04755
-1.49073,-0.30288,0.99221,-0.999882
-1.50979,-0.298508,0.996415,-0.952211
-1.52885,-0.294137,1.00062,-0.90454
-1.5479,-0.289765,1.00482,-0.856869
-1.56696,-0.285394,1.00903,-0.809198
-1.58602,-0.281022,1.01323,-0.761527
-1.58609,-0.264707,1.00606,-0.685057
-1.58616,-0.248391,0.998894,-0.608586
-1.58623,-0.232076,0.991724,-0.532115
-1.58629,-0.215761,0.984555,-0.455645
-1.58636,-0.199445,0.977385,-0.379174
-1.58643,-0.18313,0.970216,-0.302703
-1.5865,-0.166814,0.963046,-0.226233
-1.58657,-0.150499,0.955877,-0.149762
-1.58664,-0.134184,0.948707,-0.0732912
-1.58671,-0.117868,0.941538,0.00317951
-1.58678,-0.101553,0.934368,0.0796502
-1.58685,-0.0852375,0.927199,0.156121
-1.58691,-0.0689221,0.920029,0.232592
-1.58698,-0.0526068,0.91286,0.309062
-1.58705,-0.0362914,0.90569,0.385533
-1.58712,-0.019976,0.898521,0.462004
-1.58719,-0.00366063,0.891351,0.538474
-1.58726,0.0126547,0.884182,0.614945
-1.58733,0.0289701,0.877012,0.691416
-1.5874,0.0452855,0.869843,0.767886
-1.58746,0.0616009,0.862673,0.844357
-1.58753,0.0779162,0.855504,0.920828
-1.5876,0.0942316,0.848335,0.997298
-1.58767,0.110547,0.841165,1.07377
-1.58774,0.126862,0.833996,1.15024
-1.58781,0.143178,0.826826,1.22671
-1.58788,0.159493,0.819657,1.30318
-1.58795,0.175808,0.812487,1.37965
-1.58802,0.192124,0.805318,1.45612
-1.58808,0.208439,0.798148,1.53259
-1.58815,0.224755,0.790979,1.60906
-1.58822,0.24107,0.783809,1.68553
-1.58829,0.257385,0.77664,1.76201
-1.58836,0.273701,0.76947,1.83848
-1.58843,0.290016,0.762301,1.91495
-1.5885,0.306331,0.755131,1.99142
-1.58857,0.322647,0.747962,2.06789
-1.58863,0.338962,0.740792,2.14436
-1.5887,0.355278,0.733623,2.22083
-1.58877,0.371593,0.726453,2.2973
-1.60726,0.363987,0.727098,2.32972
-1.62574,0.356381,0.727744,2.36214
-1.64423,0.348775,0.728389,2.39456
-1.66272,0.341169,0.729034,2.42698
-1.6812,0.333563,0.729679,2.4594
-1.69969,0.325957,0.730324,2.49182
-1.71817,0.31835,0.730969,2.52424
-1.73666,0.310744,0.731614,2.55666
-1.75515,0.303138,0.732259,2.58908
-1.77363,0.295532,0.732905,2.6215
-1.79212,0.287926,0.73355,2.65391
-1.8106,0.28032,0.734195,2.68633
-1.82909,0.272714,0.73484,2.71875
-1.84758,0.265108,0.735485,2.75117
-1.86606,0.257502,0.73613,2.78359
-1.88455,0.249896,0.736775,2.81601
-1.90303,0.24229,0.73742,2.84843
-1.92152,0.234684,0.738065,2.88085
-1.94001,0.227078,0.738711,2.91327
-1.95849,0.219471,0.739356,2.94569
-1.97698,0.211865,0.740001,2.97811
-1.99546,0.204259,0.740646,3.01053
-2.01395,0.196653,0.741291,3.04295
-2.03244,0.189047,0.741936,3.07537
-2.05092,0.181441,0.742581,3.10779
-2.06941,0.173835,0.743226,3.14021
-2.08789,0.166229,0.743871,-3.11056
-2.10638,0.158623,0.744517,-3.07814
-2.12487,0.151017,0.745162,-3.04572
-2.14335,0.143411,0.745807,-3.0133
-2.16184,0.135805,0.746452,-2.98088
-2.18032,0.128199,0.747097,-2.94846
-2.19881,0.120593,0.747742,-2.91604
-2.2173,0.112986,0.748387,-2.88362
-2.23578,0.10538,0.749032,-2.8512
-2.25427,0.0977743,0.749678,-2.81878
-2.27275,0.0901682,0.750323,-2.78636
-2.29124,0.0825622,0.750968,-2.75394
-2.30973,0.0749561,0.751613,-2.72152
-2.32821,0.06735,0.752258,-2.6891
-2.3467,0.0597439,0.752903,-2.65668
-2.36518,0.0521379,0.753548,-2.62427
-2.38367,0.0445318,0.754193,-2.59185
-2.40216,0.0369257,0.754838,-2.55943
-2.42064,0.0293196,0.755484,-2.52701
-2.43913,0.0217136,0.756129,-2.49459
-2.45761,0.0141075,0.756774,-2.46217
-2.4761,0.00650143,0.757419,-2.42975
-2.49459,-0.00110465,0.758064,-2.39733
-2.51307,-0.00871072,0.758709,-2.36491
-2.52643,-0.0138236,0.77269,-2.36183
-2.53979,-0.0189365,0.78667,-2.35876
-2.55314,-0.0240493,0.80065,-2.35568
-2.5665,-0.0291622,0.814631,-2.35261
-2.57986,-0.0342751,0.828611,-2.34953
-2.59321,-0.0393879,0.842592,-2.34646
-2.60657,-0.0445008,0.856572,-2.34338
-2.61993,-0.0496137,0.870552,-2.34031
-2.63328,-0.0547266,0.884533,-2.33723
-2.64664,-0.0598394,0.898513,-2.33416
-2.66,-0.0649523,0.912494,-2.33108
-2.67335,-0.0700652,0.926474,-2.32801
-2.68671,-0.075178,0.940454,-2.32493
-2.70007,-0.0802909,0.954435,-2.32186
-2.71342,-0.0854038,0.968415,-2.31878
-2.72678,-0.0905167,0.982396,-2.31571
-2.74014,-0.0956295,0.996376,-2.31263
-2.7535,-0.100742,1.01036,-2.30956
-2.76685,-0.105855,1.02434,-2.30648
-2.78021,-0.110968,1.03832,-2.30341
-2.79357,-0.116081,1.0523,-2.30033
-2.80692,-0.121194,1.06628,-2.29726
-2.82028,-0.126307,1.08026,-2.29418
-2.83364,-0.13142,1.09424,-2.29111
-2.84699,-0.136532,1.10822,-2.28803
-2.86035,-0.141645,1.1222,-2.28496
-2.87371,-0.146758,1.13618,-2.28188
-2.88706,-0.151871,1.15016,-2.27881
-2.90042,-0.156984,1.16414,-2.27573
-2.91378,-0.162097,1.17812,-2.27266
-2.92714,-0.16721,1.1921,-2.26958
-2.94049,-0.172323,1.20608,-2.26651
-2.95385,-0.177435,1.22006,-2.26343
-2.96721,-0.182548,1.23404,-2.26036
-2.98056,-0.187661,1.24802,-2.25728
-2.99392,-0.192774,1.262,-2.25421
-3.00728,-0.197887,1.27598,-2.25113
-3.02063,-0.203,1.28996,-2.24806
-3.03399,-0.208113,1.30394,-2.24498
-3.04735,-0.213226,1.31793,-2.24191
-3.0607,-0.218338,1.33191,-2.23883
-3.07406,-0.223451,1.34589,-2.23576
-3.08742,-0.228564,1.35987,-2.23268
-3.10078,-0.233677,1.37385,-2.22961
-3.11413,-0.23879,1.38783,-2.22653
-3.12749,-0.243903,1.40181,-2.22346
-3.14085,-0.249016,1.41579,-2.22038
-3.1542,-0.254129,1.42977,-2.21731
-3.16756,-0.259241,1.44375,-2.21423
-3.18092,-0.264354,1.45773,-2.21116
-3.1983,-0.255055,1.46112,-2.21258
-3.21567,-0.245755,1.46451,-2.21401
-3.23305,-0.236455,1.4679,-2.21543
-3.25043,-0.227155,1.47129,-2.21686
-3.26781,-0.217855,1.47468,-2.21829
-3.28519,-0.208556,1.47807,-2.21971
-3.30257,-0.199256,1.48146,-2.22114
-3.31995,-0.189956,1.48485,-2.22257
-3.33733,-0.180656,1.48824,-2.22399
-3.35471,-0.171357,1.49163,-2.22542
-3.37208,-0.162057,1.49502,-2.22684
-3.38946,-0.152757,1.4984,-2.22827
-3.40684,-0.143457,1.50179,-2.2297
-3.42422,-0.134158,1.50518,-2.23112
-3.4416,-0.124858,1.50857,-2.23255
-3.45898,-0.115558,1.51196,-2.23397
-3.47636,-0.106258,1.51535,-2.2354
-3.49374,-0.0969587,1.51874,-2.23683
-3.51112,-0.087659,1.52213,-2.23825
-3.52849,-0.0783592,1.52552,-2.23968
-3.54587,-0.0690595,1.52891,-2.24111
-3.56325,-0.0597597,1.5323,-2.24253
-3.58063,-0.0504599,1.53569,-2.24396
-3.59801,-0.0411602,1.53908,-2.24538
-3.61539,-0.0318604,1.54247,-2.24681
-3.63277,-0.0225607,1.54586,-2.24824
-3.65015,-0.0132609,1.54925,-2.24966
-3.66752,-0.00396119,1.55264,-2.25109
-3.6849,0.00533857,1.55603,-2.25252
-3.70228,0.0146383,1.55942,-2.25394
-3.71966,0.0239381,1.56281,-2.25537
-3.73704,0.0332378,1.5662,-2.25679
-3.75442,0.0425376,1.56959,-2.25822
-3.7718,0.0518373,1.57298,-2.25965
-3.78918,0.0611371,1.57637,-2.26107
-3.80656,0.0704368,1.57976,-2.2625
-3.82393,0.0797366,1.58314,-2.26392
-3.84131,0.0890363,1.58653,-2.26535
-3.85869,0.0983361,1.58992,-2.26678
-3.87607,0.107636,1.59331,-2.2682
-3.89345,0.116936,1.5967,-2.26963
-3.91083,0.126235,1.60009,-2.27106
-3.92821,0.135535,1.60348,-2.27248
-3.94559,0.144835,1.60687,-2.27391
-3.96297,0.154135,1.61026,-2.27533
-3.98034,0.163434,1.61365,-2.27676
-3.99772,0.172734,1.61704,-2.27819
-4.0151,0.182034,1.62043,-2.27961
-4.03248,0.191334,1.62382,-2.28104
-4.04986,0.200633,1.62721,-2.28247
-4.06873,0.207252,1.62696,-2.22314
-4.0876,0.213872,1.62671,-2.16381
-4.10647,0.220491,1.62646,-2.10448
-4.12535,0.22711,1.6262,-2.04516
-4.14422,0.233729,1.62595,-1.98583
-4.16309,0.240348,1.6257,-1.9265
-4.18196,0.246967,1.62545,-1.86718
-4.20083,0.253586,1.6252,-1.80785
-4.2197,0.260205,1.62495,-1.74852
-4.23857,0.266824,1.6247,-1.6892
-4.25744,0.273443,1.62444,-1.62987
-4.27632,0.280062,1.62419,-1.57054
-4.29519,0.286681,1.62394,-1.51121
-4.31406,0.2933,1.62369,-1.45189
-4.33293,0.29992,1.62344,-1.39256
-4.3518,0.306539,1.62319,-1.33323
-4.37067,0.313158,1.62294,-1.27391
-4.38954,0.319777,1.62268,-1.21458
-4.40841,0.326396,1.62243,-1.15525
-4.42729,0.333015,1.62218,-1.09593
-4.44616,0.339634,1.62193,-1.0366
-4.46503,0.346253,1.62168,-0.977271
-4.4839,0.352872,1.62143,-0.917944
-4.50277,0.359491,1.62118,-0.858617
-4.52164,0.36611,1.62092,-0.79929
-4.54051,0.372729,1.62067,-0.739963
-4.55938,0.379349,1.62042,-0.680636
-4.57826,0.385968,1.62017,-0.621309
-4.59713,0.392587,1.61992,-0.561982
-4.616,0.399206,1.61967,-0.502655
-4.63487,0.405825,1.61942,-0.443328
-4.65374,0.412444,1.61916,-0.384001
-4.67261,0.419063,1.61891,-0.324674
-4.69148,0.425682,1.61866,-0.265347
-4.71035,0.432301,1.61841,-0.20602
-4.72923,0.43892,1.61816,-0.146693
-4.7481,0.445539,1.61791,-0.0873659
-4.76697,0.452158,1.61766,-0.0280388
-4.78584,0.458777,1.61741,0.0312882
-4.80471,0.465397,1.61715,0.0906152
-4.82358,0.472016,1.6169,0.149942
-4.84245,0.478635,1.61665,0.209269
-4.86132,0.485254,1.6164,0.268596
-4.8802,0.491873,1.61615,0.327923
-4.89907,0.498492,1.6159,0.38725
-4.91794,0.505111,1.61565,0.446577
-4.93681,0.51173,1.61539,0.505904
-4.95568,0.518349,1.61514,0.565231
-4.97455,0.524968,1.61489,0.624558
-4.99342,0.531587,1.61464,0.683885
-4.98891,0.550782,1.61798,0.716236
-4.98439,0.569976,1.62133,0.748586
-4.97987,0.58917,1.62467,0.780936
-4.97536,0.608365,1.62801,0.813287
-4.97084,0.627559,1.63135,0.845637
-4.96632,0.646754,1.6347,0.877987
-4.96181,0.665948,1.63804,0.910338
-4.95729,0.685142,1.64138,0.942688
-4.95277,0.704337,1.64473,0.975038
-4.94826,0.723531,1.64807,1.00739
-4.94374,0.742725,1.65141,1.03974
-4.93922,0.76192,1.65476,1.07209
-4.93471,0.781114,1.6581,1.10444
-4.93019,0.800309,1.66144,1.13679
-4.92567,0.819503,1.66478,1.16914
-4.92116,0.838697,1.66813,1.20149
-4.91664,0.857892,1.67147,1.23384
-4.91212,0.877086,1.67481,1.26619
-4.90761,0.89628,1.67816,1.29854
-4.90309,0.915475,1.6815,1.33089
-4.89857,0.934669,1.68484,1.36324
-4.89406,0.953864,1.68819,1.39559
-4.88954,0.973058,1.69153,1.42794
-4.88502,0.992252,1.69487,1.46029
-4.88051,1.01145,1.69822,1.49264
-4.87599,1.03064,1.70156,1.52499
-4.87147,1.04984,1.7049,1.55734
-4.86696,1.06903,1.70824,1.58969
-4.86244,1.08822,1.71159,1.62204
-4.85792,1.10742,1.71493,1.6544
-4.85341,1.12661,1.71827,1.68675
-4.84889,1.14581,1.72162,1.7191
-4.84437,1.165,1.72496,1.75145
-4.83986,1.1842,1.7283,1.7838
-4.83534,1.20339,1.73165,1.81615
-4.83082,1.22258,1.73499,1.8485
-4.82631,1.24178,1.73833,1.88085
-4.82179,1.26097,1.74167,1.9132
-4.81727,1.28017,1.74502,1.94555
-4.81276,1.29936,1.74836,1.9779
-4.80824,1.31856,1.7517,2.01025
-4.80372,1.33775,1.75505,2.0426
-4.79921,1.35695,1.75839,2.07495
-4.79469,1.37614,1.76173,2.1073
-4.79017,1.39533,1.76508,2.13965
-4.78566,1.41453,1.76842,2.172
-4.78114,1.43372,1.77176,2.20435
-4.77662,1.45292,1.7751,2.2367
-4.77211,1.47211,1.77845,2.26905
-4.76759,1.49131,1.78179,2.3014
-4.7561,1.50767,1.78165,2.26763
-4.74461,1.52404,1.78151,2.23385
-4.73312,1.54041,1.78137,2.20007
-4.72163,1.55678,1.78123,2.1663
-4.71013,1.57315,1.78109,2.13252
-4.69864,1.58952,1.78095,2.09875
-4.68715,1.60589,1.78081,2.06497
-4.67566,1.62225,1.78066,2.0312
-4.66417,1.63862,1.78052,1.99742
-4.65268,1.65499,1.78038,1.96364
-4.64119,1.67136,1.78024,1.92987
-4.6297,1.68773,1.7801,1.89609
-4.6182,1.7041,1.77996,1.86232
-4.60671,1.72047,1.77982,1.82854
-4.59522,1.73684,1.77968,1.79476
-4.58373,1.7532,1.77954,1.76099
-4.57224,1.76957,1.7794,1.72721
-4.56075,1.78594,1.77926,1.69344
-4.54926,1.80231,1.77912,1.65966
-4.53776,1.81868,1.77898,1.62589
-4.52627,1.83505,1.77884,1.59211
-4.51478,1.85142,1.77869,1.55833
-4.50329,1.86778,1.77855,1.52456
-4.4918,1.88415,1.77841,1.49078
-4.48031,1.90052,1.77827,1.45701
-4.46882,1.91689,1.77813,1.42323
-4.45733,1.93326,1.77799,1.38946
-4.44583,1.94963,1.77785,1.35568
-4.43434,1.966,1.77771,1.3219
-4.42285,1.98236,1.77757,1.28813
-4.41136,1.99873,1.77743,1.25435
-4.39987,2.0151,1.77729,1.22058
-4.38838,2.03147,1.77715,1.1868
-4.37689,2.04784,1.77701,1.15302
-4.3654,2.06421,1.77687,1.11925
-4.3539,2.08058,1.77672,1.08547
-4.34241,2.09694,1.77658,1.0517
-4.33092,2.11331,1.77644,1.01792
-4.31943,2.12968,1.7763,0.984146
-4.30794,2.14605,1.77616,0.95037
-4.29645,2.16242,1.77602,0.916594
-4.28496,2.17879,1.77588,0.882819
-4.27347,2.19516,1.77574,0.849043
-4.26197,2.21152,1.7756,0.815267
-4.25048,2.22789,1.77546,0.781491
-4.23899,2.24426,1.77532,0.747716
-4.2275,2.26063,1.77518,0.71394
-4.21601,2.277,1.77504,0.680164
-4.20452,2.29337,1.7749,0.646388
-4.19303,2.30974,1.77475,0.612612
-4.2006,2.32812,1.77691,0.635172
-4.20818,2.34651,1.77906,0.657731
-4.21575,2.36489,1.78121,0.680291
-4.22333,2.38327,1.78336,0.70285
-4.2309,2.40166,1.78551,0.725409
-4.23848,2.42004,1.78766,0.747969
-4.24605,2.43843,1.78981,0.770528
-4.25363,2.45681,1.79197,0.793088
-4.2612,2.4752,1.79412,0.815647
-4.26878,2.49358,1.79627,0.838206
-4.27635,2.51197,1.79842,0.860766
-4.28393,2.53035,1.80057,0.883325
-4.2915,2.54874,1.80272,0.905885
-4.29907,2.56712,1.80487,0.928444
-4.30665,2.58551,1.80702,0.951003
-4.31422,2.60389,1.80918,0.973563
-4.3218,2.62227,1.81133,0.996122
-4.32937,2.64066,1.81348,1.01868
-4.33695,2.65904,1.81563,1.04124
-4.34452,2.67743,1.81778,1.0638
-4.3521,2.69581,1.81993,1.08636
-4.35967,2.7142,1.82208,1.10892
-4.36725,2.73258,1.82424,1.13148
-4.37482,2.75097,1.82639,1.15404
-4.3824,2.76935,1.82854,1.1766
-4.38997,2.78774,1.83069,1.19916
-4.39755,2.80612,1.83284,1.22172
-4.40512,2.8245,1.83499,1.24428
-4.4127,2.84289,1.83714,1.26684
-4.42027,2.86127,1.8393,1.28939
-4.42785,2.87966,1.84145,1.31195
-4.43542,2.89804,1.8436,1.33451
-4.443,2.91643,1.84575,1.35707
-4.45057,2.93481,1.8479,1.37963
-4.45815,2.9532,1.85005,1.40219
-4.46572,2.97158,1.8522,1.42475
-4.4733,2.98997,1.85435,1.44731
-4.48087,3.00835,1.85651,1.46987
-4.48845,3.02674,1.85866,1.49243
-4.49602,3.04512,1.86081,1.51499
-4.5036,3.0635,1.86296,1.53755
-4.51117,3.08189,1.86511,1.56011
-4.51874,3.10027,1.86726,1.58267
-4.52632,3.11866,1.86941,1.60523
-4.53389,3.13704,1.87157,1.62779
-4.54147,3.15543,1.87372,1.65034
-4.54904,3.17381,1.87587,1.6729
-4.55662,3.1922,1.87802,1.69546
-4.56419,3.21058,1.88017,1.71802
-4.57177,3.22897,1.88232,1.74058
-4.56075,3.24252,1.87259,1.73816
-4.54972,3.25607,1.86285,1.73574
-4.5387,3.26963,1.85311,1.73332
-4.52768,3.28318,1.84338,1.7309
-4.51665,3.29673,1.83364,1.72848
-4.50563,3.31029,1.82391,1.72606
-4.49461,3.32384,1.81417,1.72364
-4.48358,3.33739,1.80443,1.72121
-4.47256,3.35095,1.7947,1.71879
-4.46153,3.3645,1.78496,1.71637
-4.45051,3.37805,1.77523,1.71395
-4.43949,3.39161,1.76549,1.71153
-4.42846,3.40516,1.75575,1.70911
-4.41744,3.41871,1.74602,1.70669
-4.40642,3.43227,1.73628,1.70427
-4.39539,3.44582,1.72655,1.70185
-4.38437,3.45937,1.71681,1.69942
-4.37335,3.47293,1.70707,1.697
-4.36232,3.48648,1.69734,1.69458
-4.3513,3.50003,1.6876,1.69216
-4.34028,3.51359,1.67786,1.68974
-4.32925,3.52714,1.66813,1.68732
-4.31823,3.54069,1.65839,1.6849
-4.30721,3.55425,1.64866,1.68248
-4.29618,3.5678,1.63892,1.68006
-4.28516,3.58135,1.62918,1.67764
-4.27414,3.59491,1.61945,1.67521
-4.26311,3.60846,1.60971,1.67279
-4.25209,3.62201,1.59998,1.67037
-4.24107,3.63557,1.59024,1.66795
-4.23004,3.64912,1.5805,1.66553
-4.21902,3.66267,1.57077,1.66311
-4.208,3.67623,1.56103,1.66069
-4.19697,3.68978,1.5513,1.65827
-4.18595,3.70333,1.54156,1.65585
-4.17493,3.71689,1.53182,1.65343
-4.1639,3.73044,1.52209,1.651
-4.15288,3.74399,1.51235,1.64858
-4.14186,3.75755,1.50262,1.64616
-4.13083,3.7711,1.49288,1.64374
-4.11981,3.78465,1.48314,1.64132
-4.10879,3.79821,1.47341,1.6389
-4.09776,3.81176,1.46367,1.63648
-4.08674,3.82531,1.45393,1.63406
-4.07572,3.83887,1.4442,1.63164
-4.06469,3.85242,1.43446,1.62921
-4.05367,3.86597,1.42473,1.62679
-4.04265,3.87953,1.41499,1.62437
-4.03162,3.89308,1.40525,1.62195
-4.0206,3.90663,1.39552,1.61953
-4.00356,3.91648,1.39193,1.61966
-3.98653,3.92632,1.38835,1.61979
-3.96949,3.93617,1.38476,1.61992
-3.95245,3.94601,1.38117,1.62005
-3.93542,3.95585,1.37759,1.62018
-3.91838,3.9657,1.374,1.62031
-3.90135,3.97554,1.37041,1.62044
-3.88431,3.98539,1.36683,1.62057
-3.86727,3.99523,1.36324,1.62069
-3.85024,4.00507,1.35966,1.62082
-3.8332,4.01492,1.35607,1.62095
-3.81616,4.02476,1.35248,1.62108
-3.79913,4.03461,1.3489,1.62121
-3.78209,4.04445,1.34531,1.62134
-3.76506,4.05429,1.34172,1.62147
-3.74802,4.06414,1.33814,1.6216
-3.73098,4.07398,1.33455,1.62173
-3.71395,4.08383,1.33096,1.62186
-3.69691,4.09367,1.32738,1.62199
-3.67987,4.10351,1.32379,1.62212
-3.66284,4.11336,1.32021,1.62225
-3.6458,4.1232,1.31662,1.62238
-3.62877,4.13304,1.31303,1.6225
-3.61173,4.14289,1.30945,1.62263
-3.59469,4.15273,1.30586,1.62276
-3.57766,4.16258,1.30227,1.62289
-3.56062,4.17242,1.29869,1.62302
-3.54358,4.18226,1.2951,1.62315
-3.52655,4.19211,1.29151,1.62328
-3.50951,4.20195,1.28793,1.62341
-3.49247,4.2118,1.28434,1.62354
-3.47544,4.22164,1.28076,1.62367
-3.4584,4.23148,1.27717,1.6238
-3.44137,4.24133,1.27358,1.62393
-3.42433,4.25117,1.27,1.62406
-3.40729,4.26102,1.26641,1.62419
-3.39026,4.27086,1.26282,1.62432
-3.37322,4.2807,1.25924,1.62444
-3.35618,4.29055,1.25565,1.62457
-3.33915,4.30039,1.25206,1.6247
-3.32211,4.31024,1.24848,1.62483
-3.30508,4.32008,1.24489,1.62496
-3.28804,4.32992,1.24131,1.62509
-3.271,4.33977,1.23772,1.62522
-3.25397,4.34961,1.23413,1.62535
-3.23693,4.35946,1.23055,1.62548
-3.21989,4.3693,1.22696,1.62561
-3.20286,4.37914,1.22337,1.62574
-3.18582,4.38899,1.21979,1.62587
-3.16878,4.39883,1.2162,1.626
-3.15346,4.40872,1.20799,1.57039
-3.13814,4.41861,1.19978,1.51479
-3.12282,4.4285,1.19157,1.45918
-3.1075,4.43839,1.18335,1.40357
-3.09218,4.44828,1.17514,1.34797
-3.07686,4.45817,1.16693,1.29236
-3.06153,4.46806,1.15872,1.23676
-3.04621,4.47795,1.15051,1.18115
-3.03089,4.48784,1.14229,1.12555
-3.01557,4.49773,1.13408,1.06994
-3.00025,4.50762,1.12587,1.01433
-2.98493,4.51751,1.11766,0.958729
-2.96961,4.5274,1.10945,0.903123
-2.95428,4.53729,1.10124,0.847518
-2.93896,4.54718,1.09302,0.791912
-2.92364,4.55707,1.08481,0.736307
-2.90832,4.56696,1.0766,0.680701
-2.893,4.57685,1.06839,0.625095
-2.87768,4.58674,1.06018,0.56949
-2.86235,4.59663,1.05196,0.513884
-2.84703,4.60653,1.04375,0.458279
-2.83171,4.61642,1.03554,0.402673
-2.81639,4.62631,1.02733,0.347067
-2.80107,4.6362,1.01912,0.291462
-2.78575,4.64609,1.0109,0.235856
-2.77043,4.65598,1.00269,0.180251
-2.7551,4.66587,0.994481,0.124645
-2.73978,4.67576,0.986269,0.0690394
-2.72446,4.68565,0.978057,0.0134338
-2.70914,4.69554,0.969845,-0.0421718
-2.69382,4.70543,0.961634,-0.0977774
-2.6785,4.71532,0.953422,-0.153383
-2.66317,4.72521,0.94521,-0.208989
-2.64785,4.7351,0.936998,-0.264594
-2.63253,4.74499,0.928786,-0.3202
-2.61721,4.75488,0.920574,-0.375805
-2.60189,4.76477,0.912362,-0.431411
-2.58657,4.77466,0.90415,-0.487017
-2.57125,4.78455,0.895939,-0.542622
-2.55592,4.79444,0.887727,-0.598228
-2.5406,4.80433,0.879515,-0.653834
-2.52528,4.81422,0.871303,-0.709439
-2.50996,4.82411,0.863091,-0.765045
-2.49464,4.834,0.854879,-0.82065
-2.47932,4.84389,0.846667,-0.876256
-2.464,4.85378,0.838455,-0.931862
-2.44867,4.86367,0.830244,-0.987467
-2.43335,4.87356,0.822032,-1.04307
-2.41803,4.88345,0.81382,-1.09868
-2.40271,4.89334,0.805608,-1.15428
-2.38379,4.89813,0.809971,-1.16664
-2.36487,4.90292,0.814335,-1.17899
-2.34594,4.90771,0.818698,-1.19135
-2.32702,4.9125,0.823062,-1.2037
-2.3081,4.91729,0.827425,-1.21606
-2.28918,4.92208,0.831789,-1.22841
-2.27026,4.92687,0.836152,-1.24077
-2.25134,4.93166,0.840516,-1.25312
-2.23242,4.93644,0.844879,-1.26548
-2.21349,4.94123,0.849243,-1.27783
-2.19457,4.94602,0.853606,-1.29019
-2.17565,4.95081,0.85797,-1.30254
-2.15673,4.9556,0.862333,-1.3149
-2.13781,4.96039,0.866697,-1.32725
-2.11889,4.96518,0.87106,-1.33961
-2.09997,4.96997,0.875424,-1.35196
-2.08104,4.97476,0.879787,-1.36432
-2.06212,4.97955,0.88415,-1.37667
-2.0432,4.98434,0.888514,-1.38903
-2.02428,4.98913,0.892877,-1.40138
-2.00536,4.99392,0.897241,-1.41374
-1.98644,4.99871,0.901604,-1.42609
-1.96751,5.00349,0.905968,-1.43845
-1.94859,5.00828,0.910331,-1.4508
-1.92967,5.01307,0.914695,-1.46316
-1.91075,5.01786,0.919058,-1.47551
-1.89183,5.02265,0.923422,-1.48787
-1.87291,5.02744,0.927785,-1.50022
-1.85399,5.03223,0.932149,-1.51258
-1.83506,5.03702,0.936512,-1.52493
-1.81614,5.04181,0.940876,-1.53729
-1.79722,5.0466,0.945239,-1.54964
-1.7783,5.05139,0.949603,-1.562
-1.75938,5.05618,0.953966,-1.57435
-1.74046,5.06097,0.958329,-1.58671
-1.72154,5.06576,0.962693,-1.59906
-1.70261,5.07054,0.967056,-1.61142
-1.68369,5.07533,0.97142,-1.62377
-1.66477,5.08012,0.975783,-1.63613
-1.64585,5.08491,0.980147,-1.64848
-1.62693,5.0897,0.98451,-1.66084
-1.60801,5.09449,0.988874,-1.67319
-1.58908,5.09928,0.993237,-1.68555
-1.57016,5.10407,0.997601,-1.6979
-1.55124,5.10886,1.00196,-1.71026
-1.53232,5.11365,1.00633,-1.72261
-1.5134,5.11844,1.01069,-1.73497
-1.49448,5.12323,1.01505,-1.74732
-1.47556,5.12802,1.01942,-1.75968
-1.45663,5.13281,1.02378,-1.77203
-1.43708,5.13281,1.02798,-1.80805
-1.41752,5.13281,1.03217,-1.84407
-1.39797,5.13281,1.03637,-1.88009
-1.37841,5.13282,1.04056,-1.91611
-1.35886,5.13282,1.04475,-1.95212
-1.3393,5.13282,1.04895,-1.98814
-1.31975,5.13283,1.05314,-2.02416
-1.30019,5.13283,1.05734,-2.06018
-1.28064,5.13283,1.06153,-2.09619
-1.26108,5.13283,1.06573,-2.13221
-1.24153,5.13284,1.06992,-2.16823
-1.22197,5.13284,1.07412,-2.20425
-1.20242,5.13284,1.07831,-2.24027
-1.18286,5.13285,1.08251,-2.27628
-1.16331,5.13285,1.0867,-2.3123
-1.14375,5.13285,1.09089,-2.34832
-1.1242,5.13285,1.09509,-2.38434
-1.10464,5.13286,1.09928,-2.42036
-1.08509,5.13286,1.10348,-2.45637
-1.06553,5.13286,1.10767,-2.49239
-1.04598,5.13287,1.11187,-2.52841
-1.02642,5.13287,1.11606,-2.56443
-1.00686,5.13287,1.12026,-2.60044
-0.98731,5.13288,1.12445,-2.63646
-0.967755,5.13288,1.12865,-2.67248
-0.948199,5.13288,1.13284,-2.7085
-0.928644,5.13288,1.13703,-2.74452
-0.909089,5.13289,1.14123,-2.78053
-0.889534,5.13289,1.14542,-2.81655
-0.869979,5.13289,1.14962,-2.85257
-0.850423,5.1329,1.15381,-2.88859
-0.830868,5.1329,1.15801,-2.92461
-0.811313,5.1329,1.1622,-2.96062
-0.791758,5.1329,1.1664,-2.99664
-0.772203,5.13291,1.17059,-3.03266
-0.752647,5.13291,1.17479,-3.06868
-0.733092,5.13291,1.17898,-3.10469
-0.713537,5.13292,1.18317,-3.14071
-0.693982,5.13292,1.18737,3.10645
-0.674427,5.13292,1.19156,3.07044
-0.654871,5.13292,1.19576,3.03442
-0.635316,5.13293,1.19995,2.9984
-0.615761,5.13293,1.20415,2.96238
-0.596206,5.13293,1.20834,2.92637
-0.576651,5.13294,1.21254,2.89035
-0.557095,5.13294,1.21673,2.85433
-0.53754,5.13294,1.22093,2.81831
-0.517985,5.13294,1.22512,2.78229
-0.49843,5.13295,1.22931,2.74628
-0.478875,5.13295,1.23351,2.71026
-0.480003,5.11663,1.24501,2.67633
-0.481131,5.10031,1.25652,2.6424
-0.482259,5.08399,1.26802,2.60847
-0.483387,5.06767,1.27953,2.57454
-0.484515,5.05135,1.29103,2.54061
-0.485643,5.03503,1.30254,2.50668
-0.486771,5.01871,1.31404,2.47275
-0.4879,5.00238,1.32555,2.43882
-0.489028,4.98606,1.33705,2.40489
-0.490156,4.96974,1.34856,2.37096
-0.491284,4.95342,1.36006,2.33703
-0.492412,4.9371,1.37157,2.3031
-0.49354,4.92078,1.38307,2.26917
-0.494668,4.90446,1.39458,2.23524
-0.495796,4.88814,1.40608,2.20131
-0.496925,4.87182,1.41759,2.16738
-0.498053,4.8555,1.42909,2.13345
-0.499181,4.83918,1.4406,2.09952
-0.500309,4.82286,1.4521,2.06559
-0.501437,4.80654,1.46361,2.03166
-0.502565,4.79021,1.47511,1.99773
-0.503693,4.77389,1.48662,1.9638
-0.504821,4.75757,1.49812,1.92987
-0.505949,4.74125,1.50962,1.89593
-0.507078,4.72493,1.52113,1.862
-0.508206,4.70861,1.53263,1.82807
-0.509334,4.69229,1.54414,1.79414
-0.510462,4.67597,1.55564,1.76021
-0.51159,4.65965,1.56715,1.72628
-0.512718,4.64333,1.57865,1.69235
-0.513846,4.62701,1.59016,1.65842
-0.514974,4.61069,1.60166,1.62449
-0.516103,4.59437,1.61317,1.59056
-0.517231,4.57805,1.62467,1.55663
-0.518359,4.56172,1.63618,1.5227
-0.519487,4.5454,1.64768,1.48877
-0.520615,4.52908,1.65919,1.45484
-0.521743,4.51276,1.67069,1.42091
-0.522871,4.49644,1.6822,1.38698
-0.523999,4.48012,1.6937,1.35305
-0.525128,4.4638,1.70521,1.31912
-0.526256,4.44748,1.71671,1.28519
-0.527384,4.43116,1.72822,1.25126
-0.528512,4.41484,1.73972,1.21733
-0.52964,4.39852,1.75123,1.1834
-0.530768,4.3822,1.76273,1.14947
-0.531896,4.36588,1.77424,1.11554
-0.533024,4.34956,1.78574,1.08161
-0.534153,4.33323,1.79725,1.04768
-0.535281,4.31691,1.80875,1.01375
-0.518969,4.30553,1.80666,0.987258
-0.502657,4.29415,1.80458,0.960764
-0.486346,4.28276,1.80249,0.93427
-0.470034,4.27138,1.8004,0.907776
-0.453723,4.26,1.79831,0.881283
-0.437411,4.24861,1.79623,0.854789
-0.4211,4.23723,1.79414,0.828295
-0.404788,4.22585,1.79205,0.801801
-0.388476,4.21447,1.78997,0.775308
-0.372165,4.20308,1.78788,0.748814
-0.355853,4.1917,1.78579,0.72232
-0.339542,4.18032,1.7837,0.695826
-0.32323,4.16893,1.78162,0.669333
-0.306919,4.15755,1.77953,0.642839
-0.290607,4.14617,1.77744,0.616345
-0.274295,4.13478,1.77536,0.589851
-0.257984,4.1234,1.77327,0.563358
-0.241672,4.11202,1.77118,0.536864
-0.225361,4.10063,1.7691,0.51037
-0.209049,4.08925,1.76701,0.483876
-0.192738,4.07787,1.76492,0.457383
-0.176426,4.06648,1.76283,0.430889
-0.160114,4.0551,1.76075,0.404395
-0.143803,4.04372,1.75866,0.377901
-0.127491,4.03233,1.75657,0.351408
-0.11118,4.02095,1.75449,0.324914
-0.0948682,4.00957,1.7524,0.29842
-0.0785566,3.99819,1.75031,0.271926
-0.062245,3.9868,1.74822,0.245433
-0.0459335,3.97542,1.74614,0.218939
-0.0296219,3.96404,1.74405,0.192445
-0.0133103,3.95265,1.74196,0.165951
0.00300126,3.94127,1.73988,0.139458
0.0193128,3.92989,1.73779,0.112964
0.0356244,3.9185,1.7357,0.08647
0.051936,3.90712,1.73361,0.0599763
0.0682475,3.89574,1.73153,0.0334825
0.0845591,3.88435,1.72944,0.00698877
0.100871,3.87297,1.72735,-0.019505
0.117182,3.86159,1.72527,-0.0459987
0.133494,3.8502,1.72318,-0.0724925
0.149805,3.83882,1.72109,-0.0989862
0.166117,3.82744,1.719,-0.12548
0.182429,3.81605,1.71692,-0.151974
0.19874,3.80467,1.71483,-0.178467
0.215052,3.79329,1.71274,-0.204961
0.231363,3.7819,1.71066,-0.231455
0.247675,3.77052,1.70857,-0.257949
0.263986,3.75914,1.70648,-0.284442
0.280298,3.74776,1.70439,-0.310936
0.291896,3.73153,1.7059,-0.361224
0.303493,3.71531,1.70741,-0.411511
0.315091,3.69908,1.70892,-0.461798
0.326689,3.68286,1.71043,-0.512086
0.338286,3.66664,1.71194,-0.562373
0.349884,3.65041,1.71345,-0.61266
0.361482,3.63419,1.71496,-0.662948
0.37308,3.61796,1.71646,-0.713235
0.384677,3.60174,1.71797,-0.763522
0.396275,3.58552,1.71948,-0.81381
0.407873,3.56929,1.72099,-0.864097
0.41947,3.55307,1.7225,-0.914385
0.431068,3.53684,1.72401,-0.964672
0.442666,3.52062,1.72552,-1.01496
0.454263,3.5044,1.72703,-1.06525
0.465861,3.48817,1.72853,-1.11553
0.477459,3.47195,1.73004,-1.16582
0.489056,3.45572,1.73155,-1.21611
0.500654,3.4395,1.73306,-1.2664
0.512252,3.42328,1.73457,-1.31668
0.523849,3.40705,1.73608,-1.36697
0.535447,3.39083,1.73759,-1.41726
0.547045,3.3746,1.7391,-1.46755
0.558643,3.35838,1.74061,-1.51783
0.57024,3.34216,1.74211,-1.56812
0.581838,3.32593,1.74362,-1.61841
0.593436,3.30971,1.74513,-1.6687
0.605033,3.29348,1.74664,-1.71898
0.616631,3.27726,1.74815,-1.76927
0.628229,3.26104,1.74966,-1.81956
0.639826,3.24481,1.75117,-1.86984
0.651424,3.22859,1.75268,-1.92013
0.663022,3.21236,1.75418,-1.97042
0.674619,3.19614,1.75569,-2.02071
0.686217,3.17992,1.7572,-2.07099
0.697815,3.16369,1.75871,-2.12128
0.709413,3.14747,1.76022,-2.17157
0.72101,3.13124,1.76173,-2.22186
0.732608,3.11502,1.76324,-2.27214
0.744206,3.0988,1.76475,-2.32243
0.755803,3.08257,1.76625,-2.37272
0.767401,3.06635,1.76776,-2.42301
0.778999,3.05012,1.76927,-2.47329
0.790596,3.0339,1.77078,-2.52358
0.802194,3.01768,1.77229,-2.57387
0.813792,3.00145,1.7738,-2.62415
0.825389,2.98523,1.77531,-2.67444
0.836987,2.969,1.77682,-2.72473
0.848585,2.95278,1.77833,-2.77502
0.860182,2.93656,1.77983,-2.8253
0.875182,2.94877,1.77475,-2.87755
0.890182,2.96099,1.76967,-2.92979
0.905182,2.9732,1.76459,-2.98204
0.920182,2.98541,1.75951,-3.03428
0.935182,2.99763,1.75443,-3.08653
0.950182,3.00984,1.74935,-3.13877
0.965182,3.02206,1.74427,3.09217
0.980182,3.03427,1.73919,3.03992
0.995182,3.04649,1.73411,2.98768
1.01018,3.0587,1.72903,2.93543
1.02518,3.07091,1.72395,2.88319
1.04018,3.08313,1.71887,2.83094
1.05518,3.09534,1.71379,2.7787
1.07018,3.10756,1.70871,2.72645
1.08518,3.11977,1.70363,2.67421
1.10018,3.13199,1.69855,2.62196
1.11518,3.1442,1.69347,2.56972
1.13018,3.15642,1.68839,2.51747
1.14518,3.16863,1.68331,2.46523
1.16018,3.18084,1.67823,2.41298
1.17518,3.19306,1.67315,2.36074
1.19018,3.20527,1.66807,2.30849
1.20518,3.21749,1.66298,2.25625
1.22018,3.2297,1.6579,2.204
1.23518,3.24192,1.65282,2.15176
1.25018,3.25413,1.64774,2.09951
1.26518,3.26634,1.64266,2.04727
1.28018,3.27856,1.63758,1.99502
1.29518,3.29077,1.6325,1.94278
1.31018,3.30299,1.62742,1.89053
1.32518,3.3152,1.62234,1.83829
1.34018,3.32742,1.61726,1.78604
1.35518,3.33963,1.61218,1.7338
1.37018,3.35184,1.6071,1.68155
1.38518,3.36406,1.60202,1.62931
1.40018,3.37627,1.59694,1.57706
1.41518,3.38849,1.59186,1.52482
1.43018,3.4007,1.58678,1.47257
1.44518,3.41292,1.5817,1.42033
1.46018,3.42513,1.57662,1.36808
1.47518,3.43734,1.57154,1.31584
1.49018,3.44956,1.56646,1.26359
1.50518,3.46177,1.56138,1.21135
1.52018,3.47399,1.5563,1.1591
1.53518,3.4862,1.55122,1.10686
1.55018,3.49842,1.54614,1.05462
1.56518,3.51063,1.54106,1.00237
1.58018,3.52285,1.53598,0.950125
1.59518,3.53506,1.53089,0.89788
1.61018,3.54727,1.52581,0.845635
1.6296,3.54879,1.53037,0.786104
1.64901,3.5503,1.53492,0.726573
1.66843,3.55182,1.53947,0.667042
1.68785,3.55333,1.54402,0.607511
1.70726,3.55485,1.54857,0.54798
1.72668,3.55636,1.55312,0.488449
1.7461,3.55787,1.55768,0.428918
1.76551,3.55939,1.56223,0.369387
1.78493,3.5609,1.56678,0.309856
1.80434,3.56242,1.57133,0.250325
1.82376,3.56393,1.57588,0.190794
1.84318,3.56544,1.58043,0.131263
1.86259,3.56696,1.58499,0.0717318
1.88201,3.56847,1.58954,0.0122008
1.90143,3.56999,1.59409,-0.0473303
1.92084,3.5715,1.59864,-0.106861
1.94026,3.57302,1.60319,-0.166392
1.95967,3.57453,1.60774,-0.225923
1.97909,3.57604,1.6123,-0.285454
1.99851,3.57756,1.61685,-0.344986
2.01792,3.57907,1.6214,-0.404517
2.03734,3.58059,1.62595,-0.464048
2.05675,3.5821,1.6305,-0.523579
2.07617,3.58362,1.63505,-0.58311
2.09559,3.58513,1.6396,-0.642641
2.115,3.58664,1.64416,-0.702172
2.13442,3.58816,1.64871,-0.761703
2.15384,3.58967,1.65326,-0.821234
2.17325,3.59119,1.65781,-0.880765
2.19267,3.5927,1.66236,-0.940296
2.21208,3.59421,1.66691,-0.999827
2.2315,3.59573,1.67147,-1.05936
2.25092,3.59724,1.67602,-1.11889
2.27033,3.59876,1.68057,-1.17842
2.28975,3.60027,1.68512,-1.23795
2.30917,3.60179,1.68967,-1.29748
2.32858,3.6033,1.69422,-1.35701
2.348,3.60481,1.69878,-1.41654
2.36741,3.60633,1.70333,-1.47608
2.38683,3.60784,1.70788,-1.53561
2.40625,3.60936,1.71243,-1.59514
2.42566,3.61087,1.71698,-1.65467
2.44508,3.61239,1.72153,-1.7142
2.4645,3.6139,1.72609,-1.77373
2.48391,3.61541,1.73064,-1.83326
2.50333,3.61693,1.73519,-1.89279
2.52274,3.61844,1.73974,-1.95232
2.54216,3.61996,1.74429,-2.01185
2.56158,3.62147,1.74884,-2.07139
2.58099,3.62299,1.7534,-2.13092
2.56137,3.62474,1.75683,-2.16572
2.54174,3.6265,1.76026,-2.20052
2.52212,3.62826,1.7637,-2.23532
2.5025,3.63001,1.76713,-2.27013
2.48287,3.63177,1.77057,-2.30493
2.46325,3.63353,1.774,-2.33973
2.44362,3.63528,1.77743,-2.37453
2.424,3.63704,1.78087,-2.40934
2.40437,3.6388,1.7843,-2.44414
2.38475,3.64056,1.78774,-2.47894
2.36512,3.64231,1.79117,-2.51374
2.3455,3.64407,1.7946,-2.54855
2.32587,3.64583,1.79804,-2.58335
2.30625,3.64758,1.80147,-2.61815
2.28663,3.64934,1.80491,-2.65295
2.267,3.6511,1.80834,-2.68776
2.24738,3.65286,1.81177,-2.72256
2.22775,3.65461,1.81521,-2.75736
2.20813,3.65637,1.81864,-2.79216
2.1885,3.65813,1.82208,-2.82697
2.16888,3.65988,1.82551,-2.86177
2.14925,3.66164,1.82895,-2.89657
2.12963,3.6634,1.83238,-2.93137
2.11001,3.66515,1.83581,-2.96618
2.09038,3.66691,1.83925,-3.00098
2.07076,3.66867,1.84268,-3.03578
2.05113,3.67043,1.84612,-3.07059
2.03151,3.67218,1.84955,-3.10539
2.01188,3.67394,1.85298,-3.14019
1.99226,3.6757,1.85642,3.10819
1.97263,3.67745,1.85985,3.07339
1.95301,3.67921,1.86329,3.03859
1.93339,3.68097,1.86672,3.00379
1.91376,3.68272,1.87015,2.96898
1.89414,3.68448,1.87359,2.93418
1.87451,3.68624,1.87702,2.89938
1.85489,3.688,1.88046,2.86458
1.83526,3.68975,1.88389,2.82977
1.81564,3.69151,1.88732,2.79497
1.79601,3.69327,1.89076,2.76017
1.77639,3.69502,1.89419,2.72536
1.75677,3.69678,1.89763,2.69056
1.73714,3.69854,1.90106,2.65576
1.71752,3.7003,1.90449,2.62096
1.69789,3.70205,1.90793,2.58615
1.67827,3.70381,1.91136,2.55135
1.65864,3.70557,1.9148,2.51655
1.63902,3.70732,1.91823,2.48175
1.61939,3.70908,1.92166,2.44694
1.59977,3.71084,1.9251,2.41214
1.58013,3.70863,1.92206,2.42143
1.56048,3.70643,1.91902,2.43072
1.54084,3.70423,1.91597,2.44001
1.52119,3.70202,1.91293,2.44931
1.50155,3.69982,1.90989,2.4586
1.4819,3.69762,1.90685,2.46789
1.46226,3.69541,1.90381,2.47718
1.44262,3.69321,1.90077,2.48647
1.42297,3.691,1.89773,2.49576
1.40333,3.6888,1.89469,2.50505
1.38368,3.6866,1.89164,2.51434
1.36404,3.68439,1.8886,2.52363
1.34439,3.68219,1.88556,2.53292
1.32475,3.67998,1.88252,2.54221
1.30511,3.67778,1.87948,2.5515
1.28546,3.67558,1.87644,2.56079
1.26582,3.67337,1.8734,2.57008
1.24617,3.67117,1.87036,2.57937
1.22653,3.66897,1.86731,2.58867
1.20689,3.66676,1.86427,2.59796
1.18724,3.66456,1.86123,2.60725
1.1676,3.66235,1.85819,2.61654
1.14795,3.66015,1.85515,2.62583
1.12831,3.65795,1.85211,2.63512
1.10866,3.65574,1.84907,2.64441
1.08902,3.65354,1.84603,2.6537
1.06938,3.65134,1.84298,2.66299
1.04973,3.64913,1.83994,2.67228
1.03009,3.64693,1.8369,2.68157
1.01044,3.64472,1.83386,2.69086
0.990799,3.64252,1.83082,2.70015
0.971155,3.64032,1.82778,2.70944
0.951511,3.63811,1.82474,2.71874
0.931867,3.63591,1.8217,2.72803
0.912223,3.63371,1.81865,2.73732
0.892579,3.6315,1.81561,2.74661
0.872934,3.6293,1.81257,2.7559
0.85329,3.62709,1.80953,2.76519
0.833646,3.62489,1.80649,2.77448
0.814002,3.62269,1.80345,2.78377
0.794358,3.62048,1.80041,2.79306
0.774713,3.61828,1.79737,2.80235
0.755069,3.61608,1.79432,2.81164
0.735425,3.61387,1.79128,2.82093
0.715781,3.61167,1.78824,2.83022
0.696137,3.60946,1.7852,2.83951
0.676493,3.60726,1.78216,2.84881
0.656848,3.60506,1.77912,2.8581
0.637204,3.60285,1.77608,2.86739
0.61756,3.60065,1.77303,2.87668
0.613799,3.58103,1.77213,2.88523
0.610038,3.5614,1.77122,2.89378
0.606277,3.54178,1.77031,2.90233
0.602516,3.52216,1.7694,2.91087
0.598754,3.50254,1.76849,2.91942
0.594993,3.48292,1.76758,2.92797
0.591232,3.46329,1.76667,2.93652
0.587471,3.44367,1.76576,2.94507
0.58371,3.42405,1.76485,2.95362
0.579949,3.40443,1.76394,2.96217
0.576188,3.38481,1.76303,2.97072
0.572427,3.36518,1.76212,2.97927
0.568666,3.34556,1.76121,2.98782
0.564904,3.32594,1.7603,2.99637
0.561143,3.30632,1.75939,3.00492
0.557382,3.2867,1.75848,3.01347
0.553621,3.26707,1.75757,3.02202
0.54986,3.24745,1.75666,3.03057
0.546099,3.22783,1.75575,3.03912
0.542338,3.20821,1.75484,3.04766
0.538577,3.18858,1.75393,3.05621
0.534816,3.16896,1.75302,3.06476
0.531055,3.14934,1.75211,3.07331
0.527293,3.12972,1.7512,3.08186
0.523532,3.1101,1.75029,3.09041
0.519771,3.09047,1.74938,3.09896
0.51601,3.07085,1.74847,3.10751
0.512249,3.05123,1.74756,3.11606
0.508488,3.03161,1.74665,3.12461
0.504727,3.01199,1.74574,3.13316
0.500966,2.99236,1.74483,-3.14148
0.497205,2.97274,1.74392,-3.13293
0.493443,2.95312,1.74301,-3.12438
0.489682,2.9335,1.7421,-3.11583
0.485921,2.91388,1.74119,-3.10728
0.48216,2.89425,1.74028,-3.09873
0.478399,2.87463,1.73937,-3.09018
0.474638,2.85501,1.73846,-3.08163
0.470877,2.83539,1.73755,-3.07308
0.467116,2.81577,1.73664,-3.06453
0.463355,2.79614,1.73573,-3.05598
0.459593,2.77652,1.73482,-3.04743
0.455832,2.7569,1.73391,-3.03889
0.452071,2.73728,1.733,-3.03034
0.44831,2.71765,1.73209,-3.02179
0.444549,2.69803,1.73118,-3.01324
0.440788,2.67841,1.73027,-3.00469
0.437027,2.65879,1.72936,-2.99614
0.433266,2.63917,1.72845,-2.98759
0.429505,2.61954,1.72754,-2.97904
0.420272,2.60379,1.71938,-2.95607
0.411038,2.58804,1.71122,-2.9331
0.401805,2.57229,1.70305,-2.91013
0.392572,2.55654,1.69489,-2.88717
0.383339,2.54078,1.68673,-2.8642
0.374106,2.52503,1.67857,-2.84123
0.364873,2.50928,1.67041,-2.81826
0.35564,2.49353,1.66224,-2.79529
0.346407,2.47778,1.65408,-2.77232
0.337174,2.46202,1.64592,-2.74936
0.327941,2.44627,1.63776,-2.72639
0.318708,2.43052,1.62959,-2.70342
0.309475,2.41477,1.62143,-2.68045
0.300242,2.39901,1.61327,-2.65748
0.291009,2.38326,1.60511,-2.63451
0.281776,2.36751,1.59695,-2.61154
0.272543,2.35176,1.58878,-2.58858
0.26331,2.33601,1.58062,-2.56561
0.254077,2.32025,1.57246,-2.54264
0.244844,2.3045,1.5643,-2.51967
0.235611,2.28875,1.55614,-2.4967
0.226378,2.273,1.54797,-2.47373
0.217145,2.25725,1.53981,-2.45077
0.207912,2.24149,1.53165,-2.4278
0.198679,2.22574,1.52349,-2.40483
0.189445,2.20999,1.51532,-2.38186
0.180212,2.19424,1.50716,-2.35889
0.170979,2.17848,1.499,-2.33592
0.161746,2.16273,1.49084,-2.31295
0.152513,2.14698,1.48268,-2.28999
0.14328,2.13123,1.47451,-2.26702
0.134047,2.11548,1.46635,-2.24405
0.124814,2.09972,1.45819,-2.22108
0.115581,2.08397,1.45003,-2.19811
0.106348,2.06822,1.44187,-2.17514
0.097115,2.05247,1.4337,-2.15218
0.087882,2.03672,1.42554,-2.12921
0.0786489,2.02096,1.41738,-2.10624
0.0694159,2.00521,1.40922,-2.08327
0.0601828,1.98946,1.40105,-2.0603
0.0509498,1.97371,1.39289,-2.03733
0.0417168,1.95795,1.38473,-2.01436
0.0324837,1.9422,1.37657,-1.9914
0.0232507,1.92645,1.36841,-1.96843
0.0140176,1.9107,1.36024,-1.94546
0.00478459,1.89495,1.35208,-1.92249
-0.00444845,1.87919,1.34392,-1.89952
-0.0136815,1.86344,1.33576,-1.87655
-0.0229145,1.84769,1.32759,-1.85359
-0.0321476,1.83194,1.31943,-1.83062
-0.0385223,1.81303,1.31804,-1.8115
-0.0448969,1.79413,1.31665,-1.79238
-0.0512716,1.77522,1.31526,-1.77325
-0.0576463,1.75631,1.31387,-1.75413
-0.0640209,1.73741,1.31248,-1.73501
-0.0703956,1.7185,1.31109,-1.71589
-0.0767703,1.6996,1.3097,-1.69677
-0.0831449,1.68069,1.30831,-1.67765
-0.0895196,1.66179,1.30692,-1.65853
-0.0958942,1.64288,1.30552,-1.63941
-0.102269,1.62397,1.30413,-1.62029
-0.108644,1.60507,1.30274,-1.60117
-0.115018,1.58616,1.30135,-1.58205
-0.121393,1.56726,1.29996,-1.56292
-0.127768,1.54835,1.29857,-1.5438
-0.134142,1.52944,1.29718,-1.52468
-0.140517,1.51054,1.29579,-1.50556
-0.146892,1.49163,1.2944,-1.48644
-0.153266,1.47273,1.29301,-1.46732
-0.159641,1.45382,1.29162,-1.4482
-0.166016,1.43492,1.29023,-1.42908
-0.17239,1.41601,1.28884,-1.40996
-0.178765,1.3971,1.28744,-1.39084
-0.18514,1.3782,1.28605,-1.37172
-0.191514,1.35929,1.28466,-1.35259
-0.197889,1.34039,1.28327,-1.33347
-0.204264,1.32148,1.28188,-1.31435
-0.210638,1.30257,1.28049,-1.29523
-0.217013,1.28367,1.2791,-1.27611
-0.223388,1.26476,1.27771,-1.25699
-0.229762,1.24586,1.27632,-1.23787
-0.236137,1.22695,1.27493,-1.21875
-0.242512,1.20805,1.27354,-1.19963
-0.248886,1.18914,1.27215,-1.18051
-0.255261,1.17023,1.27075,-1.16139
-0.261636,1.15133,1.26936,-1.14226
-0.26801,1.13242,1.26797,-1.12314
-0.274385,1.11352,1.26658,-1.10402
-0.28076,1.09461,1.26519,-1.0849
-0.287134,1.07571,1.2638,-1.06578
-0.293509,1.0568,1.26241,-1.04666
-0.299884,1.03789,1.26102,-1.02754
-0.306258,1.01899,1.25963,-1.00842
-0.312633,1.00008,1.25824,-0.989298
-0.319008,0.981176,1.25685,-0.970177
-0.325382,0.96227,1.25546,-0.951056
-0.331757,0.943365,1.25407,-0.931935
-0.338132,0.924459,1.25267,-0.912814
-0.344506,0.905553,1.25128,-0.893693
-0.350881,0.886647,1.24989,-0.874572
-0.358352,0.868335,1.24692,-0.862239
-0.365822,0.850023,1.24394,-0.849907
-0.373293,0.831711,1.24097,-0.837574
-0.380764,0.813398,1.23799,-0.825241
-0.388235,0.795086,1.23502,-0.812909
-0.395706,0.776774,1.23204,-0.800576
-0.403176,0.758462,1.22907,-0.788243
-0.410647,0.740149,1.22609,-0.775911
-0.418118,0.721837,1.22312,-0.763578
-0.425589,0.703525,1.22014,-0.751245
-0.433059,0.685213,1.21717,-0.738913
-0.44053,0.6669,1.21419,-0.72658
-0.448001,0.648588,1.21122,-0.714247
-0.455472,0.630276,1.20824,-0.701915
-0.462943,0.611964,1.20527,-0.689582
-0.470413,0.593652,1.20229,-0.677249
-0.477884,0.575339,1.19932,-0.664917
-0.485355,0.557027,1.19635,-0.652584
-0.492826,0.538715,1.19337,-0.640251
-0.500297,0.520403,1.1904,-0.627919
-0.507767,0.50209,1.18742,-0.615586
-0.515238,0.483778,1.18445,-0.603253
-0.522709,0.465466,1.18147,-0.590921
-0.53018,0.447154,1.1785,-0.578588
-0.53765,0.428842,1.17552,-0.566255
-0.545121,0.410529,1.17255,-0.553923
-0.552592,0.392217,1.16957,-0.54159
-0.560063,0.373905,1.1666,-0.529257
-0.567534,0.355593,1.16362,-0.516925
-0.575004,0.33728,1.16065,-0.504592
-0.582475,0.318968,1.15767,-0.492259
-0.589946,0.300656,1.1547,-0.479927
-0.597417,0.282344,1.15172,-0.467594
-0.604887,0.264032,1.14875,-0.455261
-0.612358,0.245719,1.14577,-0.442929
-0.619829,0.227407,1.1428,-0.430596
-0.6273,0.209095,1.13982,-0.418263
-0.634771,0.190783,1.13685,-0.405931
-0.642241,0.17247,1.13387,-0.393598
-0.649712,0.154158,1.1309,-0.381265
-0.657183,0.135846,1.12792,-0.368933
-0.664654,0.117534,1.12495,-0.3566
-0.672124,0.0992215,1.12197,-0.344267
-0.679595,0.0809093,1.119,-0.331934
-0.687066,0.0625971,1.11602,-0.319602
-0.694537,0.0442849,1.11305,-0.307269
-0.702008,0.0259726,1.11007,-0.294936
-0.709478,0.00766042,1.1071,-0.282604
-0.716949,-0.0106518,1.10412,-0.270271
-0.72442,-0.028964,1.10115,-0.257938
-0.742838,-0.0367566,1.10133,-0.261125
-0.761257,-0.0445492,1.10152,-0.264312
-0.779675,-0.0523417,1.1017,-0.2675
-0.798094,-0.0601343,1.10188,-0.270687
-0.816513,-0.0679269,1.10207,-0.273874
-0.834931,-0.0757194,1.10225,-0.277061
-0.85335,-0.083512,1.10243,-0.280248
-0.871768,-0.0913045,1.10262,-0.283435
-0.890187,-0.0990971,1.1028,-0.286622
-0.908605,-0.10689,1.10298,-0.289809
-0.927024,-0.114682,1.10317,-0.292996
-0.945442,-0.122475,1.10335,-0.296183
-0.963861,-0.130267,1.10353,-0.29937
-0.982279,-0.13806,1.10372,-0.302557
-1.0007,-0.145852,1.1039,-0.305744
-1.01912,-0.153645,1.10408,-0.308931
-1.03753,-0.161438,1.10427,-0.312118
-1.05595,-0.16923,1.10445,-0.315305
-1.07437,-0.177023,1.10463,-0.318492
-1.09279,-0.184815,1.10482,-0.321679
-1.11121,-0.192608,1.105,-0.324866
-1.12963,-0.2004,1.10518,-0.328053
-1.14805,-0.208193,1.10537,-0.33124
-1.16646,-0.215986,1.10555,-0.334427
-1.18488,-0.223778,1.10573,-0.337614
-1.2033,-0.231571,1.10592,-0.340801
-1.22172,-0.239363,1.1061,-0.343988
-1.24014,-0.247156,1.10628,-0.347175
-1.25856,-0.254948,1.10647,-0.350362
-1.27698,-0.262741,1.10665,-0.353549
-1.29539,-0.270534,1.10683,-0.356736
-1.31381,-0.278326,1.10702,-0.359923
-1.33223,-0.286119,1.1072,-0.36311
-1.35065,-0.293911,1.10738,-0.366297
-1.36907,-0.301704,1.10757,-0.369484
-1.38749,-0.309496,1.10775,-0.372671
-1.40591,-0.317289,1.10794,-0.375858
-1.42432,-0.325081,1.10812,-0.379045
-1.44274,-0.332874,1.1083,-0.382232
-1.46116,-0.340667,1.10849,-0.385419
-1.47958,-0.348459,1.10867,-0.388606
-1.498,-0.356252,1.10885,-0.391793
-1.51642,-0.364044,1.10904,-0.39498
-1.53484,-0.371837,1.10922,-0.398167
-1.55325,-0.379629,1.1094,-0.401354
-1.57167,-0.387422,1.10959,-0.404541
-1.59009,-0.395215,1.10977,-0.407728
-1.60851,-0.403007,1.10995,-0.410915
-1.62693,-0.4108,1.11014,-0.414102
-1.64535,-0.418592,1.11032,-0.417289
-1.65238,-0.436813,1.10602,-0.389683
-1.65942,-0.455034,1.10172,-0.362076
-1.66645,-0.473255,1.09742,-0.33447
-1.67349,-0.491476,1.09312,-0.306863
-1.68053,-0.509697,1.08882,-0.279257
-1.68756,-0.527918,1.08452,-0.25165
-1.6946,-0.546139,1.08022,-0.224044
-1.70163,-0.56436,1.07592,-0.196437
-1.70867,-0.582581,1.07162,-0.168831
-1.71571,-0.600802,1.06732,-0.141225
-1.72274,-0.619023,1.06302,-0.113618
-1.72978,-0.637244,1.05872,-0.0860116
-1.73681,-0.655465,1.05442,-0.0584051
-1.74385,-0.673686,1.05012,-0.0307986
-1.75089,-0.691907,1.04582,-0.00319217
-1.75792,-0.710128,1.04152,0.0244143
-1.76496,-0.728349,1.03722,0.0520208
-1.77199,-0.74657,1.03292,0.0796273
-1.77903,-0.764791,1.02862,0.107234
-1.78607,-0.783012,1.02432,0.13484
-1.7931,-0.801233,1.02002,0.162447
-1.80014,-0.819454,1.01572,0.190053
-1.80717,-0.837675,1.01142,0.21766
-1.81421,-0.855896,1.00712,0.245266
-1.82125,-0.874117,1.00282,0.272873
-1.82828,-0.892338,0.998519,0.300479
-1.83532,-0.910559,0.994219,0.328086
-1.84235,-0.92878,0.989919,0.355692
-1.84939,-0.947001,0.985619,0.383298
-1.85643,-0.965222,0.981319,0.410905
-1.86346,-0.983443,0.977019,0.438511
-1.8705,-1.00166,0.972719,0.466118
-1.87753,-1.01989,0.968419,0.493724
-1.88457,-1.03811,0.964119,0.521331
-1.89161,-1.05633,0.959819,0.548937
-1.89864,-1.07455,0.955518,0.576544
-1.90568,-1.09277,0.951218,0.60415
-1.91271,-1.11099,0.946918,0.631757
-1.91975,-1.12921,0.942618,0.659363
-1.92678,-1.14743,0.938318,0.68697
-1.93382,-1.16565,0.934018,0.714576
-1.94086,-1.18387,0.929718,0.742183
-1.94789,-1.2021,0.925418,0.769789
-1.95493,-1.22032,0.921118,0.797396
-1.96196,-1.23854,0.916818,0.825002
-1.969,-1.25676,0.912518,0.852609
-1.97604,-1.27498,0.908218,0.880215
-1.98307,-1.2932,0.903918,0.907822
-1.99011,-1.31142,0.899618,0.935428
-1.99714,-1.32964,0.895318,0.963034
-1.98344,-1.34417,0.894243,0.987967
-1.96974,-1.3587,0.893167,1.0129
-1.95604,-1.37323,0.892091,1.03783
-1.94234,-1.38776,0.891016,1.06276
-1.92863,-1.40229,0.88994,1.0877
-1.91493,-1.41682,0.888865,1.11263
-1.90123,-1.43135,0.887789,1.13756
-1.88753,-1.44588,0.886713,1.16249
-1.87383,-1.4604,0.885638,1.18743
-1.86012,-1.47493,0.884562,1.21236
-1.84642,-1.48946,0.883487,1.23729
-1.83272,-1.50399,0.882411,1.26222
-1.81902,-1.51852,0.881335,1.28716
-1.80531,-1.53305,0.88026,1.31209
-1.79161,-1.54758,0.879184,1.33702
-1.77791,-1.56211,0.878109,1.36195
-1.76421,-1.57664,0.877033,1.38688
-1.75051,-1.59117,0.875958,1.41182
-1.7368,-1.60569,0.874882,1.43675
-1.7231,-1.62022,0.873806,1.46168
-1.7094,-1.63475,0.872731,1.48661
-1.6957,-1.64928,0.871655,1.51155
-1.68199,-1.66381,0.87058,1.53648
-1.66829,-1.67834,0.869504,1.56141
-1.65459,-1.69287,0.868428,1.58634
-1.64089,-1.7074,0.867353,1.61128
-1.62719,-1.72193,0.866277,1.63621
-1.61348,-1.73646,0.865202,1.66114
-1.59978,-1.75099,0.864126,1.68607
-1.58608,-1.76551,0.86305,1.71101
-1.57238,-1.78004,0.861975,1.73594
-1.55868,-1.79457,0.860899,1.76087
-1.54497,-1.8091,0.859824,1.7858
-1.53127,-1.82363,0.858748,1.81074
-1.51757,-1.83816,0.857673,1.83567
-1.50387,-1.85269,0.856597,1.8606
-1.49016,-1.86722,0.855521,1.88553
-1.47646,-1.88175,0.854446,1.91046
-1.46276,-1.89628,0.85337,1.9354
-1.44906,-1.91081,0.852295,1.96033
-1.43536,-1.92533,0.851219,1.98526
-1.42165,-1.93986,0.850143,2.01019
-1.40795,-1.95439,0.849068,2.03513
-1.39425,-1.96892,0.847992,2.06006
-1.38055,-1.98345,0.846917,2.08499
-1.36685,-1.99798,0.845841,2.10992
-1.35314,-2.01251,0.844765,2.13486
-1.33944,-2.02704,0.84369,2.15979
-1.32574,-2.04157,0.842614,2.18472
-1.31204,-2.0561,0.841539,2.20965
-1.30438,-2.07115,0.852248,2.16559
-1.29673,-2.08621,0.862957,2.12154
-1.28907,-2.10127,0.873667,2.07748
-1.28142,-2.11632,0.884376,2.03342
-1.27376,-2.13138,0.895086,1.98936
-1.26611,-2.14644,0.905795,1.9453
-1.25845,-2.1615,0.916504,1.90124
-1.2508,-2.17655,0.927214,1.85718
-1.24314,-2.19161,0.937923,1.81313
-1.23549,-2.20667,0.948632,1.76907
-1.22783,-2.22172,0.959342,1.72501
-1.22018,-2.23678,0.970051,1.68095
-1.21253,-2.25184,0.980761,1.63689
-1.20487,-2.26689,0.99147,1.59283
-1.19722,-2.28195,1.00218,1.54877
-1.18956,-2.29701,1.01289,1.50471
-1.18191,-2.31207,1.0236,1.46066
-1.17425,-2.32712,1.03431,1.4166
-1.1666,-2.34218,1.04502,1.37254
-1.15894,-2.35724,1.05573,1.32848
-1.15129,-2.37229,1.06644,1.28442
-1.14363,-2.38735,1.07715,1.24036
-1.13598,-2.40241,1.08785,1.1963
-1.12832,-2.41747,1.09856,1.15225
-1.12067,-2.43252,1.10927,1.10819
-1.11301,-2.44758,1.11998,1.06413
-1.10536,-2.46264,1.13069,1.02007
-1.0977,-2.47769,1.1414,0.976011
-1.09005,-2.49275,1.15211,0.931953
-1.08239,-2.50781,1.16282,0.887894
-1.07474,-2.52286,1.17353,0.843835
-1.06709,-2.53792,1.18424,0.799777
-1.05943,-2.55298,1.19495,0.755718
-1.05178,-2.56804,1.20566,0.711659
-1.04412,-2.58309,1.21637,0.667601
-1.03647,-2.59815,1.22708,0.623542
-1.02881,-2.61321,1.23779,0.579483
-1.02116,-2.62826,1.2485,0.535425
-1.0135,-2.64332,1.2592,0.491366
-1.00585,-2.65838,1.26991,0.447307
-0.998193,-2.67343,1.28062,0.403249
-0.990538,-2.68849,1.29133,0.35919
-0.982883,-2.70355,1.30204,0.315132
-0.975229,-2.71861,1.31275,0.271073
-0.967574,-2.73366,1.32346,0.227014
-0.959919,-2.74872,1.33417,0.182956
-0.952264,-2.76378,1.34488,0.138897
-0.94461,-2.77883,1.35559,0.0948383
-0.936955,-2.79389,1.3663,0.0507796
-0.9293,-2.80895,1.37701,0.00672099
-0.920204,-2.82672,1.37817,0.0100085
-0.911108,-2.8445,1.37933,0.013296
-0.902012,-2.86227,1.3805,0.0165835
-0.892916,-2.88004,1.38166,0.019871
-0.88382,-2.89782,1.38283,0.0231585
-0.874724,-2.91559,1.38399,0.026446
-0.865628,-2.93336,1.38515,0.0297335
-0.856532,-2.95114,1.38632,0.033021
-0.847436,-2.96891,1.38748,0.0363085
-0.83834,-2.98669,1.38864,0.039596
-0.829244,-3.00446,1.38981,0.0428835
-0.820148,-3.02223,1.39097,0.046171
-0.811052,-3.04001,1.39213,0.0494585
-0.801956,-3.05778,1.3933,0.052746
-0.79286,-3.07556,1.39446,0.0560335
-0.783764,-3.09333,1.39562,0.059321
-0.774668,-3.1111,1.39679,0.0626085
-0.765572,-3.12888,1.39795,0.065896
-0.756476,-3.14665,1.39911,0.0691835
-0.747379,-3.16442,1.40028,0.072471
-0.738283,-3.1822,1.40144,0.0757585
-0.729187,-3.19997,1.40261,0.079046
-0.720091,-3.21775,1.40377,0.0823335
-0.710995,-3.23552,1.40493,0.085621
-0.701899,-3.25329,1.4061,0.0889086
-0.692803,-3.27107,1.40726,0.0921961
-0.683707,-3.28884,1.40842,0.0954836
-0.674611,-3.30661,1.40959,0.0987711
-0.665515,-3.32439,1.41075,0.102059
-0.656419,-3.34216,1.41191,0.105346
-0.647323,-3.35994,1.41308,0.108634
-0.638227,-3.37771,1.41424,0.111921
-0.629131,-3.39548,1.4154,0.115209
-0.620035,-3.41326,1.41657,0.118496
-0.610939,-3.43103,1.41773,0.121784
-0.601843,-3.44881,1.4189,0.125071
-0.592747,-3.46658,1.42006,0.128359
-0.583651,-3.48435,1.42122,0.131646
-0.574555,-3.50213,1.42239,0.134934
-0.565459,-3.5199,1.42355,0.138221
-0.556363,-3.53767,1.42471,0.141509
-0.547267,-3.55545,1.42588,0.144796
-0.538171,-3.57322,1.42704,0.148084
-0.529075,-3.591,1.4282,0.151371
-0.519978,-3.60877,1.42937,0.154659
-0.510882,-3.62654,1.43053,0.157946
-0.501786,-3.64432,1.43169,0.161234
-0.49269,-3.66209,1.43286,0.164521
-0.483594,-3.67986,1.43402,0.167809
-0.474498,-3.69764,1.43518,0.171096
-0.479897,-3.71614,1.42985,0.151661
-0.485296,-3.73465,1.42452,0.132225
-0.490694,-3.75315,1.41919,0.11279
-0.496093,-3.77166,1.41386,0.0933547
-0.501492,-3.79016,1.40853,0.0739193
-0.50689,-3.80867,1.4032,0.054484
-0.512289,-3.82717,1.39787,0.0350486
-0.517688,-3.84568,1.39254,0.0156132
-0.523086,-3.86418,1.38721,-0.00382213
-0.528485,-3.88269,1.38188,-0.0232575
-0.533884,-3.90119,1.37655,-0.0426928
-0.539282,-3.9197,1.37122,-0.0621282
-0.544681,-3.93821,1.36589,-0.0815636
-0.55008,-3.95671,1.36056,-0.100999
-0.555478,-3.97522,1.35523,-0.120434
-0.560877,-3.99372,1.3499,-0.13987
-0.566276,-4.01223,1.34457,-0.159305
-0.571674,-4.03073,1.33923,-0.17874
-0.577073,-4.04924,1.3339,-0.198176
-0.582472,-4.06774,1.32857,-0.217611
-0.58787,-4.08625,1.32324,-0.237046
-0.593269,-4.10475,1.31791,-0.256482
-0.598668,-4.12326,1.31258,-0.275917
-0.604066,-4.14176,1.30725,-0.295353
-0.609465,-4.16027,1.30192,-0.314788
-0.614864,-4.17877,1.29659,-0.334223
-0.620262,-4.19728,1.29126,-0.353659
-0.625661,-4.21578,1.28593,-0.373094
-0.63106,-4.23429,1.2806,-0.392529
-0.636458,-4.25279,1.27527,-0.411965
-0.641857,-4.2713,1.26994,-0.4314
-0.647256,-4.2898,1.26461,-0.450835
-0.652654,-4.30831,1.25928,-0.470271
-0.658053,-4.32681,1.25395,-0.489706
-0.663452,-4.34532,1.24861,-0.509141
-0.66885,-4.36382,1.24328,-0.528577
-0.674249,-4.38233,1.23795,-0.548012
-0.679648,-4.40083,1.23262,-0.567448
-0.685046,-4.41934,1.22729,-0.586883
-0.690445,-4.43784,1.22196,-0.606318
-0.695844,-4.45635,1.21663,-0.625754
-0.701242,-4.47485,1.2113,-0.645189
-0.706641,-4.49336,1.20597,-0.664624
-0.71204,-4.51186,1.20064,-0.68406
-0.717438,-4.53037,1.19531,-0.703495
-0.722837,-4.54887,1.18998,-0.72293
-0.728236,-4.56738,1.18465,-0.742366
-0.733634,-4.58588,1.17932,-0.761801
-0.739033,-4.60439,1.17399,-0.781237
-0.744432,-4.62289,1.16866,-0.800672
-0.76337,-4.62931,1.16906,-0.818568
-0.782309,-4.63573,1.16946,-0.836464
-0.801248,-4.64214,1.16986,-0.85436
-0.820187,-4.64856,1.17026,-0.872256
-0.839126,-4.65497,1.17067,-0.890152
-0.858064,-4.66139,1.17107,-0.908048
-0.877003,-4.6678,1.17147,-0.925944
-0.895942,-4.67422,1.17187,-0.94384
-0.914881,-4.68064,1.17227,-0.961736
-0.933819,-4.68705,1.17267,-0.979631
-0.952758,-4.69347,1.17308,-0.997527
-0.971697,-4.69988,1.17348,-1.01542
-0.990636,-4.7063,1.17388,-1.03332
-1.00957,-4.71271,1.17428,-1.05122
-1.02851,-4.71913,1.17468,-1.06911
-1.04745,-4.72555,1.17509,-1.08701
-1.06639,-4.73196,1.17549,-1.1049
-1.08533,-4.73838,1.17589,-1.1228
-1.10427,-4.74479,1.17629,-1.1407
-1.12321,-4.75121,1.17669,-1.15859
-1.14215,-4.75762,1.17709,-1.17649
-1.16108,-4.76404,1.1775,-1.19438
-1.18002,-4.77046,1.1779,-1.21228
-1.19896,-4.77687,1.1783,-1.23017
-1.2179,-4.78329,1.1787,-1.24807
-1.23684,-4.7897,1.1791,-1.26597
-1.25578,-4.79612,1.1795,-1.28386
-1.27472,-4.80253,1.17991,-1.30176
-1.29366,-4.80895,1.18031,-1.31965
-1.31259,-4.81537,1.18071,-1.33755
-1.33153,-4.82178,1.18111,-1.35545
-1.35047,-4.8282,1.18151,-1.37334
-1.36941,-4.83461,1.18192,-1.39124
-1.38835,-4.84103,1.18232,-1.40913
-1.40729,-4.84744,1.18272,-1.42703
-1.42623,-4.85386,1.18312,-1.44493
-1.44517,-4.86028,1.18352,-1.46282
-1.46411,-4.86669,1.18392,-1.48072
-1.48304,-4.87311,1.18433,-1.49861
-1.50198,-4.87952,1.18473,-1.51651
-1.52092,-4.88594,1.18513,-1.53441
-1.53986,-4.89235,1.18553,-1.5523
-1.5588,-4.89877,1.18593,-1.5702
-1.57774,-4.90519,1.18634,-1.58809
-1.59668,-4.9116,1.18674,-1.60599
-1.61562,-4.91802,1.18714,-1.62389
-1.63455,-4.92443,1.18754,-1.64178
-1.65349,-4.93085,1.18794,-1.65968
-1.67243,-4.93726,1.18834,-1.67757
-1.69137,-4.94368,1.18875,-1.69547
-1.70726,-4.94803,1.20009,-1.67778
-1.72314,-4.95239,1.21144,-1.66008
-1.73903,-4.95674,1.22278,-1.64239
-1.75491,-4.9611,1.23413,-1.6247
-1.7708,-4.96545,1.24547,-1.60701
-1.78668,-4.9698,1.25681,-1.58931
-1.80257,-4.97416,1.26816,-1.57162
-1.81845,-4.97851,1.2795,-1.55393
-1.83434,-4.98287,1.29085,-1.53623
-1.85022,-4.98722,1.30219,-1.51854
-1.86611,-4.99158,1.31354,-1.50085
-1.88199,-4.99593,1.32488,-1.48315
-1.89788,-5.00028,1.33623,-1.46546
-1.91376,-5.00464,1.34757,-1.44777
-1.92965,-5.00899,1.35892,-1.43008
-1.94553,-5.01335,1.37026,-1.41238
-1.96142,-5.0177,1.38161,-1.39469
-1.9773,-5.02205,1.39295,-1.377
-1.99319,-5.02641,1.40429,-1.3593
-2.00908,-5.03076,1.41564,-1.34161
-2.02496,-5.03512,1.42698,-1.32392
-2.04085,-5.03947,1.43833,-1.30622
-2.05673,-5.04382,1.44967,-1.28853
-2.07262,-5.04818,1.46102,-1.27084
-2.0885,-5.05253,1.47236,-1.25315
-2.10439,-5.05689,1.48371,-1.23545
-2.12027,-5.06124,1.49505,-1.21776
-2.13616,-5.06559,1.5064,-1.20007
-2.15204,-5.06995,1.51774,-1.18237
-2.16793,-5.0743,1.52909,-1.16468
-2.18381,-5.07866,1.54043,-1.14699
-2.1997,-5.08301,1.55177,-1.1293
-2.21558,-5.08736,1.56312,-1.1116
-2.23147,-5.09172,1.57446,-1.09391
-2.24735,-5.09607,1.58581,-1.07622
-2.26324,-5.10043,1.59715,-1.05852
-2.27912,-5.10478,1.6085,-1.04083
-2.29501,-5.10913,1.61984,-1.02314
-2.3109,-5.11349,1.63119,-1.00544
-2.32678,-5.11784,1.64253,-0.987752
-2.34267,-5.1222,1.65388,-0.970059
-2.35855,-5.12655,1.66522,-0.952366
-2.37444,-5.13091,1.67657,-0.934673
-2.39032,-5.13526,1.68791,-0.91698
-2.40621,-5.13961,1.69926,-0.899287
-2.42209,-5.14397,1.7106,-0.881594
-2.43798,-5.14832,1.72194,-0.863901
-2.45386,-5.15268,1.73329,-0.846208
-2.46975,-5.15703,1.74463,-0.828515
-2.48563,-5.16138,1.75598,-0.810822
-2.50144,-5.1492,1.7547,-0.840538
-2.51725,-5.13701,1.75343,-0.870255
-2.53306,-5.12483,1.75215,-0.899971
-2.54887,-5.11265,1.75088,-0.929688
-2.56468,-5.10046,1.74961,-0.959404
-2.58049,-5.08828,1.74833,-0.98912
-2.59629,-5.07609,1.74706,-1.01884
-2.6121,-5.06391,1.74578,-1.04855
-2.62791,-5.05172,1.74451,-1.07827
-2.64372,-5.03954,1.74323,-1.10799
-2.65953,-5.02736,1.74196,-1.1377
-2.67534,-5.01517,1.74068,-1.16742
-2.69115,-5.00299,1.73941,-1.19713
-2.70696,-4.9908,1.73814,-1.22685
-2.72276,-4.97862,1.73686,-1.25657
-2.73857,-4.96643,1.73559,-1.28628
-2.75438,-4.95425,1.73431,-1.316
-2.77019,-4.94206,1.73304,-1.34572
-2.786,-4.92988,1.73176,-1.37543
-2.80181,-4.9177,1.73049,-1.40515
-2.81762,-4.90551,1.72921,-1.43487
-2.83343,-4.89333,1.72794,-1.46458
-2.84923,-4.88114,1.72666,-1.4943
-2.86504,-4.86896,1.72539,-1.52401
-2.88085,-4.85677,1.72412,-1.55373
-2.89666,-4.84459,1.72284,-1.58345
-2.91247,-4.83241,1.72157,-1.61316
-2.92828,-4.82022,1.72029,-1.64288
-2.94409,-4.80804,1.71902,-1.6726
-2.9599,-4.79585,1.71774,-1.70231
-2.9757,-4.78367,1.71647,-1.73203
-2.99151,-4.77148,1.71519,-1.76175
-3.00732,-4.7593,1.71392,-1.79146
-3.02313,-4.74711,1.71265,-1.82118
-3.03894,-4.73493,1.71137,-1.85089
-3.05475,-4.72275,1.7101,-1.88061
-3.07056,-4.71056,1.70882,-1.91033
-3.08637,-4.69838,1.70755,-1.94004
-3.10217,-4.68619,1.70627,-1.96976
-3.11798,-4.67401,1.705,-1.99948
-3.13379,-4.66182,1.70372,-2.02919
-3.1496,-4.64964,1.70245,-2.05891
-3.16541,-4.63746,1.70117,-2.08863
-3.18122,-4.62527,1.6999,-2.11834
-3.19703,-4.61309,1.69863,-2.14806
-3.21284,-4.6009,1.69735,-2.17777
-3.22864,-4.58872,1.69608,-2.20749
-3.24445,-4.57653,1.6948,-2.23721
-3.26026,-4.56435,1.69353,-2.26692
-3.27607,-4.55216,1.69225,-2.29664
-3.29535,-4.54687,1.69285,-2.2864
-3.31463,-4.54158,1.69345,-2.27616
-3.3339,-4.53629,1.69405,-2.26592
-3.35318,-4.531,1.69465,-2.25569
-3.37246,-4.52571,1.69525,-2.24545
-3.39174,-4.52042,1.69585,-2.23521
-3.41102,-4.51513,1.69645,-2.22497
-3.43029,-4.50983,1.69705,-2.21473
-3.44957,-4.50454,1.69765,-2.20449
-3.46885,-4.49925,1.69825,-2.19426
-3.48813,-4.49396,1.69885,-2.18402
-3.50741,-4.48867,1.69944,-2.17378
-3.52669,-4.48338,1.70004,-2.16354
-3.54596,-4.47809,1.70064,-2.1533
-3.56524,-4.47279,1.70124,-2.14306
-3.58452,-4.4675,1.70184,-2.13282
-3.6038,-4.46221,1.70244,-2.12259
-3.62308,-4.45692,1.70304,-2.11235
-3.64235,-4.45163,1.70364,-2.10211
-3.66163,-4.44634,1.70424,-2.09187
-3.68091,-4.44105,1.70484,-2.08163
-3.70019,-4.43576,1.70544,-2.07139
-3.71947,-4.43046,1.70604,-2.06115
-3.73874,-4.42517,1.70664,-2.05092
-3.75802,-4.41988,1.70724,-2.04068
-3.7773,-4.41459,1.70783,-2.03044
-3.79658,-4.4093,1.70843,-2.0202
-3.81586,-4.40401,1.70903,-2.00996
-3.83513,-4.39872,1.70963,-1.99972
-3.85441,-4.39342,1.71023,-1.98948
-3.87369,-4.38813,1.71083,-1.97925
-3.89297,-4.38284,1.71143,-1.96901
-3.91225,-4.37755,1.71203,-1.95877
-3.93152,-4.37226,1.71263,-1.94853
-3.9508,-4.36697,1.71323,-1.93829
-3.97008,-4.36168,1.71383,-1.92805
-3.98936,-4.35639,1.71443,-1.91782
-4.00864,-4.35109,1.71503,-1.90758
-4.02791,-4.3458,1.71563,-1.89734
-4.04719,-4.34051,1.71622,-1.8871
-4.06647,-4.33522,1.71682,-1.87686
-4.08575,-4.32993,1.71742,-1.86662
-4.10503,-4.32464,1.71802,-1.85638
-4.1243,-4.31935,1.71862,-1.84615
-4.14358,-4.31406,1.71922,-1.83591
-4.16286,-4.30876,1.71982,-1.82567
-4.18214,-4.30347,1.72042,-1.81543
-4.20142,-4.29818,1.72102,-1.80519
-4.22069,-4.29289,1.72162,-1.79495
-4.23997,-4.2876,1.72222,-1.78471
-4.22825,-4.27142,1.72313,-1.77556
-4.21653,-4.25524,1.72404,-1.76641
-4.20481,-4.23906,1.72495,-1.75725
-4.19309,-4.22288,1.72586,-1.7481
-4.18137,-4.2067,1.72677,-1.73895
-4.16965,-4.19051,1.72768,-1.72979
-4.15793,-4.17433,1.72859,-1.72064
-4.14621,-4.15815,1.7295,-1.71148
-4.13449,-4.14197,1.73041,-1.70233
-4.12277,-4.12579,1.73132,-1.69318
-4.11105,-4.10961,1.73223,-1.68402
-4.09933,-4.09343,1.73314,-1.67487
-4.08761,-4.07725,1.73405,-1.66572
-4.07589,-4.06107,1.73496,-1.65656
-4.06417,-4.04489,1.73587,-1.64741
-4.05245,-4.02871,1.73678,-1.63825
-4.04073,-4.01253,1.73769,-1.6291
-4.02901,-3.99635,1.7386,-1.61995
-4.01729,-3.98017,1.73951,-1.61079
-4.00557,-3.96399,1.74042,-1.60164
-3.99385,-3.94781,1.74133,-1.59249
-3.98213,-3.93162,1.74224,-1.58333
-3.97041,-3.91544,1.74315,-1.57418
-3.95869,-3.89926,1.74406,-1.56502
-3.94697,-3.88308,1.74498,-1.55587
-3.93525,-3.8669,1.74589,-1.54672
-3.92353,-3.85072,1.7468,-1.53756
-3.91181,-3.83454,1.74771,-1.52841
-3.90009,-3.81836,1.74862,-1.51926
-3.88837,-3.80218,1.74953,-1.5101
-3.87665,-3.786,1.75044,-1.50095
-3.86493,-3.76982,1.75135,-1.49179
-3.85321,-3.75364,1.75226,-1.48264
-3.84149,-3.73746,1.75317,-1.47349
-3.82977,-3.72128,1.75408,-1.46433
-3.81805,-3.7051,1.75499,-1.45518
-3.80633,-3.68892,1.7559,-1.44603
-3.79461,-3.67273,1.75681,-1.43687
-3.78289,-3.65655,1.75772,-1.42772
-3.77117,-3.64037,1.75863,-1.41857
-3.75945,-3.62419,1.75954,-1.40941
-3.74773,-3.60801,1.76045,-1.40026
-3.73601,-3.59183,1.76136,-1.3911
-3.72429,-3.57565,1.76227,-1.38195
-3.71257,-3.55947,1.76318,-1.3728
-3.70085,-3.54329,1.76409,-1.36364
-3.68913,-3.52711,1.765,-1.35449
-3.67741,-3.51093,1.76591,-1.34534
-3.66569,-3.49475,1.76682,-1.33618
-3.65397,-3.47857,1.76773,-1.32703
-3.63434,-3.47571,1.76517,-1.37695
-3.61472,-3.47284,1.76261,-1.42687
-3.59509,-3.46998,1.76005,-1.4768
-3.57546,-3.46712,1.75748,-1.52672
-3.55583,-3.46426,1.75492,-1.57664
-3.53621,-3.4614,1.75236,-1.62657
-3.51658,-3.45854,1.7498,-1.67649
-3.49695,-3.45568,1.74723,-1.72641
-3.47732,-3.45281,1.74467,-1.77634
-3.45769,-3.44995,1.74211,-1.82626
-3.43807,-3.44709,1.73955,-1.87618
-3.41844,-3.44423,1.73698,-1.92611
-3.39881,-3.44137,1.73442,-1.97603
-3.37918,-3.43851,1.73186,-2.02595
-3.35956,-3.43565,1.7293,-2.07587
-3.33993,-3.43278,1.72673,-2.1258
-3.3203,-3.42992,1.72417,-2.17572
-3.30067,-3.42706,1.72161,-2.22564
-3.28105,-3.4242,1.71905,-2.27557
-3.26142,-3.42134,1.71648,-2.32549
-3.24179,-3.41848,1.71392,-2.37541
-3.22216,-3.41562,1.71136,-2.42534
-3.20253,-3.41275,1.7088,-2.47526
-3.18291,-3.40989,1.70623,-2.52518
-3.16328,-3.40703,1.70367,-2.57511
-3.14365,-3.40417,1.70111,-2.62503
-3.12402,-3.40131,1.69855,-2.67495
-3.1044,-3.39845,1.69598,-2.72488
-3.08477,-3.39559,1.69342,-2.7748
-3.06514,-3.39272,1.69086,-2.82472
-3.04551,-3.38986,1.6883,-2.87464
-3.02589,-3.387,1.68573,-2.92457
-3.00626,-3.38414,1.68317,-2.97449
-2.98663,-3.38128,1.68061,-3.02441
-2.967,-3.37842,1.67805,-3.07434
-2.94738,-3.37556,1.67548,-3.12426
-2.92775,-3.37269,1.67292,3.109
-2.90812,-3.36983,1.67036,3.05908
-2.88849,-3.36697,1.6678,3.00916
-2.86886,-3.36411,1.66523,2.95923
-2.84924,-3.36125,1.66267,2.90931
-2.82961,-3.35839,1.66011,2.85939
-2.80998,-3.35553,1.65755,2.80946
-2.79035,-3.35266,1.65499,2.75954
-2.77073,-3.3498,1.65242,2.70962
-2.7511,-3.34694,1.64986,2.65969
-2.73147,-3.34408,1.6473,2.60977
-2.71184,-3.34122,1.64474,2.55985
-2.69222,-3.33836,1.64217,2.50992
-2.67259,-3.3355,1.63961,2.46
-2.66232,-3.31884,1.63545,2.44531
-2.65205,-3.30219,1.6313,2.43062
-2.64178,-3.28554,1.62714,2.41594
-2.63151,-3.26889,1.62298,2.40125
-2.62124,-3.25224,1.61883,2.38656
-2.61097,-3.23559,1.61467,2.37187
-2.6007,-3.21894,1.61051,2.35718
-2.59043,-3.20229,1.60635,2.34249
-2.58016,-3.18564,1.6022,2.3278
-2.56989,-3.16898,1.59804,2.31311
-2.55963,-3.15233,1.59388,2.29843
-2.54936,-3.13568,1.58973,2.28374
-2.53909,-3.11903,1.58557,2.26905
-2.52882,-3.10238,1.58141,2.25436
-2.51855,-3.08573,1.57725,2.23967
-2.50828,-3.06908,1.5731,2.22498
-2.49801,-3.05243,1.56894,2.21029
-2.48774,-3.03577,1.56478,2.19561
-2.47747,-3.01912,1.56063,2.18092
-2.4672,-3.00247,1.55647,2.16623
-2.45693,-2.98582,1.55231,2.15154
-2.44666,-2.96917,1.54816,2.13685
-2.43639,-2.95252,1.544,2.12216
-2.42612,-2.93587,1.53984,2.10747
-2.41585,-2.91922,1.53568,2.09278
-2.40559,-2.90257,1.53153,2.0781
-2.39532,-2.88591,1.52737,2.06341
-2.38505,-2.86926,1.52321,2.04872
-2.37478,-2.85261,1.51906,2.03403
-2.36451,-2.83596,1.5149,2.01934
-2.35424,-2.81931,1.51074,2.00465
-2.34397,-2.80266,1.50659,1.98996
-2.3337,-2.78601,1.50243,1.97527
-2.32343,-2.76936,1.49827,1.96059
-2.31316,-2.75271,1.49411,1.9459
-2.30289,-2.73605,1.48996,1.93121
-2.29262,-2.7194,1.4858,1.91652
-2.28235,-2.70275,1.48164,1.90183
-2.27208,-2.6861,1.47749,1.88714
-2.26182,-2.66945,1.47333,1.87245
-2.25155,-2.6528,1.46917,1.85777
-2.24128,-2.63615,1.46501,1.84308
-2.23101,-2.6195,1.46086,1.82839
-2.22074,-2.60285,1.4567,1.8137
-2.21047,-2.58619,1.45254,1.79901
-2.2002,-2.56954,1.44839,1.78432
-2.18993,-2.55289,1.44423,1.76963
-2.17966,-2.53624,1.44007,1.75494
-2.16939,-2.51959,1.43592,1.74026
-2.15912,-2.50294,1.43176,1.72557
-2.14696,-2.48718,1.43366,1.74674
-2.1348,-2.47141,1.43555,1.76791
-2.12264,-2.45565,1.43745,1.78908
-2.11047,-2.43989,1.43935,1.81026
-2.09831,-2.42412,1.44124,1.83143
-2.08615,-2.40836,1.44314,1.8526
-2.07399,-2.3926,1.44504,1.87377
-2.06182,-2.37683,1.44693,1.89495
-2.04966,-2.36107,1.44883,1.91612
-2.0375,-2.34531,1.45073,1.93729
-2.02534,-2.32954,1.45262,1.95846
-2.01317,-2.31378,1.45452,1.97964
-2.00101,-2.29802,1.45642,2.00081
-1.98885,-2.28225,1.45831,2.02198
-1.97669,-2.26649,1.46021,2.04315
-1.96452,-2.25073,1.46211,2.06433
-1.95236,-2.23496,1.464,2.0855
-1.9402,-2.2192,1.4659,2.10667
-1.92804,-2.20344,1.4678,2.12784
-1.91588,-2.18767,1.46969,2.14902
-1.90371,-2.17191,1.47159,2.17019
-1.89155,-2.15615,1.47349,2.19136
-1.87939,-2.14038,1.47538,2.21253
-1.86723,-2.12462,1.47728,2.23371
-1.85506,-2.10886,1.47918,2.25488
-1.8429,-2.09309,1.48108,2.27605
-1.83074,-2.07733,1.48297,2.29722
-1.81858,-2.06157,1.48487,2.31839
-1.80641,-2.0458,1.48677,2.33957
-1.79425,-2.03004,1.48866,2.36074
-1.78209,-2.01428,1.49056,2.38191
-1.76993,-1.99851,1.49246,2.40308
-1.75777,-1.98275,1.49435,2.42426
-1.7456,-1.96699,1.49625,2.44543
-1.73344,-1.95122,1.49815,2.4666
-1.72128,-1.93546,1.50004,2.48777
-1.70912,-1.9197,1.50194,2.50895
-1.69695,-1.90394,1.50384,2.53012
-1.68479,-1.88817,1.50573,2.55129
-1.67263,-1.87241,1.50763,2.57246
-1.66047,-1.85665,1.50953,2.59364
-1.6483,-1.84088,1.51142,2.61481
-1.63614,-1.82512,1.51332,2.63598
-1.62398,-1.80936,1.51522,2.65715
-1.61182,-1.79359,1.51711,2.67833
-1.59965,-1.77783,1.51901,2.6995
-1.58749,-1.76207,1.52091,2.72067
-1.57533,-1.7463,1.5228,2.74184
-1.56317,-1.73054,1.5247,2.76302
-1.55101,-1.71478,1.5266,2.78419
-1.53973,-1.69832,1.5281,2.81074
-1.52846,-1.68187,1.5296,2.83729
-1.51719,-1.66542,1.5311,2.86385
-1.50592,-1.64896,1.53261,2.8904
-1.49465,-1.63251,1.53411,2.91695
-1.48338,-1.61606,1.53561,2.9435
-1.47211,-1.5996,1.53711,2.97006
-1.46084,-1.58315,1.53861,2.99661
-1.44957,-1.5667,1.54012,3.02316
-1.4383,-1.55024,1.54162,3.04971
-1.42702,-1.53379,1.54312,3.07627
-1.41575,-1.51734,1.54462,3.10282
-1.40448,-1.50088,1.54612,3.12937
-1.39321,-1.48443,1.54762,-3.12726
-1.38194,-1.46798,1.54913,-3.10071
-1.37067,-1.45152,1.55063,-3.07416
-1.3594,-1.43507,1.55213,-3.0476
-1.34813,-1.41862,1.55363,-3.02105
-1.33686,-1.40216,1.55513,-2.9945
-1.32559,-1.38571,1.55664,-2.96795
-1.31431,-1.36926,1.55814,-2.94139
-1.30304,-1.35281,1.55964,-2.91484
-1.29177,-1.33635,1.56114,-2.88829
-1.2805,-1.3199,1.56264,-2.86173
-1.26923,-1.30345,1.56415,-2.83518
-1.25796,-1.28699,1.56565,-2.80863
-1.24669,-1.27054,1.56715,-2.78208
-1.23542,-1.25409,1.56865,-2.75552
-1.22415,-1.23763,1.57015,-2.72897
-1.21288,-1.22118,1.57165,-2.70242
-1.2016,-1.20473,1.57316,-2.67587
-1.19033,-1.18827,1.57466,-2.64931
-1.17906,-1.17182,1.57616,-2.62276
-1.16779,-1.15537,1.57766,-2.59621
-1.15652,-1.13891,1.57916,-2.56966
-1.14525,-1.12246,1.58067,-2.5431
-1.13398,-1.10601,1.58217,-2.51655
-1.12271,-1.08955,1.58367,-2.49
-1.11144,-1.0731,1.58517,-2.46345
-1.10017,-1.05665,1.58667,-2.43689
-1.08889,-1.04019,1.58818,-2.41034
-1.07762,-1.02374,1.58968,-2.38379
-1.06635,-1.00729,1.59118,-2.35724
-1.05508,-0.990834,1.59268,-2.33068
-1.04381,-0.974381,1.59418,-2.30413
-1.03254,-0.957927,1.59568,-2.27758
-1.02127,-0.941474,1.59719,-2.25103
-1.01,-0.925021,1.59869,-2.22447
-0.998727,-0.908568,1.60019,-2.19792
-0.987456,-0.892114,1.60169,-2.17137
-0.97633,-0.875503,1.60118,-2.17291
-0.965204,-0.858891,1.60066,-2.17444
-0.954078,-0.842279,1.60015,-2.17598
-0.942952,-0.825668,1.59963,-2.17752
-0.931826,-0.809056,1.59912,-2.17906
-0.9207,-0.792444,1.5986,-2.1806
-0.909574,-0.775833,1.59808,-2.18214
-0.898448,-0.759221,1.59757,-2.18368
-0.887322,-0.742609,1.59705,-2.18522
-0.876196,-0.725998,1.59654,-2.18676
-0.86507,-0.709386,1.59602,-2.18829
-0.853944,-0.692774,1.59551,-2.18983
-0.842818,-0.676163,1.59499,-2.19137
-0.831692,-0.659551,1.59448,-2.19291
-0.820566,-0.64294,1.59396,-2.19445
-0.80944,-0.626328,1.59345,-2.19599
-0.798314,-0.609716,1.59293,-2.19753
-0.787189,-0.593105,1.59241,-2.19907
-0.776063,-0.576493,1.5919,-2.2006
-0.764937,-0.559881,1.59138,-2.20214
-0.753811,-0.54327,1.59087,-2.20368
-0.742685,-0.526658,1.59035,-2.20522
-0.731559,-0.510046,1.58984,-2.20676
-0.720433,-0.493435,1.58932,-2.2083
-0.709307,-0.476823,1.58881,-2.20984
-0.698181,-0.460211,1.58829,-2.21138
-0.687055,-0.4436,1.58778,-2.21291
-0.675929,-0.426988,1.58726,-2.21445
-0.664803,-0.410376,1.58674,-2.21599
-0.653677,-0.393765,1.58623,-2.21753
-0.642551,-0.377153,1.58571,-2.21907
-0.631425,-0.360541,1.5852,-2.22061
-0.620299,-0.34393,1.58468,-2.22215
-0.609173,-0.327318,1.58417,-2.22369
-0.598047,-0.310706,1.58365,-2.22523
-0.586921,-0.294095,1.58314,-2.22676
-0.575795,-0.277483,1.58262,-2.2283
-0.564669,-0.260871,1.58211,-2.22984
-0.553543,-0.24426,1.58159,-2.23138
-0.542417,-0.227648,1.58108,-2.23292
-0.531291,-0.211036,1.58056,-2.23446
-0.520165,-0.194425,1.58004,-2.236
-0.50904,-0.177813,1.57953,-2.23754
-0.497914,-0.161201,1.57901,-2.23907
-0.486788,-0.14459,1.5785,-2.24061
-0.475662,-0.127978,1.57798,-2.24215
-0.464536,-0.111366,1.57747,-2.24369
-0.45341,-0.0947546,1.57695,-2.24523
-0.442284,-0.078143,1.57644,-2.24677
-0.431158,-0.0615313,1.57592,-2.24831
-0.440143,-0.0443522,1.57101,-2.25074
-0.449129,-0.027173,1.56609,-2.25317
-0.458114,-0.0099939,1.56118,-2.2556
-0.467099,0.00718524,1.55627,-2.25804
-0.476085,0.0243644,1.55135,-2.26047
-0.48507,0.0415435,1.54644,-2.2629
-0.494056,0.0587226,1.54153,-2.26533
-0.503041,0.0759018,1.53662,-2.26777
-0.512026,0.0930809,1.5317,-2.2702
-0.521012,0.11026,1.52679,-2.27263
-0.529997,0.127439,1.52188,-2.27506
-0.538983,0.144618,1.51696,-2.2775
-0.547968,0.161797,1.51205,-2.27993
-0.556953,0.178977,1.50714,-2.28236
-0.565939,0.196156,1.50222,-2.28479
-0.574924,0.213335,1.49731,-2.28723
-0.58391,0.230514,1.4924,-2.28966
-0.592895,0.247693,1.48748,-2.29209
-0.60188,0.264872,1.48257,-2.29452
-0.610866,0.282051,1.47766,-2.29695
-0.619851,0.299231,1.47274,-2.29939
-0.628837,0.31641,1.46783,-2.30182
-0.637822,0.333589,1.46292,-2.30425
-0.646807,0.350768,1.458,-2.30668
-0.655793,0.367947,1.45309,-2.30912
-0.664778,0.385126,1.44818,-2.31155
-0.673764,0.402305,1.44326,-2.31398
-0.682749,0.419484,1.43835,-2.31641
-0.691735,0.436664,1.43344,-2.31885
-0.70072,0.453843,1.42852,-2.32128
-0.709705,0.471022,1.42361,-2.32371
-0.718691,0.488201,1.4187,-2.32614
-0.727676,0.50538,1.41378,-2.32858
-0.736662,0.522559,1.40887,-2.33101
-0.745647,0.539738,1.40396,-2.33344
-0.754632,0.556918,1.39904,-2.33587
-0.763618,0.574097,1.39413,-2.33831
-0.772603,0.591276,1.38922,-2.34074
-0.781589,0.608455,1.38431,-2.34317
-0.790574,0.625634,1.37939,-2.3456
-0.799559,0.642813,1.37448,-2.34803
-0.808545,0.659992,1.36957,-2.35047
-0.81753,0.677172,1.36465,-2.3529
-0.826516,0.694351,1.35974,-2.35533
-0.835501,0.71153,1.35483,-2.35776
-0.844486,0.728709,1.34991,-2.3602
-0.853472,0.745888,1.345,-2.36263
-0.862457,0.763067,1.34009,-2.36506
-0.871443,0.780246,1.33517,-2.36749
-0.880428,0.797425,1.33026,-2.36993
-0.864664,0.809734,1.33033,-2.37512
-0.8489,0.822042,1.3304,-2.38032
-0.833136,0.83435,1.33048,-2.38552
-0.817372,0.846658,1.33055,-2.39072
-0.801608,0.858966,1.33062,-2.39591
-0.785844,0.871274,1.33069,-2.40111
-0.77008,0.883582,1.33076,-2.40631
-0.754316,0.895891,1.33083,-2.41151
-0.738552,0.908199,1.33091,-2.41671
-0.722788,0.920507,1.33098,-2.4219
-0.707024,0.932815,1.33105,-2.4271
-0.69126,0.945123,1.33112,-2.4323
-0.675496,0.957431,1.33119,-2.4375
-0.659732,0.969739,1.33127,-2.44269
-0.643968,0.982048,1.33134,-2.44789
-0.628204,0.994356,1.33141,-2.45309
-0.61244,1.00666,1.33148,-2.45829
-0.596676,1.01897,1.33155,-2.46349
-0.580912,1.03128,1.33162,-2.46868
-0.565147,1.04359,1.3317,-2.47388
-0.549383,1.0559,1.33177,-2.47908
-0.533619,1.0682,1.33184,-2.48428
-0.517855,1.08051,1.33191,-2.48947
-0.502091,1.09282,1.33198,-2.49467
-0.486327,1.10513,1.33206,-2.49987
-0.470563,1.11744,1.33213,-2.50507
-0.454799,1.12975,1.3322,-2.51026
-0.439035,1.14205,1.33227,-2.51546
-0.423271,1.15436,1.33234,-2.52066
-0.407507,1.16667,1.33241,-2.52586
-0.391743,1.17898,1.33249,-2.53106
-0.375979,1.19129,1.33256,-2.53625
-0.360215,1.20359,1.33263,-2.54145
-0.344451,1.2159,1.3327,-2.54665
-0.328687,1.22821,1.33277,-2.55185
-0.312923,1.24052,1.33285,-2.55704
-0.297159,1.25283,1.33292,-2.56224
-0.281395,1.26513,1.33299,-2.56744
-0.265631,1.27744,1.33306,-2.57264
-0.249867,1.28975,1.33313,-2.57783
-0.234103,1.30206,1.33321,-2.58303
-0.218339,1.31437,1.33328,-2.58823
-0.202575,1.32668,1.33335,-2.59343
-0.186811,1.33898,1.33342,-2.59863
-0.171047,1.35129,1.33349,-2.60382
-0.155283,1.3636,1.33356