3.51608,-2.36374,0.793686,-3.08197
3.49958,-2.35261,0.795651,-3.02114
3.48307,-2.34148,0.797616,-2.96031
3.46657,-2.33036,0.79958,-2.89947
3.45007,-2.31923,0.801545,-2.83864
3.43357,-2.3081,0.80351,-2.77781
3.41707,-2.29697,0.805475,-2.71698
3.40057,-2.28584,0.80744,-2.65614
3.38406,-2.27471,0.809405,-2.59531
3.36756,-2.26359,0.81137,-2.53448
3.35106,-2.25246,0.813335,-2.47364
3.33456,-2.24133,0.8153,-2.41281
3.31806,-2.2302,0.817265,-2.35198
3.30156,-2.21907,0.819229,-2.29114
3.28506,-2.20794,0.821194,-2.23031
3.26855,-2.19682,0.823159,-2.16948
3.25205,-2.18569,0.825124,-2.10864
3.23555,-2.17456,0.827089,-2.04781
3.21905,-2.16343,0.829054,-1.98698
3.20255,-2.1523,0.831019,-1.92615
3.18605,-2.14117,0.832984,-1.86531
3.16954,-2.13005,0.834949,-1.80448
3.15304,-2.11892,0.836913,-1.74365
3.13654,-2.10779,0.838878,-1.68281
3.12004,-2.09666,0.840843,-1.62198
3.10354,-2.08553,0.842808,-1.56115
3.08704,-2.0744,0.844773,-1.50031
3.07054,-2.06328,0.846738,-1.43948
3.05403,-2.05215,0.848703,-1.37865
3.03753,-2.04102,0.850668,-1.31781
3.02103,-2.02989,0.852633,-1.25698
3.00453,-2.01876,0.854597,-1.19615
2.98803,-2.00763,0.856562,-1.13531
2.97153,-1.99651,0.858527,-1.07448
2.95503,-1.98538,0.860492,-1.01365
2.93852,-1.97425,0.862457,-0.952816
2.92202,-1.96312,0.864422,-0.891983
2.90552,-1.95199,0.866387,-0.831149
2.88902,-1.94086,0.868352,-0.770316
2.87252,-1.92974,0.870317,-0.709483
2.85602,-1.91861,0.872281,-0.64865
2.83951,-1.90748,0.874246,-0.587817
2.82301,-1.89635,0.876211,-0.526984
2.80651,-1.88522,0.878176,-0.466151
2.79001,-1.87409,0.880141,-0.405318
2.77351,-1.86297,0.882106,-0.344485
2.75701,-1.85184,0.884071,-0.283652
2.74051,-1.84071,0.886036,-0.222819
2.724,-1.82958,0.888001,-0.161985
2.7075,-1.81845,0.889965,-0.101152
2.9136,-2.03024,0.933048,-0.969309
2.91353,-2.01393,0.925878,-1.04472
2.91346,-1.99761,0.918709,-1.12014
2.91339,-1.9813,0.911539,-1.19555
2.91333,-1.96498,0.90437,-1.27097
2.91326,-1.94867,0.8972,-1.34638
2.91319,-1.93235,0.890031,-1.4218
2.91312,-1.91604,0.882861,-1.49721
2.91305,-1.89972,0.875692,-1.57262
2.91298,-1.88341,0.868522,-1.64804
2.91291,-1.86709,0.861353,-1.72345
2.91284,-1.85078,0.854183,-1.79887
2.91278,-1.83446,0.847014,-1.87428
2.91271,-1.81814,0.839844,-1.9497
2.91264,-1.80183,0.832675,-2.02511
2.91257,-1.78551,0.825505,-2.10052
2.9125,-1.7692,0.818336,-2.17594
2.91243,-1.75288,0.811167,-2.25135
2.91236,-1.73657,0.803997,-2.32677
2.91229,-1.72025,0.796828,-2.40218
2.91222,-1.70394,0.789658,-2.4776
2.91216,-1.68762,0.782489,-2.55301
2.91209,-1.67131,0.775319,-2.62843
2.91202,-1.65499,0.76815,-2.70384
2.91195,-1.63868,0.76098,-2.77925
2.91188,-1.62236,0.753811,-2.85467
2.91181,-1.60605,0.746641,-2.93008
2.91174,-1.58973,0.739472,-3.0055
2.91167,-1.57341,0.732302,-3.08091
2.91161,-1.5571,0.725133,3.12686
2.91154,-1.54078,0.717963,3.05144
2.91147,-1.52447,0.710794,2.97603
2.9114,-1.50815,0.703624,2.90062
2.91133,-1.49184,0.696455,2.8252
2.91126,-1.47552,0.689285,2.74979
2.91119,-1.45921,0.682116,2.67437
2.91112,-1.44289,0.674946,2.59896
2.91105,-1.42658,0.667777,2.52354
2.91099,-1.41026,0.660607,2.44813
2.91092,-1.39395,0.653438,2.37271
2.91085,-1.37763,0.646268,2.2973
2.89143,-1.37401,0.643112,2.29076
2.87202,-1.3704,0.639956,2.28423
2.8526,-1.36678,0.6368,2.27769
2.83319,-1.36317,0.633644,2.27116
2.81377,-1.35955,0.630487,2.26462
2.79435,-1.35594,0.627331,2.25809
2.77494,-1.35232,0.624175,2.25155
2.75552,-1.34871,0.621019,2.24501
2.73611,-1.34509,0.617863,2.23848
2.71669,-1.34148,0.614706,2.23194
2.69728,-1.33786,0.61155,2.22541
2.67786,-1.33425,0.608394,2.21887
2.65844,-1.33063,0.605238,2.21233
2.63903,-1.32702,0.602082,2.2058
2.61961,-1.3234,0.598925,2.19926
2.6002,-1.31978,0.595769,2.19273
2.58078,-1.31617,0.592613,2.18619
2.56137,-1.31255,0.589457,2.17966
2.54195,-1.30894,0.586301,2.17312
2.52254,-1.30532,0.583144,2.16658
2.50312,-1.30171,0.579988,2.16005
2.4837,-1.29809,0.576832,2.15351
2.46429,-1.29448,0.573676,2.14698
2.44487,-1.29086,0.57052,2.14044
2.42546,-1.28725,0.567363,2.1339
2.40604,-1.28363,0.564207,2.12737
2.38663,-1.28002,0.561051,2.12083
2.36721,-1.2764,0.557895,2.1143
2.34779,-1.27279,0.554739,2.10776
2.32838,-1.26917,0.551582,2.10123
2.30896,-1.26555,0.548426,2.09469
2.28955,-1.26194,0.54527,2.08815
2.27013,-1.25832,0.542114,2.08162
2.25072,-1.25471,0.538958,2.07508
2.2313,-1.25109,0.535801,2.06855
2.21188,-1.24748,0.532645,2.06201
2.19247,-1.24386,0.529489,2.05547
2.17305,-1.24025,0.526333,2.04894
2.15558,-1.23699,0.523492,2.04306
2.16653,-1.25305,0.528234,2.0308
2.17747,-1.2691,0.532975,2.01853
2.18842,-1.28515,0.537716,2.00627
2.19936,-1.30121,0.542458,1.99401
2.21031,-1.31726,0.547199,1.98175
2.22125,-1.33332,0.551941,1.96949
2.2322,-1.34937,0.556682,1.95723
2.24314,-1.36542,0.561424,1.94497
2.25409,-1.38148,0.566165,1.93271
2.26503,-1.39753,0.570906,1.92044
2.27598,-1.41358,0.575648,1.90818
2.28693,-1.42964,0.580389,1.89592
2.29787,-1.44569,0.585131,1.88366
2.30882,-1.46174,0.589872,1.8714
2.31976,-1.4778,0.594613,1.85914
2.33071,-1.49385,0.599355,1.84688
2.34165,-1.5099,0.604096,1.83462
2.3526,-1.52596,0.608838,1.82235
2.36354,-1.54201,0.613579,1.81009
2.37449,-1.55806,0.61832,1.79783
2.38543,-1.57412,0.623062,1.78557
2.39638,-1.59017,0.627803,1.77331
2.40733,-1.60623,0.632545,1.76105
2.41827,-1.62228,0.637286,1.74879
2.42922,-1.63833,0.642028,1.73653
2.44016,-1.65439,0.646769,1.72426
2.45111,-1.67044,0.65151,1.712
2.46205,-1.68649,0.656252,1.69974
2.473,-1.70255,0.660993,1.68748
2.48394,-1.7186,0.665735,1.67522
2.49489,-1.73465,0.670476,1.66296
2.50583,-1.75071,0.675217,1.6507
2.51678,-1.76676,0.679959,1.63844
2.52773,-1.78281,0.6847,1.62617
2.53867,-1.79887,0.689442,1.61391
2.54962,-1.81492,0.694183,1.60165
2.56056,-1.83097,0.698924,1.58939
2.57151,-1.84703,0.703666,1.57713
2.58245,-1.86308,0.708407,1.56487
2.5934,-1.87914,0.713149,1.55261
2.60434,-1.89519,0.71789,1.54035
2.61529,-1.91124,0.722631,1.52808
2.62623,-1.9273,0.727373,1.51582
2.63718,-1.94335,0.732114,1.50356
2.64813,-1.9594,0.736856,1.4913
2.65907,-1.97546,0.741597,1.47904
2.67002,-1.99151,0.746339,1.46678
2.68096,-2.00756,0.75108,1.45452
2.69191,-2.02362,0.755821,1.44226
2.70285,-2.03967,0.760563,1.42999
2.72141,-2.04647,0.763589,1.44051
2.73998,-2.05328,0.766615,1.45102
2.75854,-2.06008,0.769641,1.46154
2.7771,-2.06688,0.772667,1.47205
2.79566,-2.07368,0.775694,1.48257
2.81423,-2.08049,0.77872,1.49308
2.83279,-2.08729,0.781746,1.5036
2.85135,-2.09409,0.784772,1.51411
2.86991,-2.1009,0.787798,1.52463
2.88848,-2.1077,0.790824,1.53514
2.90704,-2.1145,0.793851,1.54565
2.9256,-2.1213,0.796877,1.55617
2.94416,-2.12811,0.799903,1.56668
2.96273,-2.13491,0.802929,1.5772
2.98129,-2.14171,0.805955,1.58771
2.99985,-2.14852,0.808982,1.59823
3.01841,-2.15532,0.812008,1.60874
3.03698,-2.16212,0.815034,1.61926
3.05554,-2.16892,0.81806,1.62977
3.0741,-2.17573,0.821086,1.64029
3.09266,-2.18253,0.824112,1.6508
3.11123,-2.18933,0.827139,1.66132
3.12979,-2.19614,0.830165,1.67183
3.14835,-2.20294,0.833191,1.68234
3.16691,-2.20974,0.836217,1.69286
3.18548,-2.21654,0.839243,1.70337
3.20404,-2.22335,0.842269,1.71389
3.2226,-2.23015,0.845296,1.7244
3.24116,-2.23695,0.848322,1.73492
3.25973,-2.24376,0.851348,1.74543
3.27829,-2.25056,0.854374,1.75595
3.29685,-2.25736,0.8574,1.76646
3.31541,-2.26416,0.860426,1.77698
3.33398,-2.27097,0.863453,1.78749
3.35254,-2.27777,0.866479,1.798
3.3711,-2.28457,0.869505,1.80852
3.38966,-2.29138,0.872531,1.81903
3.40822,-2.29818,0.875557,1.82955
3.42679,-2.30498,0.878583,1.84006
3.44535,-2.31178,0.88161,1.85058
3.46391,-2.31859,0.884636,1.86109
3.48247,-2.32539,0.887662,1.87161
3.50104,-2.33219,0.890688,1.88212
3.5196,-2.339,0.893714,1.89264
3.53816,-2.3458,0.89674,1.90315
3.55672,-2.3526,0.899767,1.91367
3.57529,-2.3594,0.902793,1.92418
3.59385,-2.36621,0.905819,1.93469
3.61241,-2.37301,0.908845,1.94521
3.63097,-2.37981,0.911871,1.95572
3.64487,-2.39419,0.911687,2.00934
3.65877,-2.40857,0.911502,2.06296
3.67267,-2.42295,0.911317,2.11659
3.68657,-2.43733,0.911132,2.17021
3.70047,-2.45171,0.910947,2.22383
3.71436,-2.4661,0.910762,2.27745
3.72826,-2.48048,0.910577,2.33107
3.74216,-2.49486,0.910393,2.38469
3.75606,-2.50924,0.910208,2.43831
3.76996,-2.52362,0.910023,2.49193
3.78386,-2.538,0.909838,2.54555
32,-3.67254,0.940283,3.11387
-2.85164,-3.65475,0.944627,3.13804
-2.85968,-3.63696,0.948971,-3.12096
-2.86773,-3.61917,0.953315,-3.09678
-2.87577,-3.60139,0.95766,-3.07261
-2.88382,-3.5836,0.962004,-3.04843
-2.89186,-3.56581,0.966348,-3.02425
-2.89991,-3.54802,0.970692,-3.00007
-2.90795,-3.53023,0.975036,-2.97589
-2.91599,-3.51244,0.97938,-2.95171
-2.92404,-3.49466,0.983724,-2.92753
-2.93208,-3.47687,0.988068,-2.90336
-2.94013,-3.45908,0.992412,-2.87918
-2.94817,-3.44129,0.996756,-2.855
-2.95622,-3.4235,1.0011,-2.83082
-2.96426,-3.40572,1.00544,-2.80664
-2.9723,-3.38793,1.00979,-2.78246
-2.97792,-3.36891,1.01237,-2.78545
-2.98353,-3.34988,1.01495,-2.78844
-2.98914,-3.33086,1.01753,-2.79143
-2.99475,-3.31184,1.02011,-2.79443
-3.00036,-3.29282,1.02269,-2.79742
-3.00597,-3.27379,1.02527,-2.80041
-3.01158,-3.25477,1.02785,-2.8034
-3.0172,-3.23575,1.03043,-2.80639
-3.02281,-3.21673,1.03301,-2.80938
-3.02842,-3.1977,1.03559,-2.81237
-3.03403,-3.17868,1.03817,-2.81536
-3.03964,-3.15966,1.04075,-2.81835
-3.04525,-3.14064,1.04333,-2.82134
-3.05086,-3.12161,1.04592,-2.82433
-3.05648,-3.10259,1.0485,-2.82732
-3.06209,-3.08357,1.05108,-2.83031
-3.0677,-3.06455,1.05366,-2.8333
-3.07331,-3.04552,1.05624,-2.8363
-3.07892,-3.0265,1.05882,-2.83929
-3.08453,-3.00748,1.0614,-2.84228
-3.09014,-2.98846,1.06398,-2.84527
-3.09576,-2.96943,1.06656,-2.84826
-3.10137,-2.95041,1.06914,-2.85125
-3.10698,-2.93139,1.07172,-2.85424
-3.11259,-2.91237,1.0743,-2.85723
-3.1182,-2.89334,1.07688,-2.86022
-3.12381,-2.87432,1.07946,-2.86321
-3.12942,-2.8553,1.08204,-2.8662
-3.13504,-2.83628,1.08462,-2.86919
-3.14065,-2.81725,1.0872,-2.87218
-3.14626,-2.79823,1.08978,-2.87517
-3.15187,-2.77921,1.09236,-2.87817
-3.15748,-2.76019,1.09494,-2.88116
-3.16309,-2.74117,1.09752,-2.88415
-3.1687,-2.72214,1.10011,-2.88714
-3.17432,-2.70312,1.10269,-2.89013
-3.17993,-2.6841,1.10527,-2.89312
-3.18554,-2.66508,1.10785,-2.89611
-3.19115,-2.64605,1.11043,-2.8991
-3.19676,-2.62703,1.11301,-2.90209
-3.20237,-2.60801,1.11559,-2.90508
-3.20798,-2.58899,1.11817,-2.90807
-3.2136,-2.56996,1.12075,-2.91106
-3.21921,-2.55094,1.12333,-2.91405
-3.22482,-2.53192,1.12591,-2.91704
-3.23043,-2.5129,1.12849,-2.92004
-3.23604,-2.49387,1.13107,-2.92303
-3.24165,-2.47485,1.13365,-2.92602
-3.24726,-2.45583,1.13623,-2.92901
-3.25288,-2.43681,1.13881,-2.932
-3.26299,-2.42001,1.14277,-2.89545
-3.2731,-2.40322,1.14674,-2.8589
-3.28321,-2.38642,1.1507,-2.82236
-3.29332,-2.36963,1.15466,-2.78581
-3.30343,-2.35283,1.15862,-2.74926
-3.31354,-2.33604,1.16259,-2.71272
-3.32365,-2.31924,1.16655,-2.67617
-3.33376,-2.30245,1.17051,-2.63962
-3.34387,-2.28565,1.17447,-2.60308
-3.35398,-2.26886,1.17843,-2.56653
-3.3641,-2.25206,1.1824,-2.52998
-3.37421,-2.23527,1.18636,-2.49344
-3.38432,-2.21847,1.19032,-2.45689
-3.39443,-2.20168,1.19428,-2.42034
-3.40454,-2.18488,1.19824,-2.38379
-3.41465,-2.16809,1.20221,-2.34725
-3.42476,-2.15129,1.20617,-2.3107
-3.43487,-2.1345,1.21013,-2.27415
-3.44498,-2.1177,1.21409,-2.23761
-3.45509,-2.10091,1.21805,-2.20106
-3.4652,-2.08411,1.22202,-2.16451
-3.47531,-2.06732,1.22598,-2.12797
-3.48542,-2.05052,1.22994,-2.09142
-3.49554,-2.03373,1.2339,-2.05487
-3.50565,-2.01693,1.23786,-2.01833
-3.51576,-2.00014,1.24183,-1.98178
-3.52587,-1.98334,1.24579,-1.94523
-3.53598,-1.96654,1.24975,-1.90869
-3.54609,-1.94975,1.25371,-1.87214
-3.5562,-1.93295,1.25767,-1.83559
-3.56631,-1.91616,1.26164,-1.79904
-3.57642,-1.89936,1.2656,-1.7625
-3.58653,-1.88257,1.26956,-1.72595
-3.59664,-1.86577,1.27352,-1.6894
-3.60675,-1.84898,1.27748,-1.65286
-3.61687,-1.83218,1.28145,-1.61631
-3.62698,-1.81539,1.28541,-1.57976
-3.63709,-1.79859,1.28937,-1.54322
-3.6472,-1.7818,1.29333,-1.50667
-3.65731,-1.765,1.2973,-1.47012
-3.66742,-1.74821,1.30126,-1.43358
-3.67753,-1.73141,1.30522,-1.39703
-3.68764,-1.71462,1.30918,-1.36048
-3.69775,-1.69782,1.31314,-1.32394
-3.70786,-1.68103,1.31711,-1.28739
-3.71797,-1.66423,1.32107,-1.25084
-3.72808,-1.64744,1.32503,-1.21429
-3.7382,-1.63064,1.32899,-1.17775
-3.74831,-1.61385,1.33295,-1.1412
-3.75842,-1.59705,1.33692,-1.10465
-3.75145,-1.57839,1.33515,-1.14624
-3.74448,-1.55973,1.33338,-1.18783
-3.73751,-1.54106,1.33161,-1.22942
-3.73054,-1.5224,1.32984,-1.27101
-3.72357,-1.50374,1.32808,-1.3126
-3.7166,-1.48508,1.32631,-1.35419
-3.70964,-1.46641,1.32454,-1.39578
-3.70267,-1.44775,1.32277,-1.43737
-3.6957,-1.42909,1.32101,-1.47896
-3.68873,-1.41042,1.31924,-1.52055
-3.68176,-1.39176,1.31747,-1.56214
-3.67479,-1.3731,1.3157,-1.60372
-3.66782,-1.35443,1.31393,-1.64531
-3.66086,-1.33577,1.31217,-1.6869
-3.65389,-1.31711,1.3104,-1.72849
-3.64692,-1.29844,1.30863,-1.77008
-3.63995,-1.27978,1.30686,-1.81167
-3.63298,-1.26112,1.30509,-1.85326
-3.62601,-1.24245,1.30333,-1.89485
-3.61904,-1.22379,1.30156,-1.93644
-3.61207,-1.20513,1.29979,-1.97803
-3.60511,-1.18647,1.29802,-2.01962
-3.59814,-1.1678,1.29625,-2.06121
-3.59117,-1.14914,1.29449,-2.10279
-3.5842,-1.13048,1.29272,-2.14438
-3.57723,-1.11181,1.29095,-2.18597
-3.57026,-1.09315,1.28918,-2.22756
-3.56329,-1.07449,1.28742,-2.26915
-3.55632,-1.05582,1.28565,-2.31074
-3.54936,-1.03716,1.28388,-2.35233
-3.54239,-1.0185,1.28211,-2.39392
-3.53542,-0.999835,1.28034,-2.43551
-3.52845,-0.981171,1.27858,-2.4771
-3.52148,-0.962508,1.27681,-2.51869
-3.51451,-0.943845,1.27504,-2.56028
-3.50754,-0.925182,1.27327,-2.60187
-3.50057,-0.906519,1.2715,-2.64345
-3.49361,-0.887856,1.26974,-2.68504
-3.48664,-0.869193,1.26797,-2.72663
-3.47967,-0.85053,1.2662,-2.76822
-3.4727,-0.831867,1.26443,-2.80981
-3.46573,-0.813203,1.26267,-2.8514
-3.45876,-0.79454,1.2609,-2.89299
-3.45179,-0.775877,1.25913,-2.93458
-3.44482,-0.757214,1.25736,-2.97617
-3.43786,-0.738551,1.25559,-3.01776
-3.43089,-0.719888,1.25383,-3.05935
-3.42392,-0.701225,1.25206,-3.10094
-3.41695,-0.682562,1.25029,3.14066
-3.40998,-0.663899,1.24852,3.09907
-3.4241,-0.650594,1.24366,3.08891
-3.43822,-0.637288,1.23879,3.07875
-3.45233,-0.623983,1.23393,3.0686
-3.46645,-0.610678,1.22907,3.05844
-3.48057,-0.597373,1.2242,3.04828
-3.49469,-0.584068,1.21934,3.03812
-3.50881,-0.570763,1.21447,3.02796
-3.52292,-0.557458,1.20961,3.0178
-3.53704,-0.544153,1.20474,3.00764
-3.55116,-0.530848,1.19988,2.99749
-3.56528,-0.517543,1.19501,2.98733
-3.5794,-0.504238,1.19015,2.97717
-3.59351,-0.490933,1.18529,2.96701
-3.60763,-0.477628,1.18042,2.95685
-3.62175,-0.464323,1.17556,2.94669
-3.63587,-0.451018,1.17069,2.93653
-3.64998,-0.437713,1.16583,2.92638
-3.6641,-0.424408,1.16096,2.91622
-3.67822,-0.411103,1.1561,2.90606
-3.69234,-0.397798,1.15123,2.8959
-3.70646,-0.384493,1.14637,2.88574
-3.72057,-0.371187,1.14151,2.87558
-3.73469,-0.357882,1.13664,2.86542
-3.74881,-0.344577,1.13178,2.85527
-3.76293,-0.331272,1.12691,2.84511
-3.77704,-0.317967,1.12205,2.83495
-3.79116,-0.304662,1.11718,2.82479
-3.80528,-0.291357,1.11232,2.81463
-3.8194,-0.278052,1.10745,2.80447
-3.83352,-0.264747,1.10259,2.79431
-3.84763,-0.251442,1.09773,2.78416
-3.86175,-0.238137,1.09286,2.774
-3.87587,-0.224832,1.088,2.76384
-3.88999,-0.211527,1.08313,2.75368
-3.90411,-0.198222,1.07827,2.74352
-3.91822,-0.184917,1.0734,2.73336
-3.93234,-0.171612,1.06854,2.7232
-3.94646,-0.158307,1.06367,2.71304
-3.96058,-0.145002,1.05881,2.70289
-3.97469,-0.131697,1.05395,2.69273
-3.98881,-0.118392,1.04908,2.68257
-4.00293,-0.105087,1.04422,2.67241
-4.01705,-0.0917815,1.03935,2.66225
-4.03117,-0.0784764,1.03449,2.65209
-4.04528,-0.0651714,1.02962,2.64193
-4.0594,-0.0518663,1.02476,2.63178
-4.07352,-0.0385613,1.01989,2.62162
-4.08764,-0.0252562,1.01503,2.61146
-4.10175,-0.0119512,1.01017,2.6013
-4.11587,0.00135387,1.0053,2.59114
-4.11638,-0.0185848,1.00382,2.61492
-4.11689,-0.0385234,1.00234,2.63869
-4.1174,-0.0584621,1.00086,2.66246
-4.11791,-0.0784007,0.999379,2.68624
-4.11842,-0.0983393,0.997899,2.71001
-4.11893,-0.118278,0.996419,2.73378
-4.11943,-0.138217,0.994938,2.75756
-4.11994,-0.158155,0.993458,2.78133
-4.12045,-0.178094,0.991977,2.8051
-4.12096,-0.198033,0.990497,2.82888
-4.12147,-0.217971,0.989017,2.85265
-4.12198,-0.23791,0.987536,2.87642
-4.12249,-0.257848,0.986056,2.9002
-4.123,-0.277787,0.984575,2.92397
-4.1235,-0.297726,0.983095,2.94774
-4.12401,-0.317664,0.981615,2.97152
-4.12452,-0.337603,0.980134,2.99529
-4.12503,-0.357542,0.978654,3.01906
-4.12554,-0,1.171,0.977173,3.04284
-4.12605,-0.397419,0.975693,3.06661
-4.12656,-0.417358,0.974213,3.09038
-4.12707,-0.437296,0.972732,3.11416
-4.12758,-0.457235,0.971252,3.13793
-4.12808,-0.477174,0.969771,-3.12148
-4.12859,-0.497112,0.968291,-3.09771
-4.1291,-0.517051,0.966811,-3.07394
-4.12961,-0.53699,0.96533,-3.05016
-4.13012,-0.556928,0.96385,-3.02639
-4.13063,-0.576867,0.96237,-3.00262
-4.13114,-0.596805,0.960889,-2.97884
-4.13165,-0.616744,0.959409,-2.95507
-4.13216,-0.636683,0.957928,-2.9313
-4.13266,-0.656621,0.956448,-2.90752
-4.13317,-0.67656,0.954968,-2.88375
-4.13368,-0.696499,0.953487,-2.85998
-4.13419,-0.716437,0.952007,-2.8362
-4.1347,-0.736376,0.950526,-2.81243
-4.13521,-0.756315,0.949046,-2.78866
-4.13572,-0.776253,0.947566,-2.76488
-4.13623,-0.796192,0.946085,-2.74111
-4.13673,-0.816131,0.944605,-2.71734
-4.13724,-0.836069,0.943124,-2.69356
-4.13775,-0.856008,0.941644,-2.66979
-4.13826,-0.875946,0.940164,-2.64602
-4.13877,-0.895885,0.938683,-2.62224
-4.13928,-0.915824,0.937203,-2.59847
-4.13979,-0.935762,0.935722,-2.5747
-4.1403,-0.955701,0.934242,-2.55092
-4.14081,-0.97564,0.932762,-2.52715
-4.14131,-0.995578,0.931281,-2.50337
-4.12454,-1.00528,0.936234,-2.51131
-4.10777,-1.01498,0.941187,-2.51925
-4.09099,-1.02468,0.946139,-2.52718
-4.07422,-1.03438,0.951092,-2.53512
-4.05744,-1.04408,0.956045,-2.54306
-4.04067,-1.05378,0.960997,-2.55099
-4.02389,-1.06348,0.96595,-2.55893
-4.00712,-1.07318,0.970903,-2.56687
-3.99035,-1.08288,0.975855,-2.5748
-3.97357,-1.09258,0.980808,-2.58274
-3.9568,-1.10228,0.985761,-2.59068
-3.94002,-1.11198,0.990713,-2.59861
-3.92325,-1.12168,0.995666,-2.60655
-3.90647,-1.13138,1.00062,-2.61449
-3.8897,-1.14108,1.00557,-2.62242
-3.87292,-1.15078,1.01052,-2.63036
-3.85615,-1.16048,1.01548,-2.6383
-3.83938,-1.17018,1.02043,-2.64623
-3.8226,-1.17988,1.02538,-2.65417
-3.80583,-1.18958,1.03033,-2.6621
-3.78905,-1.19928,1.03529,-2.67004
-3.77228,-1.20898,1.04024,-2.67798
-3.7555,-1.21868,1.04519,-2.68591
-3.73873,-1.22838,1.05015,-2.69385
-3.72196,-1.23808,1.0551,-2.70179
-3.70518,-1.24778,1.06005,-2.70972
-3.68841,-1.25748,1.065,-2.71766
-3.67163,-1.26718,1.06996,-2.7256
-3.65486,-1.27688,1.07491,-2.73353
-3.63808,-1.28658,1.07986,-2.74147
-3.62131,-1.29628,1.08481,-2.74941
-3.60454,-1.30598,1.08977,-2.75734
-3.58776,-1.31568,1.09472,-2.76528
-3.57099,-1.32538,1.09967,-2.77322
-3.55421,-1.33508,1.10462,-2.78115
-3.53744,-1.34478,1.10958,-2.78909
-3.52066,-1.35448,1.11453,-2.79703
-3.50389,-1.36418,1.11948,-2.80496
-3.48711,-1.37388,1.12444,-2.8129
-3.47034,-1.38358,1.12939,-2.82083
-3.45357,-1.39328,1.13434,-2.82877
-3.43679,-1.40298,1.13929,-2.83671
-3.42002,-1.41268,1.14425,-2.84464
-3.40324,-1.42238,1.1492,-2.85258
-3.38647,-1.43208,1.15415,-2.86052
-3.36969,-1.44178,1.1591,-2.86845
-3.35292,-1.45148,1.16406,-2.87639
-3.33615,-1.46118,1.16901,-2.88433
-3.31937,-1.47088,1.17396,-2.89226
-3.3026,-1.48058,1.17892,-2.9002
-3.2855,-1.49067,1.18133,-2.94123
-3.26839,-1.50076,1.18374,-2.98226
-3.25129,-1.51084,1.18615,-3.0233
-3.23419,-1.52093,1.18856,-3.06433
-3.21709,-1.53102,1.19097,-3.10536
-3.19999,-1.5411,1.19338,3.13679
-3.18289,-1.55119,1.19579,3.09576
-3.16579,-1.56128,1.1982,3.05473
-3.14869,-1.57136,1.20061,3.0137
-3.13158,-1.58145,1.20302,2.97266
-3.11448,-1.59153,1.20543,2.93163
-3.09738,-1.60162,1.20784,2.8906
-3.08028,-1.61171,1.21025,2.84957
-3.06318,-1.62179,1.21266,2.80853
-3.04608,-1.63188,1.21508,2.7675
-3.02898,-1.64197,1.21749,2.72647
-3.01188,-1.65205,1.2199,2.68544
-2.99477,-1.66214,1.22231,2.64441
-2.97767,-1.67223,1.22472,2.60337
-2.96057,-1.68231,1.22713,2.56234
-2.94347,-1.6924,1.22954,2.52131
-2.92637,-1.70249,1.23195,2.48028
-2.90927,-1.71257,1.23436,2.43924
-2.89217,-1.72266,1.23677,2.39821
-2.87507,-1.73275,1.23918,2.35718
-2.85797,-1.74283,1.24159,2.31615
-2.84086,-1.75292,1.244,2.27512
-2.82376,-1.76301,1.24641,2.23408
-2.80666,-1.77309,1.24882,2.19305
-2.78956,-1.78318,1.25124,2.15202
-2.77246,-1.79326,1.25365,2.11099
-2.75536,-1.80335,1.25606,2.06995
-2.73826,-1.81344,1.25847,2.02892
-2.72116,-1.82352,1.26088,1.98789
-2.70405,-1.83361,1.26329,1.94686
-2.68695,-1.8437,1.2657,1.90582
-2.66985,-1.85378,1.26811,1.86479
-2.65275,-1.86387,1.27052,1.82376
-2.63565,-1.87396,1.27293,1.78273
-2.61855,-1.88404,1.27534,1.7417
-2.60145,-1.89413,1.27775,1.70066
-2.58435,-1.90422,1.28016,1.65963
-2.56724,-1.9143,1.28257,1.6186
-2.55014,-1.92439,1.28498,1.57757
-2.53304,-1.93448,1.2874,1.53653
-2.51594,-1.94456,1.28981,1.4955
-2.49884,-1.95465,1.29222,1.45447
-2.48174,-1.96473,1.29463,1.41344
-2.46464,-1.97482,1.29704,1.37241
-2.44754,-1.98491,1.29945,1.33137
-2.43057,-1.99499,1.30269,1.26977
-2.4136,-2.00506,1.30592,1.20816
-2.39663,-2.01514,1.30916,1.14655
-2.37966,-2.02522,1.3124,1.08494
-2.36269,-2.0353,1.31564,1.02333
-2.34572,-2.04538,1.31888,0.961722
-2.32875,-2.05546,1.32211,0.900113
-2.31178,-2.06553,1.32535,0.838505
-2.29482,-2.07561,1.32859,0.776896
-2.27785,-2.08569,1.33183,0.715287
-2.26088,-2.09577,1.33506,0.653679
-2.24391,-2.10585,1.3383,0.59207
-2.22694,-2.11592,1.34154,0.530462
-2.20997,-2.126,1.34478,0.468853
-2.193,-2.13608,1.34802,0.407244
-2.17603,-2.14616,1.35125,0.345636
-2.15906,-2.15624,1.35449,0.284027
-2.14209,-2.16632,1.35773,0.222419
-2.12513,-2.17639,1.36097,0.16081
-2.10816,-2.18647,1.3642,0.0992013
-2.09119,-2.19655,1.36744,0.0375927
-2.07422,-2.20663,1.37068,-0.0240159
-2.05725,-2.21671,1.37392,-0.0856245
-2.04028,-2.22679,1.37716,-0.147233
-2.02331,-2.23686,1.38039,-0.208842
-2.00634,-2.24694,1.38363,-0.27045
-1.98937,-2.25702,1.38687,-0.332059
-1.97241,-2.2671,1.39011,-0.393668
-1.95544,-2.27718,1.39334,-0.455276
-1.93847,-2.28726,1.39658,-0.516885
-1.9215,-2.29733,1.39982,-0.578493
-1.90453,-2.30741,1.40306,-0.640102
-1.88756,-2.31749,1.4063,-0.701711
-1.87059,-2.32757,1.40953,-0.763319
-1.85362,-2.33765,1.41277,-0.824928
-1.83665,-2.34772,1.41601,-0.886537
-1.81968,-2.3578,1.41925,-0.948145
-1.80272,-2.36788,1.42248,-1.00975
-1.78575,-2.37796,1.42572,-1.07136
-1.76878,-2.38804,1.42896,-1.13297
-1.75181,-2.39812,1.4322,-1.19458
-1.73484,-2.40819,1.43544,-1.25619
-1.71787,-2.41827,1.43867,-1.3178
-1.7009,-2.42835,1.44191,-1.37941
-1.68393,-2.43843,1.44515,-1.44101
-1.66696,-2.44851,1.44839,-1.50262
-1.64999,-2.45859,1.45162,-1.56423
-1.63303,-2.46866,1.45486,-1.62584
-1.61606,-2.47874,1.4581,-1.68745
-1.59909,-2.48882,1.46134,-1.74906
-1.58413,-2.50209,1.46123,-1.72393
-1.56917,-2.51537,1.46112,-1.69881
-1.55421,-2.52864,1.461,-1.67368
-1.53925,-2.54191,1.46089,-1.64856
-1.52429,-2.55519,1.46078,-1.62343
-1.50933,-2.56846,1.46067,-1.59831
-1.49437,-2.58173,1.46056,-1.57318
-1.47941,-2.59501,1.46045,-1.54806
-1.46445,-2.60828,1.46034,-1.52293
-1.44949,-2.62155,1.46023,-1.49781
-1.43453,-2.63483,1.46012,-1.47268
-1.41957,-2.6481,1.46001,-1.44756
-1.40461,-2.66137,1.4599,-1.42243
-1.38965,-2.67465,1.45979,-1.39731
-1.37469,-2.68792,1.45967,-1.37218
-1.35973,-2.70119,1.45956,-1.34706
-1.34477,-2.71447,1.45945,-1.32193
-1.32981,-2.72774,1.45934,-1.29681
-1.31485,-2.74102,1.45923,-1.27168
-1.29989,-2.75429,1.45912,-1.24656
-1.28493,-2.76756,1.45901,-1.22143
-1.26997,-2.78084,1.4589,-1.1963
-1.25501,-2.79411,1.45879,-1.17118
-1.24005,-2.80738,1.45868,-1.14605
-1.22509,-2.82066,1.45857,-1.12093
-1.21013,-2.83393,1.45845,-1.0958
-1.19517,-2.8472,1.45834,-1.07068
-1.18021,-2.86048,1.45823,-1.04555
-1.16525,-2.87375,1.45812,-1.02043
-1.15029,-2.88702,1.45801,-0.995304
-1.13533,-2.9003,1.4579,-0.970179
-1.12037,-2.91357,1.45779,-0.945054
-1.10541,-2.92684,1.45768,-0.919929
-1.09044,-2.94012,1.45757,-0.894804
-1.07548,-2.95339,1.45746,-0.869679
-1.06052,-2.96666,1.45735,-0.844553
-1.04556,-2.97994,1.45724,-0.819428
-1.0306,-2.99321,1.45712,-0.794303
-1.01564,-3.00648,1.45701,-0.769178
-1.00068,-3.01976,1.4569,-0.744053
-0.985724,-3.03303,1.45679,-0.718928
-0.970764,-3.0463,1.45668,-0.693803
-0.955804,-3.05958,1.45657,-0.668678
-0.940844,-3.07285,1.45646,-0.643553
-0.925884,-3.08612,1.45635,-0.618428
-0.910924,-3.0994,1.45624,-0.593302
-0.895964,-3.11267,1.45613,-0.568177
-0.881004,-3.12594,1.45602,-0.543052
-0.866044,-3.13922,1.4559,-0.517927
-0.851084,-3.15249,1.45579,-0.492802
-0.839103,-3.16837,1.45787,-0.476546
-0.827121,-3.18425,1.45995,-0.46029
-0.81514,-3.20013,1.,0.995898,-2.59911
-1.85866,1.05416,0.996014,-2.59447
-1.87567,1.06468,0.996129,-2.58984
-1.89267,1.07521,0.996245,-2.58521
-1.90968,1.08573,0.996361,-2.58057
-1.92668,1.09626,0.996477,-2.57594
-1.94369,1.10679,0.996593,-2.57131
-1.9607,1.11731,0.996708,-2.56667
-1.9777,1.12784,0.996824,-2.56204
-1.99471,1.13837,0.99694,-2.5574
-2.01171,1.14889,0.997056,-2.55277
-2.02872,1.15942,0.997172,-2.54814
-2.04572,1.16995,0.997287,-2.5435
-2.06273,1.18047,0.997403,-2.53887
-2.07973,1.191,0.997519,-2.53424
-2.09674,1.20152,0.997635,-2.5296
-2.11374,1.21205,0.997751,-2.52497
-2.13075,1.22258,0.997866,-2.52034
-2.14775,1.2331,0.997982,-2.5157
-2.16476,1.24363,0.998098,-2.51107
-2.18177,1.25416,0.998214,-2.50644
-2.19877,1.26468,0.99833,-2.5018
-2.21578,1.27521,0.998445,-2.49717
-2.23278,1.28574,0.998561,-2.49254
-2.24979,1.29626,0.998677,-2.4879
-2.26679,1.30679,0.998793,-2.48327
-2.2838,1.31731,0.998909,-2.47863
-2.3008,1.32784,0.999024,-2.474
-2.31781,1.33837,0.99914,-2.46937
-2.33481,1.34889,0.999256,-2.46473
-2.35182,1.35942,0.999372,-2.4601
-2.36882,1.36995,0.999488,-2.45547
-2.38583,1.38047,0.999603,-2.45083
-2.40284,1.391,0.999719,-2.4462
-2.41984,1.40153,0.999835,-2.44157
-2.43685,1.41205,0.999951,-2.43693
-2.45385,1.42258,1.00007,-2.4323
-2.47086,1.4331,1.00018,-2.42767
-2.4887,1.42442,0.997712,-2.41901
-2.50655,1.41573,0.995242,-2.41035
-2.52439,1.40704,0.992771,-2.4017
-2.54223,1.39835,0.990301,-2.39304
-2.56008,1.38967,0.987831,-2.38439
-2.57792,1.38098,0.985361,-2.37573
-2.59577,1.37229,0.98289,-2.36708
-2.61361,1.3636,0.98042,-2.35842
-2.63146,1.35491,0.97795,-2.34976
-2.6493,1.34623,0.975479,-2.34111
-2.66714,1.33754,0.973009,-2.33245
-2.68499,1.32885,0.970539,-2.3238
-2.70283,1.32016,0.968068,-2.31514
-2.72068,1.31147,0.965598,-2.30648
-2.73852,1.30279,0.963128,-2.29783
-2.75637,1.2941,0.960657,-2.28917
-2.77421,1.28541,0.958187,-2.28052
-2.79205,1.27672,0.955717,-2.27186
-2.8099,1.26804,0.953247,-2.26321
-2.82774,1.25935,0.950776,-2.25455
-2.84559,1.25066,0.948306,-2.24589
-2.86343,1.24197,0.945836,-2.23724
-2.88128,1.23328,0.943365,-2.22858
-2.89912,1.2246,0.940895,-2.21993
-2.91696,1.21591,0.938425,-2.21127
-2.93481,1.20722,0.935954,-2.20262
-2.95265,1.19853,0.933484,-2.19396
-2.9705,1.18984,0.931014,-2.1853
-2.98834,1.18116,0.928543,-2.17665
-3.00619,1.17247,0.926073,-2.16799
-3.02403,1.16378,0.923603,-2.15934
-3.04187,1.15509,0.921132,-2.15068
-3.05972,1.14641,0.918662,-2.14202
-3.07756,1.13772,0.916192,-2.13337
-3.09541,1.12903,0.913722,-2.12471
-3.11325,1.12034,0.911251,-2.11606
-3.1311,1.11165,0.908781,-2.1074
-3.14894,1.10297,0.906311,-2.09875
-3.16678,1.09428,0.90384,-2.09009
-3.18463,1.08559,0.90137,-2.08143
-3.20247,1.0769,0.8989,-2.07278
-3.22032,1.06822,0.896429,-2.06412
-3.23816,1.05953,0.893959,-2.05547
-3.25601,1.05084,0.891489,-2.04681
-3.27385,1.04215,0.889018,-2.03816
-3.29169,1.03346,0.886548,-2.0295
-3.30954,1.02478,0.884078,-2.02084
-3.32738,1.01609,0.881608,-2.01219
-3.34523,1.0074,0.879137,-2.00353
-3.36307,0.998712,0.876667,-1.99488
-3.37933,1.01013,0.874325,-2.0136
-3.39558,1.02154,0.871983,-2.03232
-3.41183,1.03296,0.869641,-2.05104
-3.42809,1.04438,0.867298,-2.06976
-3.44434,1.05579,0.864956,-2.08848
-3.4606,1.06721,0.862614,-2.1072
-3.47685,1.07862,0.860272,-2.12592
-3.4931,1.09004,0.85793,-2.14464
-3.50936,1.10145,0.855588,-2.16337
-3.52561,1.11287,0.853246,-2.18209
-3.54187,1.12429,0.850904,-2.20081
-3.55812,1.1357,0.848562,-2.21953
-3.57437,1.14712,0.846219,-2.23825
-3.59063,1.15853,0.843877,-2.25697
-3.60688,1.16995,0.841535,-2.27569
-3.62314,1.18136,0.839193,-2.29441
-3.63939,1.19278,0.836851,-2.31313
-3.65564,1.2042,0.834509,-2.33185
-3.6719,1.21561,0.832167,-2.35058
-3.68815,1.22703,0.829825,-2.3693
-3.70441,1.23844,0.827483,-2.38802
-3.72066,1.24986,0.825141,-2.40674
-3.73692,1.26128,0.822798,-2.42546
-3.75317,1.27269,0.820456,-2.44418
-3.76942,1.28411,0.818114,-2.4629
-3.78568,1.29552,0.815772,-2.48162
-3.80193,1.30694,0.81343,-2.50034
-3.81819,1.31835,0.811088,-2.51907
-3.83444,1.32977,0.808746,-2.53779
-3.85069,1.34119,0.806404,-2.55651
-3.86695,1.3526,0.804062,-2.57523
-3.8832,1.36402,0.801719,-2.59395
-3.89946,1.37543,0.799377,-2.61267
-3.91571,1.38685,0.797035,-2.63139
-3.93196,1.39826,0.794693,-2.65011
-3.94822,1.40968,0.792351,-2.66883
-3.96447,1.4211,0.790009,-2.68755
-3.98073,1.43251,0.787667,-2.70628
-3.99698,1.44393,0.785325,-2.725
-4.01323,1.45534,0.782983,-2.74372
-4.02949,1.46676,0.78064,-2.76244
-4.04574,1.47817,0.778298,-2.78116
-4.062,1.48959,0.775956,-2.79988
-4.07825,1.50101,0.773614,-2.8186
-4.0945,1.51242,0.771272,-2.83732
-4.11076,1.52384,0.76893,-2.85604
-4.12701,1.53525,0.766588,-2.87477
-4.14327,1.54667,0.764246,-2.89349
-4.15952,1.55808,0.761904,-2.91221
-4.17578,1.5695,0.759562,-2.93093
-4.19466,1.56434,0.763628,-2.98892
-4.21355,1.55917,0.767695,-3.0469
-4.23244,1.55401,0.771761,-3.10489
-4.25133,1.54884,0.775828,3.12031
-4.27022,1.54368,0.779894,3.06232
-4.28911,1.53851,0.783961,3.00433
-4.308,1.53335,0.788027,2.94634
-4.32689,1.52818,0.792094,2.88835
-4.34577,1.52302,0.79616,2.83037
-4.36466,1.51785,0.800227,2.77238
-4.38355,1.51269,0.804293,2.71439
-4.40244,1.50752,0.80836,2.6564
-4.42133,1.50236,0.812426,2.59841
-4.44022,1.49719,0.816493,2.54043
-4.45911,1.49203,0.820559,2.48244
-4.478,1.48686,0.824626,2.42445
-4.49688,1.4817,0.828692,2.36646
-4.51577,1.47653,0.832759,2.30848
-4.53466,1.47137,0.836825,2.25049
-4.55355,1.4662,0.840892,2.1925
-4.57244,1.46104,0.844958,2.13451
-4.59133,1.45587,0.849025,2.07652
-4.61022,1.45071,0.853091,2.01854
-4.62911,1.44554,0.857158,1.96055
-4.64799,1.44038,0.861224,1.90256
-4.66688,1.43521,0.865291,1.84457
-4.68577,1.43005,0.869357,1.78658
-4.70466,1.42488,0.873424,1.7286
-4.72355,1.41972,0.87749,1.67061
-4.74244,1.41455,0.881557,1.61262
-4.76133,1.40939,0.885623,1.55463
-4.78022,1.40422,0.88969,1.49664
-4.79911,1.39906,0.893756,1.43866
-4.81799,1.39389,0.897823,1.38067
-4.83688,1.38873,0.901889,1.32268
-4.85577,1.38356,0.905956,1.26469
-4.87466,1.3784,0.910022,1.20671
-4.89355,1.37323,0.914089,1.14872
-4.91244,1.36807,0.918155,1.09073
-4.93133,1.3629,0.922222,1.03274
-4.95022,1.35774,0.926289,0.974754
-4.9691,1.35257,0.930355,0.916766
-4.98799,1.34741,0.934422,0.858778
-5.00688,1.34224,0.938488,0.80079
-5.02577,1.33708,0.942555,0.742802
-5.04466,1.33191,0.946621,0.684814
-5.06355,1.32675,0.950688,0.626827
-5.08244,1.32158,0.954754,0.568839
-5.10133,1.31642,0.958821,0.510851
-5.12021,1.31125,0.962887,0.452863
-5.12336,1.32954,0.970343,0.460693
-5.12651,1.34783,0.977798,0.468523
-5.12966,1.36612,0.985254,0.476353
-5.13281,1.38441,0.992709,0.484184
-5.13596,1.4027,1.00016,0.492014
-5.13911,1.42099,1.00762,0.499844
-5.14226,1.43928,1.01508,0.507674
-5.14541,1.45756,1.02253,0.515505
-5.14856,1.47585,1.02999,0.523335
-5.15171,1.49414,1.03744,0.531165
-5.15486,1.51243,1.0449,0.538995
-5.15801,1.53072,1.05235,0.546825
-5.16116,1.54901,1.05981,0.554656
-5.16431,1.5673,1.06726,0.562486
-5.16746,1.58559,1.07472,0.570316
-5.17061,1.60388,1.08218,0.578146
-5.17376,1.62217,1.08963,0.585976
-5.17691,1.64046,1.09709,0.593807
-5.18006,1.65875,1.10454,0.601637
-5.18321,1.67703,1.112,0.609467
-5.18636,1.69532,1.11945,0.617297
-5.18951,1.71361,1.12691,0.625127
-5.19266,1.7319,1.13436,0.632958
-5.19581,1.75019,1.14182,0.640788
-5.19896,1.76848,1.14928,0.648618
-5.20211,1.78677,1.15673,0.656448
-5.20526,1.80506,1.16419,0.664278
-5.20841,1.82335,1.17164,0.672109
-5.21156,1.84164,1.1791,0.679939
-5.21471,1.85993,1.18655,0.687769
-5.21786,1.87822,1.19401,0.695599
-5.22101,1.89651,1.20146,0.703429
-5.22415,1.91479,1.20892,0.71126
-5.2273,1.93308,1.21638,0.71909
-5.23045,1.95137,1.22383,0.72692
-5.2336,1.96966,1.23129,0.73475
-5.23675,1.98795,1.23874,0.74258
-5.2399,2.00624,1.2462,0.750411
-5.24305,2.02453,1.25365,0.758241
-5.2462,2.04282,1.26111,0.766071
-5.24935,2.06111,1.26856,0.773901
-5.2525,2.0794,1.27602,0.781731
-5.25565,2.09769,1.28348,0.789562
-5.2588,2.11598,1.29093,0.797392
-5.26195,2.13426,1.29839,0.805222
-5.2651,2.15255,1.30584,0.813052
-5.26825,2.17084,1.3133,0.820882
-5.2714,2.18913,1.32075,0.828713
-5.27455,2.20742,1.32821,0.836543
-5.2777,2.22571,1.33566,0.844373
-5.28458,2.24446,1.33463,0.832622
-5.29146,2.26321,1.33361,0.82087
-5.29834,2.,2.1385,0.425616
-0.389554,-6.14472,2.13714,0.416101
-0.370539,-6.15077,2.13579,0.406586
-0.351523,-6.15682,2.13443,0.397071
-0.332508,-6.16286,2.13307,0.387556
-0.313493,-6.16891,2.13171,0.378041
-0.294477,-6.17496,2.13035,0.368526
-0.275462,-6.18101,2.129,0.359011
-0.256447,-6.18705,2.12764,0.349496
-0.237431,-6.1931,2.12628,0.339981
-0.218416,-6.19915,2.12492,0.330466
-0.199401,-6.2052,2.12356,0.320951
-0.180385,-6.21124,2.12221,0.311436
-0.16137,-6.21729,2.12085,0.301921
-0.176923,-6.20534,2.11694,0.341603
-0.192475,-6.19339,2.11304,0.381285
-0.208028,-6.18143,2.10913,0.420967
-0.22358,-6.16948,2.10523,0.460649
-0.239133,-6.15753,2.10132,0.500331
-0.254686,-6.14558,2.09742,0.540012
-0.270238,-6.13362,2.09351,0.579694
-0.285791,-6.12167,2.0896,0.619376
-0.301343,-6.10972,2.0857,0.659058
-0.316896,-6.09777,2.08179,0.69874
-0.332449,-6.08581,2.07789,0.738422
-0.348001,-6.07386,2.07398,0.778104
-0.363554,-6.06191,2.07008,0.817786
-0.379106,-6.04996,2.06617,0.857468
-0.394659,-6.038,2.06227,0.89715
-0.410212,-6.02605,2.05836,0.936832
-0.425764,-6.0141,2.05445,0.976514
-0.441317,-6.00215,2.05055,1.0162
-0.456869,-5.99019,2.04664,1.05588
-0.472422,-5.97824,2.04274,1.09556
-0.487975,-5.96629,2.03883,1.13524
-0.503527,-5.95434,2.03493,1.17492
-0.51908,-5.94238,2.03102,1.21461
-0.534632,-5.93043,2.02712,1.25429
-0.550185,-5.91848,2.02321,1.29397
-0.565738,-5.90652,2.0193,1.33365
-0.58129,-5.89457,2.0154,1.37333
-0.596843,-5.88262,2.01149,1.41302
-0.612396,-5.87067,2.00759,1.4527
-0.627948,-5.85871,2.00368,1.49238
-0.643501,-5.84676,1.99978,1.53206
-0.659053,-5.83481,1.99587,1.57174
-0.674606,-5.82286,1.99197,1.61143
-0.690159,-5.8109,1.98806,1.65111
-0.705711,-5.79895,1.98415,1.69079
-0.721264,-5.787,1.98025,1.73047
-0.736816,-5.77505,1.97634,1.77015
-0.752369,-5.76309,1.97244,1.80983
-0.767922,-5.75114,1.96853,1.84952
-0.783474,-5.73919,1.96463,1.8892
-0.799027,-5.72724,1.96072,1.92888
-0.814579,-5.71528,1.95682,1.96856
-0.830132,-5.70333,1.95291,2.00824
-0.845685,-5.69138,1.949,2.04793
-0.861237,-5.67943,1.9451,2.08761
-0.87679,-5.66747,1.94119,2.12729
-0.892342,-5.65552,1.93729,2.16697
-0.907895,-5.64357,1.93338,2.20665
-0.923448,-5.63162,1.92948,2.24634
-0.939,-5.61966,1.92557,2.28602
-0.949337,-5.60258,1.9245,2.318
-0.959673,-5.58549,1.92343,2.34998
-0.970009,-5.5684,1.92236,2.38196
-0.980346,-5.55131,1.92129,2.41395
-0.990682,-5.53422,1.92022,2.44593
-1.00102,-5.51713,1.91915,2.47791
-1.01135,-5.50005,1.91808,2.50989
-1.02169,-5.48296,1.91701,2.54188
-1.03203,-5.46587,1.91593,2.57386
-1.04236,-5.44878,1.91486,2.60584
-1.0527,-5.43169,1.91379,2.63782
-1.06304,-5.4146,1.91272,2.6698
-1.07337,-5.39752,1.91165,2.70179
-1.08371,-5.38043,1.91058,2.73377
-1.09405,-5.36334,1.90951,2.76575
-1.10438,-5.34625,1.90844,2.79773
-1.11472,-5.32916,1.90737,2.82972
-1.12506,-5.31207,1.9063,2.8617
-1.13539,-5.29498,1.90523,2.89368
-1.14573,-5.2779,1.90416,2.92566
-1.15606,-5.26081,1.90309,2.95764
-1.1664,-5.24372,1.90202,2.98963
-1.17674,-5.22663,1.90095,3.02161
-1.18707,-5.20954,1.89987,3.05359
-1.19741,-5.19245,1.8988,3.08557
-1.20775,-5.17537,1.89773,3.11755
-1.21808,-5.15828,1.89666,-3.13365
-1.22842,-5.14119,1.89559,-3.10167
-1.23876,-5.1241,1.89452,-3.06968
-1.24909,-5.10701,1.89345,-3.0377
-1.25943,-5.08992,1.89238,-3.00572
-1.26976,-5.07284,1.89131,-2.97374
-1.2801,-5.05575,1.89024,-2.94176
-1.29044,-5.03866,1.88917,-2.90977
-1.30077,-5.02157,1.8881,-2.87779
-1.31111,-5.00448,1.88703,-2.84581
-1.32145,-4.98739,1.88596,-2.81383
-1.33178,-4.97031,1.88489,-2.78184
-1.34212,-4.95322,1.88381,-2.74986
-1.35246,-4.93613,1.88274,-2.71788
-1.36279,-4.91904,1.88167,-2.6859
-1.37313,-4.90195,1.8806,-2.65392
-1.38347,-4.88486,1.87953,-2.62193
-1.3938,-4.86778,1.87846,-2.58995
-1.40414,-4.85069,1.87739,-2.55797
-1.41447,-4.8336,1.87632,-2.52599
-1.42481,-4.81651,1.87525,-2.494
-1.43515,-4.79942,1.87418,-2.46202
-1.44548,-4.78233,1.87311,-2.43004
-1.45582,-4.76525,1.87204,-2.39806
-1.46035,-4.74582,1.87054,-2.3597
-1.46489,-4.7264,1.86904,-2.32134
-1.46942,-4.70698,1.86754,-2.28298
-1.47396,-4.68756,1.86604,-2.24462
-1.47849,-4.66814,1.86454,-2.20626
-1.48303,-4.64872,1.86305,-2.1679
-1.48756,-4.6293,1.86155,-2.12954
-1.4921,-4.60987,1.86005,-2.09117
-1.49663,-4.59045,1.85855,-2.05281
-1.50117,-4.57103,1.85705,-2.01445
-1.5057,-4.55161,1.85555,-1.97609
-1.51024,-4.53219,1.85405,-1.93773
-1.51477,-4.51277,1.85256,-1.89937
-1.51931,-4.49335,1.85106,-1.86101
-1.52384,-4.47392,1.84956,-1.82265
-1.52838,-4.4545,1.84806,-1.78429
-1.53291,-4.43508,1.84656,-1.74593
-1.53745,-4.41566,1.84506,-1.70757
-1.54198,-4.39624,1.84356,-1.66921
-1.54652,-4.37682,1.84207,-1.63085
-1.55105,-4.3574,1.84057,-1.59249
-1.55559,-4.33797,1.83907,-1.55413
-1.56012,-4.31855,1.83757,-1.51577
-1.56466,-4.29913,1.83607,-1.47741
-1.56919,-4.27971,1.83457,-1.43905
-1.57372,-4.26029,1.83307,-1.40069
-1.57826,-4.24087,1.83158,-1.36233
-1.58279,-4.22145,1.83008,-1.32397
-1.58733,-4.20203,1.82858,-1.28561
-1.59186,-4.1826,1.82708,-1.24724
-1.5964,-4.16318,1.82558,-1.20888
-1.60093,-4.14376,1.82408,-1.17052
-1.60547,-4.12434,1.82258,-1.13216
-1.61,-4.10492,1.82109,-1.0938
-1.61454,-4.0855,1.81959,-1.05544
-1.61907,-4.06608,1.81809,-1.01708
-1.62361,-4.04665,1.81659,-0.978722
-1.62814,-4.02723,1.81509,-0.940361
-1.63268,-4.00781,1.81359,-0.902001
-1.63721,-3.98839,1.81209,-0.86364
-1.64175,-3.96897,1.8106,-0.82528
-1.64628,-3.94955,1.8091,-0.786919
-1.65082,-3.93013,1.8076,-0.748559
-1.65535,-3.9107,1.8061,-0.710198
-1.65989,-3.89128,1.8046,-0.671838
-1.66442,-3.87186,1.8031,-0.633477
-1.66896,-3.85244,1.8016,-0.595117
-1.67349,-3.83302,1.80011,-0.556757
-1.67803,-3.8136,1.79861,-0.518396
-1.68256,-3.79418,1.79711,-0.480036
-1.69409,-3.77872,1.79181,-0.468498
-1.70562,-3.76326,1.78652,-0.456959
-1.71715,-3.7478,1.78122,-0.445421
-1.72868,-3.73234,1.77592,-0.433883
-1.74021,-3.71688,1.77062,-0.422345
-1.75174,-3.70142,1.76533,-0.410807
-1.76327,-3.68596,1.76003,-0.399269
-1.7748,-3.6705,1.75473,-0.38773
-1.78633,-3.65504,1.74944,-0.376192
-1.79786,-3.63958,1.74414,-0.364654
-1.80939,-3.62412,1.73884,-0.353116
-1.82092,-3.60866,1.73354,-0.341578
-1.83245,-3.5932,1.72825,-0.33004
-1.84398,-3.57774,1.72295,-0.318502
-1.85551,-3.56228,1.71765,-0.306963
-1.86704,-3.54682,1.71236,-0.295425
-1.87857,-3.53136,1.70706,-0.283887
-1.89009,-3.5159,1.70176,-0.272349
-1.90162,-3.50044,1.69647,-0.260811
-1.91315,-3.48498,1.69117,-0.249273
-1.92468,-3.46952,1.68587,-0.237734
-1.93621,-3.45406,1.68057,-0.226196
-1.94774,-3.4386,1.67528,-0.214658
-1.95927,-3.42314,1.66998,-0.20312
-1.9708,-3.40768,1.66468,-0.191582
-1.98233,-3.39222,1.65939,-0.180044
-1.99386,-3.37676,1.65409,-0.168505
-2.00539,-3.3613,1.64879,-0.156967
-2.01692,-3.34584,1.64349,-0.145429
-2.02845,-3.33038,1.6382,-0.133891
-2.03998,-3.31492,1.6329,-0.122353
-2.05151,-3.29946,1.6276,-0.110815
-2.06304,-3.284,1.62231,-0.0992766
-2.07457,-3.26854,1.61701,-0.0877384
-2.0861,-3.25308,1.61171,-0.0762003
-2.09763,-3.23762,1.60642,-0.0646621
-2.10916,-3.22216,1.60112,-0.0531239
-2.12069,-3.2067,1.59582,-0.0415858
-2.13222,-3.19124,1.59052,-0.0300476
-2.14375,-3.17578,1.58523,-0.0185095
-2.15528,-3.16032,1.57993,-0.00697133
-2.16681,-3.14486,1.57463,0.00456682
-2.17834,-3.1294,1.56934,0.016105
-2.18987,-3.11394,1.56404,0.0276431
-2.2014,-3.09848,1.55874,0.0391813
-2.21293,-3.08302,1.55344,0.0507194
-2.22446,-3.06756,1.54815,0.0622576
-2.23599,-3.0521,1.54285,0.0737958
-2.24751,-3.03664,1.53755,0.0853339
-2.25904,-3.02118,1.53226,0.0968721
-2.27138,-3.00544,1.53215,0.0475345
-2.28371,-2.98969,1.53205,-0.00180302
-2.29604,-2.97395,1.53195,-0.0511406
-2.30838,-2.95821,1.53184,-0.100478
-2.32071,-2.94246,1.53174,-0.149816
-2.33304,-2.92672,1.53164,-0.199153
-2.34538,-2.91097,1.53153,-0.248491
-2.35771,-2.89523,1.53143,-0.297828
-2.37004,-2.87948,1.53133,-0.347166
-2.38238,-2.86374,1.53122,-0.396503
-2.39471,-2.848,1.53112,-0.445841
-2.40704,-2.83225,1.53102,-0.495178
-2.41938,-2.81651,1.53091,-0.544516
-2.43171,-2.80076,1.53081,-0.593854
-2.44404,-2.78502,1.53071,-0.643191
-2.45638,-2.76927,1.5306,-0.692529
-2.46871,-2.75353,1.5305,-0.741866
-2.48104,-2.73779,1.5304,-0.791204
-2.49337,-2.72204,1.53029,-0.840541
-2.50571,-2.7063,1.53019,-0.889879
-2.51804,-2.690-0.1.53009,-0.939216
-2.53037,-2.67481,1.52998,-0.988554
-2.54271,-2.65906,1.52988,-1.03789
-2.55504,-2.64332,1.52978,-1.08723
-2.56737,-2.62758,1.52967,-1.13657
-2.57971,-2.61183,1.52957,-1.1859
-2.59204,-2.59609,1.52947,-1.23524
-2.60437,-2.58034,1.52936,-1.28458
-2.61671,-2.5646,1.52926,-1.33392
-2.62904,-2.54885,1.52916,-1.38325
-2.64137,-2.53311,1.52906,-1.43259
-2.65371,-2.51737,1.52895,-1.48193
-2.66604,-2.50162,1.52885,-1.53127
-2.67837,-2.48588,1.52875,-1.5806
-2.69071,-2.47013,1.52864,-1.62994
-2.70304,-2.45439,1.52854,-1.67928
-2.71537,-2.43864,1.52844,-1.72862
-2.72771,-2.4229,1.52833,-1.77795
-2.74004,-2.40716,1.52823,-1.82729
-2.75237,-2.39141,1.52813,-1.87663
-2.7647,-2.37567,1.52802,-1.92597
-2.77704,-2.35992,1.52792,-1.9753
-2.78937,-2.34418,1.52782,-2.02464
-2.8017,-2.32843,1.52771,-2.07398
-2.81404,-2.31269,1.52761,-2.12332
-2.82637,-2.29695,1.52751,-2.17265
-2.8387,-2.2812,1.5274,-2.22199
-2.85104,-2.26546,1.5273,-2.27133
-2.86337,-2.24971,1.5272,-2.32067
-2.8757,-2.23397,1.52709,-2.37
-2.88386,-2.21594,1.5242,-2.39041
-2.89201,-2.1979,1.5213,-2.41082
-2.90016,-2.17987,1.51841,-2.43123
-2.90831,-2.16184,1.51551,-2.45164
-2.91646,-2.14381,1.51261,-2.47205
-2.92462,-2.12578,1.50972,-2.49246
-2.93277,-2.10774,1.50682,-2.51287
-2.94092,-2.08971,1.50393,-2.53328
-2.94907,-2.07168,1.50103,-2.55368
-2.95722,-2.05365,1.49814,-2.57409
-2.96538,-2.03562,1.49524,-2.5945
-2.97353,-2.01758,1.49235,-2.61491
-2.98168,-1.99955,1.48945,-2.63532
-2.98983,-1.98152,1.48655,-2.65573
-2.99798,-1.96349,1.48366,-2.67614
-3.00614,-1.94545,1.48076,-2.69655
-3.01429,-1.92742,1.47787,-2.71695
-3.02244,-1.90939,1.47497,-2.73736
-3.03059,-1.89136,1.47208,-2.75777
-3.03874,-1.87333,1.46918,-2.77818
-3.0469,-1.85529,1.46628,-2.79859
-3.05505,-1.83726,1.46339,-2.819
-3.0632,-1.81923,1.46049,-2.83941
-3.07135,-1.8012,1.4576,-2.85982
-3.0795,-1.78316,1.4547,-2.88022
-3.08766,-1.76513,1.45181,-2.90063
-3.09581,-1.7471,1.44891,-2.92104
-3.10396,-1.72907,1.44601,-2.94145
-3.11211,-1.71104,1.44312,-2.96186
-3.12027,-1.693,1.44022,-2.98227
-3.12842,-1.67497,1.43733,-3.00268
-3.13657,-1.65694,1.43443,-3.02309
-3.14472,-1.63891,1.43154,-3.04349
-3.15287,-1.62088,1.42864,-3.0639
-3.16103,-1.60284,1.42575,-3.08431
-3.16918,-1.58481,1.42285,-3.10472
-3.17733,-1.56678,1.41995,-3.12513
-3.18548,-1.54875,1.41706,3.13765
-3.19363,-1.53071,1.41416,3.11724
-3.20179,-1.51268,1.41127,3.09683
-3.20994,-1.49465,1.40837,3.07642
-3.21809,-1.47662,1.40548,3.05601
-3.22624,-1.45859,1.40258,3.0356
-3.23439,-1.44055,1.39968,3.01519
-3.24255,-1.42252,1.39679,2.99479
-3.2507,-1.40449,1.39389,2.97438
-3.25885,-1.38646,1.391,2.95397
-3.267,-1.36843,1.3881,2.93356
-3.27515,-1.35039,1.38521,2.91315
-3.28331,-1.33236,1.38231,2.89274
-3.30048,-1.32231,1.38024,2.87349
-3.31765,-1.31227,1.37818,2.85423
-3.33481,-1.30222,1.37611,2.83497
-3.35198,-1.29217,1.37405,2.81572
-3.36915,-1.28213,1.37198,2.79646
-3.38632,-1.27208,1.36991,2.77721
-3.40349,-1.26203,1.36785,2.75795
-3.42066,-1.25198,1.36578,2.73869
-3.43783,-1.24194,1.36371,2.71944
-3.455,-1.23189,1.36165,2.70018
-3.47217,-1.22184,1.35958,2.68092
-3.48934,-1.2118,1.35751,2.66167
-3.50651,-1.20175,1.35545,2.64241
-3.52368,-1.1917,1.35338,2.62316
-3.54085,-1.18166,1.35132,2.6039
-3.55802,-1.17161,1.34925,2.58464
-3.57519,-1.16156,1.34718,2.56539
-3.59236,-1.15151,1.34512,2.54613
-3.60952,-1.14147,1.34305,2.52688
-3.62669,-1.13142,1.34098,2.50762
-3.64386,-1.12137,1.33892,2.48836
-3.66103,-1.11133,1.33685,2.46911
-3.6782,-1.10128,1.33478,2.44985
-3.69537,-1.09123,1.33272,2.4306
-3.71254,-1.08118,1.33065,2.41134
-3.72971,-1.07114,1.32859,2.39208
-3.74688,-1.06109,1.32652,2.37283
-3.76405,-1.05104,1.32445,2.35357
-3.78122,-1.041,1.32239,2.33432
-3.79839,-1.03095,1.32032,2.31506
-3.81556,-1.0209,1.31825,2.2958
-3.83273,-1.01086,1.31619,2.27655
-3.8499,-1.00081,1.31412,2.25729
-3.86706,-0.990761,1.31205,2.23804
-3.88423,-0.980714,1.30999,2.21878
-3.9014,-0.970667,1.30792,2.19952
-3.91857,-0.96062,1.30586,2.18027
-3.93574,-0.950573,1.30379,2.16101
-3.95291,-0.940526,1.30172,2.14175
-3.97008,-0.930479,1.29966,2.1225
-3.98725,-0.920432,1.29759,2.10324
-4.00442,-0.910385,1.29552,2.08399
-4.02159,-0.900338,1.29346,2.06473
-4.03876,-0.890291,1.29139,2.04547
-4.05593,-0.880244,1.28932,2.02622
-4.0731,-0.870197,1.28726,2.00696
-4.09027,-0.86015,1.28519,1.98771
-4.10744,-0.850103,1.28313,1.96845
-4.12461,-0.840056,1.28106,1.94919
-4.14177,-0.830009,1.27899,1.92994
-4.16022,-0.823695,1.28344,1.87202
-4.17867,-0.817382,1.28789,1.81409
-4.19712,-0.811069,1.29234,1.75617
-4.21557,-0.804756,1.29679,1.69825
-4.23402,-0.798442,1.30124,1.64033
-4.25247,-0.792129,1.30569,1.58241
-4.27091,-0.785816,1.31014,1.52448
-4.28936,-0.779503,1.31459,1.46656
-4.30781,-0.77319,1.31904,1.40864
-4.32626,-0.766876,1.32349,1.35072
-4.34471,-0.760563,1.32794,1.2928
-4.36316,-0.75425,1.33239,1.23487
-4.3816,-0.747937,1.33684,1.17695
-4.40005,-0.741623,1.34129,1.11903
-4.4185,-0.73531,1.34574,1.06111
-4.43695,-0.728997,1.35019,1.00319
-4.4554,-0.722684,1.35464,0.945265
-4.47385,-0.716371,1.35909,0.887343
-4.49229,-0.710057,1.36354,0.829421
-4.51074,-0.703744,1.36799,0.771499
-4.52919,-0.697431,1.37244,0.713577
-4.54764,-0.691118,1.37689,0.655656
-4.56609,-0.684804,1.38134,0.597734
-4.58454,-0.678491,1.38579,0.539812
-4.60298,-0.672178,1.39024,0.48189
-4.62143,-0.665865,1.39469,0.423968
-4.63988,-0.659551,1.39914,0.366046
-4.65833,-0.653238,1.40359,0.308124
-4.67678,-0.646925,1.40804,0.250202
-4.69523,-0.640612,1.41249,0.19228
-4.71367,-0.634299,1.41694,0.134358
-4.73212,-0.627985,1.42139,0.0764363
-4.75057,-0.621672,1.42584,0.0185143
-4.76902,-0.615359,1.43029,-0.0394076
-4.78747,-0.609046,1.43474,-0.0973295
-4.80592,-0.602732,1.43919,-0.155251
-4.82436,-0.596419,1.44364,-0.213173
-4.84281,-0.590106,1.44809,-0.271095
-4.86126,-0.583793,1.45253,-0.329017
-4.87971,-0.57748,1.45698,-0.386939
-4.89816,-0.571166,1.46143,-0.444861
-4.91661,-0.564853,1.46588,-0.502783
-4.93505,-0.55854,1.47033,-0.560705
-4.9535,-0.552227,1.47478,-0.618627
-4.97195,-0.545913,1.47923,-0.676549
-4.9904,-0.5396,1.48368,-0.734471
-5.00885,-0.533287,1.48813,-0.792393
-5.0273,-0.526974,1.49258,-0.850315
-5.04575,-0.520661,1.49703,-0.908236
-5.06419,-0.514347,1.50148,-0.966158
-5.07052,-0.495374,1.5014,-1.01349
-5.07684,-0.4764,1.50131,-1.06083
-5.08316,-0.457426,1.50122,-1.10816
-5.08949,-0.438452,1.50114,-1.1555
-5.09581,-0.419479,1.50105,-1.20283
-5.10214,-0.400505,1.50097,-1.25017
-5.10846,-0.381531,1.50088,-1.2975
-5.11478,-0.362557,1.50079,-1.34484
-5.12111,-0.343584,1.50071,-1.39217
-5.12743,-0.32461,1.50062,-1.43951
-5.13376,-0.305636,1.50053,-1.48684
-5.14008,-0.286663,1.50045,-1.53418
-5.1464,-0.267689,1.50036,-1.58151
-5.15273,-0.248715,1.50028,-1.62885
-5.15905,-0.229741,1.50019,-1.67618
-5.16537,-0.210768,1.5001,-1.72351
-5.1717,-0.191794,1.50002,-1.77085
-5.17802,-0.17282,1.49993,-1.81818
-5.18435,-0.153846,1.49985,-1.86552
-5.19067,-0.134873,1.49976,-1.91285
-5.19699,-0.115899,1.49967,-1.96019
-5.20332,-0.0969252,1.49959,-2.00752
-5.20964,-0.0779515,1.4995,-2.05486
-5.21596,-0.0589778,1.49941,-2.10219
-5.22229,-0.040004,1.49933,-2.14953
-5.22861,-0.0210303,1.49924,-2.19686
-5.23494,-0.00205659,1.49916,-2.2442
-5.24126,0.0169171,1.49907,-2.29153
-5.24758,0.0358909,1.49898,-2.33887
-5.25391,0.0548646,1.4989,-2.3862
-5.26023,0.0738383,1.49881,-2.43354
-5.26655,0.0928121,1.49873,-2.48087
-5.27288,0.111786,1.49864,-2.52821
-5.2792,0.13076,1.49855,-2.57554
-5.28553,0.149733,1.49847,-2.62288
-5.29185,0.168707,1.49838,-2.67021
-5.29817,0.187681,1.49829,-2.71755
-5.3045,0.206654,1.49821,-2.76488
-5.31082,0.225628,1.49812,-2.81221
-5.31714,0.244602,1.49804,-2.85955
-5.32347,0.263576,1.49795,-2.90688
-5.32979,0.282549,1.49786,-2.95422
-5.33612,0.301523,1.49778,-3.00155
-5.34244,0.320497,1.49769,-3.04889
-5.34876,0.339471,1.49761,-3.09622
-5.35509,0.358444,1.49752,3.13963
-5.36141,0.377418,1.49743,3.09229
-5.36773,0.396392,1.49735,3.04496
-5.37406,0.415365,1.49726,2.99762
-5.38038,0.434339,1.49717,2.95029
-5.38427,0.453739,1.49425,3.00917
-5.38815,0.473139,1.49132,3.06805
-5.39203,0.492538,1.48839,3.12693
-5.39592,0.511938,1.48547,-3.09738
-5.3998,0.531338,1.48254,-3.0385
-5.40368,0.550738,1.47961,-2.97962
-5.40757,0.570137,1.47668,-2.92074
-5.41145,0.589537,1.47376,-2.86186
-5.41533,0.608937,1.47083,-2.80298
-5.41922,0.628337,1.4679,-2.74411
-5.4231,0.647736,1.46498,-2.68523
-5.42698,0.667136,1.46205,-2.62635
-5.43087,0.686536,1.45912,-2.56747
-5.43475,0.705936,1.45619,-2.50859
-5.43863,0.725335,1.45327,-2.44971
-5.44252,0.744735,1.45034,-2.39083
-5.4464,0.764135,1.44741,-2.33195
-5.45028,0.783535,1.44449,-2.27307
-5.45417,0.802935,1.44156,-2.21419
-5.45805,0.822334,1.43863,-2.15531
-5.46193,0.841734,1.4357,-2.09643
-5.46582,0.861134,1.43278,-2.03755
-5.4697,0.880534,1.42985,-1.97868
-5.47359,0.899933,1.42692,-1.9198
-5.47747,0.919333,1.424,-1.86092
-5.48135,0.938733,1.42107,-1.80204
-5.48524,0.958133,1.41814,-1.74316
-5.48912,0.977532,1.41521,-1.68428
-5.493,0.996932,1.41229,-1.6254
-5.49689,1.01633,1.40936,-1.56652
-5.50077,1.03573,1.40643,-1.50764
-5.50465,1.05513,1.4035,-1.44876
-5.50854,1.07453,1.40058,-1.38988
-5.51242,1.09393,1.39765,-1.331
-5.5163,1.11333,1.39472,-1.27213
-5.52019,1.13273,1.3918,-1.21325
-5.52407,1.15213,1.38887,-1.15437
-5.52795,1.17153,1.38594,-1.09549
-5.53184,1.19093,1.38301,-1.03661
-5.53572,1.21033,1.38009,-0.977729
-5.5396,1.22973,1.37716,-0.91885
-5.54349,1.24913,1.37423,-0.859971
-5.54737,1.26853,1.37131,-0.801091
-5.55125,1.28793,1.36838,-0.742212
-5.55514,1.30733,1.36545,-0.683333
-5.55902,1.32673,1.36252,-0.624454
-5.5629,1.34613,1.3596,-0.565575
-5.56679,1.36553,1.35667,-0.506695
-5.57067,1.38493,1.35374,-0.447816
-5.57455,1.40433,1.35082,-0.388937
-5.57668,1.42414,1.35252,-0.394055
-5.5788,1.44395,1.35422,-0.399172
-5.58093,1.46377,1.35592,-0.40429
-5.58305,1.48358,1.35762,-0.409407
-5.58518,1.5034,1.35932,-0.414525
-5.5873,1.52321,1.36102,-0.419643
-5.58943,1.54303,1.36271,-0.42476
-5.59155,1.56284,1.36441,-0.429878
-5.59367,1.58265,1.36611,-0.434996
-5.5958,1.60247,1.36781,-0.440113
-5.59792,1.62228,1.36951,-0.445231
-5.60005,1.6421,1.37121,-0.450349
-5.60217,1.66191,1.37291,-0.455466
-5.6043,1.68172,1.37461,-0.460584
-5.60642,1.70154,1.37631,-0.465701
-5.60855,1.72135,1.37801,-0.470819
-5.61067,1.74117,1.37971,-0.475937
-5.61279,1.76098,1.38141,-0.481054
-5.61492,1.78079,1.38311,-0.486172
-5.61704,1.80061,1.38481,-0.49129
-5.61917,1.82042,1.38651,-0.496407
-5.62129,1.84024,1.38821,-0.501525
-5.62342,1.86005,1.38991,-0.506642
-5.62554,1.87986,1.39161,-0.51176
-5.62767,1.89968,1.39331,-0.516878
-5.62979,1.91949,1.39501,-0.521995
-5.63191,1.93931,1.39671,-0.527113
-5.63404,1.95912,1.39841,-0.532231
-5.63616,1.97893,1.40011,-0.537348
-5.63829,1.99875,1.40181,-0.542466
-5.64041,2.01856,1.40351,-0.547584
-5.64254,2.03838,1.40521,-0.552701
-5.64466,2.05819,1.40691,-0.557819
-5.64678,2.07801,1.40861,-0.562936
-5.64891,2.09782,1.41031,-0.568054
-5.65103,2.11763,1.41201,-0.573172
-5.65316,2.13745,1.41371,-0.578289
-5.65528,2.15726,1.41541,-0.583407
-5.65741,2.17708,1.41711,-0.588525
-5.65953,2.19689,1.41881,-0.593642
-5.66166,2.2167,1.42051,-0.59876
-5.66378,2.23652,1.42221,-0.603877
-5.6659,2.25633,1.42391,-0.608995
-5.66803,2.27615,1.42561,-0.614113
-5.67015,2.29596,1.42731,-0.61923
-5.67228,2.31577,1.42901,-0.624348
-5.6744,2.33559,1.43071,-0.629466
-5.67653,2.3554,1.43241,-0.634583
-5.67865,2.37522,1.43411,-0.639701
-5.68078,2.39503,1.43581,-0.644818
-5.665,2.40199,1.42567,-0.674525
-5.64923,2.40894,1.41552,-0.704231
-5.63346,2.4159,1.40538,-0.733937
-5.61769,2.42285,1.39524,-0.763643
-5.60192,2.42981,1.38509,-0.793349
-5.58615,2.43677,1.37495,-0.823055
-5.57038,2.44372,1.36481,-0.852761
-5.55461,2.45068,1.35466,-0.882467
-5.53884,2.45763,1.34452,-0.912173
-5.52307,2.46459,1.33438,-0.94188
-5.5073,2.47155,1.32423,-0.971586
-5.49152,2.4785,1.31409,-1.00129
-5.47575,2.48546,1.30394,-1.031
-5.45998,2.49241,1.2938,-1.0607
-5.44421,2.49937,1.28366,-1.09041
-5.42844,2.50632,1.27351,-1.12012
-5.41267,2.51328,1.26337,-1.14982
-5.3969,2.52024,1.25323,-1.17953
-5.38113,2.52719,1.24308,-1.20923
-5.36536,2.53415,1.23294,-1.23894
-5.34959,2.5411,1.22279,-1.26865
-5.33382,2.54806,1.21265,-1.29835
-5.31804,2.55502,1.20251,-1.32806
-5.30227,2.56197,1.19236,-1.35777
-5.2865,2.56893,1.18222,-1.38747
-5.27073,2.57588,1.17208,-1.41718
-5.25496,2.58284,1.16193,-1.44688
-5.23919,2.5898,1.15179,-1.47659
-5.22342,2.59675,1.14165,-1.5063
-5.20765,2.60371,1.1315,-1.536
-5.19188,2.61066,1.12136,-1.56571
-5.17611,2.61762,1.11121,-1.59541
-5.16034,2.62458,1.10107,-1.62512
-5.14456,2.63153,1.09093,-1.65483
-5.12879,2.63849,1.08078,-1.68453
-5.11302,2.64544,1.07064,-1.71424
-5.09725,2.6524,1.0605,-1.74394
-5.08148,2.65936,1.05035,-1.77365
-5.06571,2.66631,1.04021,-1.80336
-5.04994,2.67327,1.03006,-1.83306
-5.0427,2.67646,1.02541,-1.84669
-5.03871,2.69484,1.03222,-1.81734
-5.03472,2.71321,1.03903,-1.78798
-5.03073,2.73159,1.04585,-1.75863
-5.02674,2.74996,1.05266,-1.72927
-5.02275,2.76834,1.05947,-1.69992
-5.01876,2.78672,1.06628,-1.67056
-5.01477,2.80509,1.07309,-1.6412
-5.01078,2.82347,1.07991,-1.61185
-5.00679,2.84184,1.08672,-1.58249
-5.0028,2.86022,1.09353,-1.55314
-4.99881,2.8786,1.10034,-1.52378
-4.99482,2.89697,1.10715,-1.49442
-4.99083,2.91535,1.11397,-1.46507
-4.98684,2.93372,1.12078,-1.43571
-4.98285,2.9521,1.12759,-1.40636
-4.97886,2.97048,1.1344,-1.377
-4.97487,2.98885,1.14121,-1.34764
-4.97088,3.00723,1.14803,-1.31829
-4.96689,3.0256,1.15484,-1.28893
-4.96291,3.04398,1.16165,-1.25958
-4.95892,3.06236,1.16846,-1.23022
-4.95493,3.08073,1.17527,-1.20087
-4.95094,3.09911,1.18209,-1.17151
-4.94695,3.11748,1.1889,-1.14215
-4.94296,3.13586,1.19571,-1.1128
-4.93897,3.15424,1.20252,-1.08344
-4.93498,3.17261,1.20934,-1.05409
-4.93099,3.19099,1.21615,-1.02473
-4.927,3.20936,1.22296,-0.995374
-4.92301,3.22774,1.22977,-0.966018
-4.91902,3.24611,1.23658,-0.936662
-4.91503,3.26449,1.2434,-0.907306
-4.91104,3.28287,1.25021,-0.87795
-4.90705,3.30124,1.25702,-0.848595
-4.90306,3.31962,1.26383,-0.819239
-4.89907,3.33799,1.27064,-0.789883
-4.89508,3.35637,1.27746,-0.760527
-4.89109,3.37475,1.28427,-0.731171
-4.8871,3.39312,1.29108,-0.701815
-4.88311,3.4115,1.29789,-0.672459
-4.87912,3.42987,1.3047,-0.643103
-4.87513,3.44825,1.31152,-0.613747
-4.87114,3.46663,1.31833,-0.584392
-4.86715,3.485,1.32514,-0.555036
-4.86316,3.50338,1.33195,-0.52568
-4.85917,3.52175,1.33876,-0.496324
-4.85518,3.54013,1.34558,-0.466968
-4.85119,3.55851,1.35239,-0.437612
-4.8472,3.57688,1.3592,-0.408256
-4.84321,3.59526,1.36601,-0.3789
-4.8245,3.60188,1.36355,-0.3318
-4.80579,3.6085,1.3611,-0.2847
-4.78707,3.61512,1.35864,-0.237599
-4.76836,3.62174,1.35618,-0.190499
-4.74965,3.62836,1.35373,-0.143399
-4.73094,3.63498,1.35127,-0.0962982
-4.71223,3.6416,1.34881,-0.0491979
-4.69351,3.64822,1.34635,-0.00209752
-4.6748,3.65484,1.3439,0.0450028
-4.65609,3.66146,1.34144,0.0921032
-4.63738,3.66808,1.33898,0.139204
-4.61867,3.6747,1.33652,0.186304
-4.59996,3.68132,1.33407,0.233404
-4.58124,3.68794,1.33161,0.280505
-4.56253,3.69456,1.32915,0.327605
-4.54382,3.70118,1.3267,0.374705
-4.52511,3.7078,1.32424,0.421806
-4.5064,3.71442,1.32178,0.468906
-4.48768,3.72105,1.31932,0.516006
-4.46897,3.72767,1.31687,0.563107
-4.45026,3.73429,1.31441,0.610207
-4.43155,3.74091,1.31195,0.657307
-4.41284,3.74753,1.30949,0.704408
-4.39412,3.75415,1.30704,0.751508
-4.37541,3.76077,1.30458,0.798609
-4.3567,3.76739,1.30212,0.845709
-4.33799,3.77401,1.29966,0.892809
-4.31928,3.78063,1.29721,0.93991
-4.30057,3.78725,1.29475,0.98701
-4.28185,3.79387,1.29229,1.03411
-4.26314,3.80049,1.28984,1.08121
-4.24443,3.80711,1.28738,1.12831
-4.22572,3.81373,1.28492,1.17541
-4.20701,3.82035,1.28246,1.22251
-4.18829,3.82697,1.28001,1.26961
-4.16958,3.83359,1.27755,1.31671
-4.15087,3.84021,1.27509,1.36381
-4.13216,3.84683,1.27263,1.41091
-4.11345,3.85345,1.27018,1.45801
-4.09474,3.86007,1.26772,1.50511
-4.07602,3.86669,1.26526,1.55221
-4.05731,3.87331,1.26281,1.59931
-4.0386,3.87993,1.26035,1.64641
-4.01989,3.88655,1.25789,1.69352
-4.00118,3.89317,1.25543,1.74062
-3.98246,3.89979,1.25298,1.78772
-3.96375,3.90641,1.25052,1.83482
-3.94504,3.91304,1.24806,1.88192
-3.92633,3.91966,1.2456,1.92902
-3.90762,3.92628,1.24315,1.97612
-3.8878,3.9265,1.24581,1.96254
-3.86798,3.92672,1.24848,1.94897
-3.84816,3.92694,1.25114,1.9354
-3.82834,3.92716,1.25381,1.92183
-3.80852,3.92738,1.25647,1.90825
-3.78869,3.9276,1.25914,1.89468
-3.76887,3.92782,1.2618,1.88111
-3.74905,3.92804,1.26447,1.86754
-3.72923,3.92826,1.26713,1.85396
-3.70941,3.92848,1.2698,1.84039
-3.68959,3.9287,1.27246,1.82682
-3.66977,3.92892,1.27513,1.81325
-3.64995,3.92914,1.27779,1.79967
-3.63013,3.92937,1.28046,1.7861
-3.61031,3.92959,1.28312,1.77253
-3.59049,3.92981,1.28578,1.75896
-3.57067,3.93003,1.28845,1.74538
-3.55085,3.93025,1.29111,1.73181
-3.53103,3.93047,1.29378,1.71824
-3.51121,3.93069,1.29644,1.70467
-3.49139,3.93091,1.29911,1.69109
-3.47157,3.93113,1.30177,1.67752
-3.45175,3.93135,1.30444,1.66395
-3.43193,3.93157,1.3071,1.65038
-3.41211,3.93179,1.30977,1.6368
-3.39229,3.93201,1.31243,1.62323
-3.37247,3.93223,1.3151,1.60966
-3.35264,3.93246,1.31776,1.59609
-3.33282,3.93268,1.32043,1.58251
-3.313,3.9329,1.32309,1.56894
-3.29318,3.93312,1.32576,1.55537
-3.27336,3.93334,1.32842,1.54179
-3.25354,3.93356,1.33109,1.52822
-3.23372,3.93378,1.33375,1.51465
-3.2139,3.934,1.33642,1.50108
-3.19408,3.93422,1.33908,1.4875
-3.17426,3.93444,1.34175,1.47393
-3.15444,3.93466,1.34441,1.46036
-3.13462,3.93488,1.34708,1.44679
-3.1148,3.9351,1.34974,1.43321
-3.09498,3.93532,1.35241,1.41964
-3.07516,3.93555,1.35507,1.40607
-3.05534,3.93577,1.35774,1.3925
-3.03552,3.93599,1.3604,1.37892
-3.0157,3.93621,1.36307,1.36535
-2.99588,3.93643,1.36573,1.35178
-2.97606,3.93665,1.3684,1.33821
-2.95624,3.93687,1.37106,1.32463
-2.93642,3.93709,1.37373,1.31106
-2.9166,3.93731,1.37639,1.29749
-2.8979,3.93033,1.37507,1.2512
-2.87921,3.92334,1.37375,1.20491
-2.86051,3.91636,1.37243,1.15862
-2.84182,3.90938,1.37111,1.11234
-2.82312,3.90239,1.36978,1.06605
-2.80443,3.89541,1.36846,1.01976
-2.78573,3.88843,1.36714,0.97347
-2.76704,3.88144,1.36582,0.927182
-2.74834,3.87446,1.3645,0.880894
-2.72965,3.86748,1.36318,0.834606
-2.71096,3.86049,1.36186,0.788317
-2.69226,3.85351,1.36054,0.742029
-2.67357,3.84652,1.35921,0.695741
-2.65487,3.83954,1.35789,0.649452
-2.63618,3.83256,1.35657,0.603164
-2.61748,3.82557,1.35525,0.556876
-2.59879,3.81859,1.35393,0.510588
-2.58009,3.81161,1.35261,0.464299
-2.5614,3.80462,1.35129,0.418011
-2.5427,3.79764,1.34997,0.371723
-2.52401,3.79066,1.34864,0.325434
-2.50532,3.78367,1.34732,0.279146
-2.48662,3.77669,1.346,0.232858
-2.46793,3.76971,1.34468,0.186569
-2.44923,3.76272,1.34336,0.140281
-2.43054,3.75574,1.34204,0.0939929
-2.41184,3.74876,1.34072,0.0477046
-2.39315,3.74177,1.3394,0.00141631
-2.37445,3.73479,1.33807,-0.044872
-2.35576,3.7278,1.33675,-0.0911603
-2.33707,3.72082,1.33543,-0.137449
-2.31837,3.71384,1.33411,-0.183737
-2.29968,3.70685,1.33279,-0.230025
-2.28098,3.69987,1.33147,-0.276313
-2.26229,3.69289,1.33015,-0.322602
-2.24359,3.6859,1.32883,-0.36889
-2.2249,3.67892,1.32751,-0.415178
-2.2062,3.67194,1.32618,-0.461467
-2.18751,3.66495,1.32486,-0.507755
-2.16881,3.65797,1.32354,-0.554043
-2.15012,3.65099,1.32222,-0.600331
-2.13143,3.644,1.3209,-0.64662
-2.11273,3.63702,1.31958,-0.692908
-2.09404,3.63004,1.31826,-0.739196
-2.07534,3.62305,1.31694,-0.785485
-2.05665,3.61607,1.31561,-0.831773
-2.03795,3.60909,1.31429,-0.878061
-2.01926,3.6021,1.31297,-0.924349
-2.00056,3.59512,1.31165,-0.970638
-1.98187,3.58813,1.31033,-1.01693
-1.96774,3.57629,1.31808,-1.05935
-1.95361,3.56444,1.32582,-1.10177
-1.93948,3.5526,1.33357,-1.1442
-1.92535,3.54075,1.34132,-1.18662
-1.91122,3.52891,1.34907,-1.22905
-1.89709,3.51706,1.35681,-1.27147
-1.88296,3.50521,1.36456,-1.31389
-1.86883,3.49337,1.37231,-1.35632
-1.8547,3.48152,1.38006,-1.39874
-1.84057,3.46968,1.3878,-1.44116
-1.82644,3.45783,1.39555,-1.48359
-1.81231,3.44599,1.4033,-1.52601
-1.79818,3.43414,1.41105,-1.56844
-1.78405,3.4223,1.41879,-1.61086
-1.76992,3.41045,1.42654,-1.65328
-1.75579,3.3986,1.43429,-1.69571
-1.74166,3.38676,1.44204,-1.73813
-1.72753,3.37491,1.44978,-1.78056
-1.7134,3.36307,1.45753,-1.82298
-1.69927,3.35122,1.46528,-1.8654
-1.68514,3.33938,1.47303,-1.90783
-1.67101,3.32753,1.48077,-1.95025
-1.65688,3.31568,1.48852,-1.99268
-1.64275,3.30384,1.49627,-2.0351
-1.62862,3.29199,1.50402,-2.07752
-1.61449,3.28015,1.51176,-2.11995
-1.60036,3.2683,1.51951,-2.16237
-1.58623,3.25646,1.52726,-2.20479
-1.5721,3.24461,1.535,-2.24722
-1.55797,3.23276,1.54275,-2.28964
-1.54384,3.22092,1.5505,-2.33207
-1.52971,3.20907,1.55825,-2.37449
-1.51558,3.19723,1.56599,-2.41691
-1.50145,3.18538,1.57374,-2.45934
-1.48732,3.17354,1.58149,-2.50176
-1.47319,3.16169,1.58924,-2.54419
-1.45906,3.14985,1.59698,-2.58661
-1.44493,3.138,1.60473,-2.62903
-1.4308,3.12615,1.61248,-2.67146
-1.41667,3.11431,1.62023,-2.71388
-1.40254,3.10246,1.62797,-2.75631
-1.38841,3.09062,1.63572,-2.79873
-1.37428,3.07877,1.64347,-2.84115
-1.36015,3.06693,1.65122,-2.88358
-1.34602,3.05508,1.65896,-2.926
-1.33189,3.04323,1.66671,-2.96842
-1.31776,3.03139,1.67446,-3.01085
-1.30363,3.01954,1.68221,-3.05327
-1.2895,3.0077,1.68995,-3.0957
-1.27537,2.99585,1.6977,-3.13812
-1.25616,2.99041,1.69888,3.0979
-1.23695,2.98497,1.70006,3.05073
-1.21774,2.97953,1.70124,3.00357
-1.19853,2.97409,1.70243,2.9564
-1.17932,2.96865,1.70361,2.90924
-1.16011,2.96321,1.70479,2.86207
-1.1409,2.95777,1.70597,2.81491
-1.12169,2.95233,1.70715,2.76774
-1.10248,2.94689,1.70833,2.72058
-1.08327,2.94145,1.70951,2.67341
-1.06406,2.93601,1.7107,2.62625
-1.04485,2.93057,1.71188,2.57908
-1.02564,2.92513,1.71306,2.53192
-1.00643,2.91969,1.71424,2.48475
-0.987224,2.91425,1.71542,2.43759
-0.968015,2.90881,1.7166,2.39042
-0.948805,2.90337,1.71778,2.34326
-0.929596,2.89793,1.71897,2.29609
-0.910386,2.89249,1.72015,2.24893
-0.891176,2.88705,1.72133,2.20176
-0.871967,2.88161,1.72251,2.1546
-0.852757,2.87617,1.72369,2.10743
-0.833548,2.87073,1.72487,2.06027
-0.814338,2.86529,1.72605,2.0131
-0.795129,2.85985,1.72723,1.96594
-0.775919,2.85441,1.72842,1.91877
-0.756709,2.84896,1.7296,1.87161
-0.7375,2.84352,1.73078,1.82444
-0.71829,2.83808,1.73196,1.77728
-0.699081,2.83264,1.73314,1.73011
-0.679871,2.8272,1.73432,1.68295
-0.660661,2.82176,1.7355,1.63578
-0.641452,2.81632,1.73669,1.58862
-0.622242,2.81088,1.73787,1.54145
-0.603033,2.80544,1.73905,1.49429
-0.583823,2.8,1.74023,1.44712
-0.564614,2.79456,1.74141,1.39996
-0.545404,2.78912,1.74259,1.35279
-0.526194,2.78368,1.74377,1.30562
-0.506985,2.77824,1.74496,1.25846
-0.487775,2.7728,1.74614,1.21129
-0.468566,2.76736,1.74732,1.16413
-0.449356,2.76192,1.7485,1.11696
-0.430146,2.75648,1.74968,1.0698
-0.410937,2.75104,1.75086,1.02263
-0.391727,2.7456,1.75204,0.975469
-0.372518,2.74016,1.75323,0.928304
-0.353308,2.73472,1.75441,0.881139
-0.334099,2.72928,1.75559,0.833974
-0.314889,2.72384,1.75677,0.786808
-0.301665,2.71637,1.74376,0.807374
-0.288441,2.7089,1.73075,0.82794
-0.275217,2.70143,1.71773,0.848505
-0.261994,2.69395,1.70472,0.869071
-0.24877,2.68648,1.69171,0.889636
-0.235546,2.67901,1.6787,0.910202
-0.222322,2.67154,1.66569,0.930767
-0.209098,2.66407,1.65267,0.951333
-0.195874,2.6566,1.63966,0.971899
-0.18265,2.64913,1.62665,0.992464
-0.169426,2.64166,1.61364,1.01303
-0.156203,2.63418,1.60063,1.0336
-0.142979,2.62671,1.58761,1.05416
-0.129755,2.61924,1.5746,1.07473
-0.116531,2.61177,1.56159,1.09529
-0.103307,2.6043,1.54858,1.11586
-0.0900832,2.59683,1.53557,1.13642
-0.0768594,2.58936,1.52255,1.15699
-0.0636355,2.58189,1.50954,1.17755
-0.0504116,2.57441,1.49653,1.19812
-0.0371878,2.56694,1.48352,1.21869
-0.0239639,2.55947,1.47051,1.23925
-0.01074,2.552,1.45749,1.25982
0.00248385,2.54453,1.44448,1.28038
0.0157077,2.53706,1.43147,1.30095
0.0289316,2.52959,1.41846,1.32151
0.0421555,2.52212,1.40545,1.34208
0.0553793,2.51465,1.39243,1.36264
0.0686032,2.50717,1.37942,1.38321
0.0818271,2.4997,1.36641,1.40378
0.0950509,2.49223,1.3534,1.42434
0.108275,2.48476,1.34039,1.44491
0.121499,2.47729,1.32738,1.46547
0.134723,2.46982,1.31436,1.48604
0.147946,2.46235,1.30135,1.5066
0.16117,2.45488,1.28834,1.52717
0.174394,2.4474,1.27533,1.54773
0.187618,2.43993,1.26232,1.5683
0.200842,2.43246,1.2493,1.58887
0.214066,2.42499,1.23629,1.60943
0.22729,2.41752,1.22328,1.63
0.240513,2.41005,1.21027,1.65056
0.253737,2.40258,1.19726,1.67113
0.266961,2.39511,1.18424,1.69169
0.280185,2.38764,1.17123,1.71226
0.293409,2.38016,1.15822,1.73282
0.306633,2.37269,1.14521,1.75339
0.319857,2.36522,1.1322,1.77396
0.333081,2.35775,1.11918,1.79452
0.346304,2.35028,1.10617,1.81509
0.358206,2.36585,1.1022,1.80965
0.3701-1.97721
2.79251,5.58287,1.55887,-2.02542
2.80635,5.5972,1.56064,-2.07362
2.82019,5.61154,1.5624,-2.12182
2.83402,5.62587,1.56417,-2.17002
2.84786,5.6402,1.56594,-2.21822
2.8617,5.65453,1.56771,-2.26642
2.87554,5.66886,1.56947,-2.31462
2.88937,5.68319,1.57124,-2.36282
2.90321,5.69753,1.57301,-2.41103
2.91705,5.71186,1.57478,-2.45923
2.93089,5.72619,1.57654,-2.50743
2.94472,5.74052,1.57831,-2.55563
2.95856,5.75485,1.58008,-2.60383
2.9724,5.76919,1.58184,-2.65203
2.98624,5.78352,1.58361,-2.70023
3.00007,5.79785,1.58538,-2.74844
3.01391,5.81218,1.58715,-2.79664
3.02775,5.82651,1.58891,-2.84484
3.04159,5.84084,1.59068,-2.89304
3.05543,5.85518,1.59245,-2.94124
3.06926,5.86951,1.59421,-2.98944
3.0831,5.88384,1.59598,-3.03764
3.09694,5.89817,1.59775,-3.08584
3.11078,5.9125,1.59952,-3.13405
3.12461,5.92684,1.60128,3.10094
3.13845,5.94117,1.60305,3.05274
3.15229,5.9555,1.60482,3.00454
3.16613,5.96983,1.60658,2.95633
3.17996,5.98416,1.60835,2.90813
3.1938,5.99849,1.61012,2.85993
3.20764,6.01283,1.61189,2.81173
3.22148,6.02716,1.61365,2.76353
3.23531,6.04149,1.61542,2.71533
3.24915,6.05582,1.61719,2.66713
3.26299,6.07015,1.61895,2.61893
3.27683,6.08448,1.62072,2.57072
3.29066,6.09882,1.62249,2.52252
3.3045,6.11315,1.62426,2.47432
3.31834,6.12748,1.62602,2.42612
3.33218,6.14181,1.62779,2.37792
3.34601,6.15614,1.62956,2.32972
3.35985,6.17048,1.63133,2.28152
3.37369,6.18481,1.63309,2.23332
3.38753,6.19914,1.63486,2.18511
3.40136,6.21347,1.63663,2.13691
3.4152,6.2278,1.63839,2.08871
3.42904,6.24213,1.64016,2.04051
3.44288,6.25647,1.64193,1.99231
3.45671,6.2708,1.6437,1.94411
3.47055,6.28513,1.64546,1.89591
3.48918,6.27939,1.64994,1.93834
3.50781,6.27365,1.65442,1.98077
3.52643,6.26791,1.6589,2.02319
3.54506,6.26217,1.66338,2.06562
3.56369,6.25643,1.66786,2.10805
3.58232,6.25069,1.67234,2.15048
3.60094,6.24495,1.67682,2.19291
3.61957,6.23921,1.6813,2.23534
3.6382,6.23347,1.68578,2.27777
3.65683,6.22773,1.69026,2.3202
3.67545,6.22199,1.69474,2.36263
3.69408,6.21626,1.69922,2.40506
3.71271,6.21052,1.7037,2.44749
3.73134,6.20478,1.70818,2.48992
3.74996,6.19904,1.71266,2.53235
3.76859,6.1933,1.71714,2.57478
3.78722,6.18756,1.72162,2.61721
3.80585,6.18182,1.7261,2.65964
3.82447,6.17608,1.73058,2.70207
3.8431,6.17034,1.73506,2.7445
3.86173,6.1646,1.73954,2.78693
3.88036,6.15886,1.74402,2.82936
3.89898,6.15312,1.7485,2.87179
3.91761,6.14738,1.75298,2.91422
3.93624,6.14164,1.75746,2.95665
3.95487,6.1359,1.76194,2.99908
3.97349,6.13016,1.76642,3.0415
3.99212,6.12442,1.7709,3.08393
4.01075,6.11868,1.77538,3.12636
4.02938,6.11294,1.77986,-3.11439
4.04801,6.1072,1.78434,-3.07196
4.06663,6.10146,1.78882,-3.02953
4.08526,6.09572,1.7933,-2.9871
4.10389,6.08998,1.79778,-2.94467
4.12252,6.08425,1.80226,-2.90224
4.14114,6.07851,1.80674,-2.85981
4.15977,6.07277,1.81122,-2.81738
4.1784,6.06703,1.8157,-2.77496
4.19703,6.06129,1.82018,-2.73253
4.21565,6.05555,1.82466,-2.6901
4.23428,6.04981,1.82914,-2.64767
4.25291,6.04407,1.83362,-2.60524
4.27154,6.03833,1.8381,-2.56281
4.29016,6.03259,1.84258,-2.52038
4.30879,6.02685,1.84706,-2.47795
4.32742,6.02111,1.85154,-2.43552
4.34605,6.01537,1.85602,-2.39309
4.36467,6.00963,1.8605,-2.35066
4.3833,6.00389,1.86498,-2.30823
4.40193,5.99815,1.86946,-2.2658
4.42006,6.00649,1.87085,-2.32626
4.43818,6.01482,1.87223,-2.38673
4.45631,6.02316,1.87362,-2.44719
4.47444,6.03149,1.875,-2.50765
4.49257,6.03983,1.87639,-2.56811
4.51069,6.04816,1.87778,-2.62858
4.52882,6.0565,1.87916,-2.68904
4.54695,6.06483,1.88055,-2.7495
4.56508,6.07317,1.88193,-2.80996
4.5832,6.0815,1.88332,-2.87043
4.60133,6.08984,1.8847,-2.93089
4.61946,6.09817,1.88609,-2.99135
4.63759,6.10651,1.88747,-3.05181
4.65571,6.11484,1.88886,-3.11228
4.67384,6.12318,1.89024,3.11045
4.69197,6.13151,1.89163,3.04998
4.7101,6.13985,1.89301,2.98952
4.72822,6.14818,1.8944,2.92906
4.74635,6.15652,1.89578,2.8686
4.76448,6.16486,1.89717,2.80813
4.78261,6.17319,1.89855,2.74767
4.80073,6.18153,1.89994,2.68721
4.81886,6.18986,1.90132,2.62675
4.83699,6.1982,1.90271,2.56628
4.85512,6.20653,1.90409,2.50582
4.87324,6.21487,1.90548,2.44536
4.89137,6.2232,1.90686,2.3849
4.9095,6.23154,1.90825,2.32443
4.92763,6.23987,1.90963,2.26397
4.94575,6.24821,1.91102,2.20351
4.96388,6.25654,1.9124,2.14305
4.98201,6.26488,1.91379,2.08258
5.00014,6.27321,1.91517,2.02212
5.01826,6.28155,1.91656,1.96166
5.03639,6.28988,1.91794,1.9012
5.05452,6.29822,1.91933,1.84073
5.07265,6.30655,1.92071,1.78027
5.09077,6.31489,1.9221,1.71981
5.1089,6.32322,1.92348,1.65935
5.12703,6.33156,1.92487,1.59888
5.14516,6.33989,1.92625,1.53842
5.16328,6.34823,1.92764,1.47796
5.18141,6.35656,1.92902,1.4175
5.19954,6.3649,1.93041,1.35703
5.21767,6.37323,1.93179,1.29657
5.23579,6.38157,1.93318,1.23611
5.25392,6.3899,1.93456,1.17564
5.27205,6.39824,1.93595,1.11518
5.29018,6.40657,1.93734,1.05472
5.3083,6.41491,1.93872,0.994257
5.32238,6.41496,1.92451,1.00108
5.33646,6.41501,1.91031,1.0079
5.35053,6.41506,1.8961,1.01472
5.36461,6.41511,1.88189,1.02154
5.37869,6.41516,1.86768,1.02836
5.39276,6.41521,1.85347,1.03518
5.40684,6.41526,1.83927,1.042
5.42092,6.4153,1.82506,1.04882
5.43499,6.41535,1.81085,1.05564
5.44907,6.4154,1.79664,1.06246
5.46314,6.41545,1.78244,1.06928
5.47722,6.4155,1.76823,1.07609
5.4913,6.41555,1.75402,1.08291
5.50537,6.4156,1.73981,1.08973
5.51945,6.41565,1.72561,1.09655
5.53353,6.4157,1.7114,1.10337
5.5476,6.41575,1.69719,1.11019
5.56168,6.4158,1.68298,1.11701
5.57575,6.41585,1.66878,1.12383
5.58983,6.4159,1.65457,1.13065
5.60391,6.41595,1.64036,1.13747
5.61798,6.416,1.62615,1.14429
5.63206,6.41604,1.61195,1.15111
5.64614,6.41609,1.59774,1.15793
5.66021,6.41614,1.58353,1.16475
5.67429,6.41619,1.56932,1.17157
5.68837,6.41624,1.55512,1.17839
5.70244,6.41629,1.54091,1.18521
5.71652,6.41634,1.5267,1.19203
5.73059,6.41639,1.51249,1.19885
5.74467,6.41644,1.49829,1.20567
5.75875,6.41649,1.48408,1.21249
5.77282,6.41654,1.46987,1.21931
5.7869,6.41659,1.45566,1.22613
5.80098,6.41664,1.44145,1.23295
5.81505,6.41669,1.42725,1.23977
5.82913,6.41674,1.41304,1.24659
5.8432,6.41679,1.39883,1.25341
5.85728,6.41683,1.38462,1.26023
5.87136,6.41688,1.37042,1.26705
5.88543,6.41693,1.35621,1.27387
5.89951,6.41698,1.342,1.28069
5.91359,6.41703,1.32779,1.28751
5.92766,6.41708,1.31359,1.29433
5.94174,6.41713,1.29938,1.30115
5.95581,6.41718,1.28517,1.30797
5.96989,6.41723,1.27096,1.31479
5.98397,6.41728,1.25676,1.32161
5.99804,6.41733,1.24255,1.32843
6.01212,6.41738,1.22834,1.33525
6.01429,6.3975,1.22787,1.30852
6.01645,6.37762,1.2274,1.28179
6.01862,6.35775,1.22692,1.25507
6.02079,6.33787,1.22645,1.22834
6.02296,6.31799,1.22598,1.20161
6.02512,6.29812,1.2255,1.17489
6.02729,6.27824,1.22503,1.14816
6.02946,6.25836,1.22456,1.12143
6.03162,6.23849,1.22409,1.0947
6.03379,6.21861,1.22361,1.06798
6.03596,6.19873,1.22314,1.04125
6.03812,6.17886,1.22267,1.01452
6.04029,6.15898,1.22219,0.987796
6.04246,6.1391,1.22172,0.961069
6.04463,6.11923,1.22125,0.934342
6.04679,6.09935,1.22077,0.907615
6.04896,6.07947,1.2203,0.880888
6.05113,6.0596,1.21983,0.854161
6.05329,6.03972,1.21936,0.827434
6.05546,6.01985,1.21888,0.800707
6.05763,5.99997,1.21841,0.77398
6.05979,5.98009,1.21794,0.747253
6.06196,5.96022,1.21746,0.720526
6.06413,5.94034,1.21699,0.693799
6.0663,5.92046,1.21652,0.667072
6.06846,5.90059,1.21605,0.640345
6.07063,5.88071,1.21557,0.613618
6.0728,5.86083,1.2151,0.586891
6.07496,5.84096,1.21463,0.560164
6.07713,5.82108,1.21415,0.533437
6.0793,5.8012,1.21368,0.50671
6.08146,5.78133,1.21321,0.479983
6.08363,5.76145,1.21274,0.453255
6.0858,5.74157,1.21226,0.426528
6.08797,5.7217,1.21179,0.399801
6.09013,5.70182,1.21132,0.373074
6.0923,5.68194,1.21084,0.346347
6.09447,5.66207,1.21037,0.31962
6.09663,5.64219,1.2099,0.292893
6.0988,5.62231,1.20942,0.266166
6.10097,5.60244,1.20895,0.239439
6.10314,5.58256,1.20848,0.212712
6.1053,5.56268,1.20801,0.185985
6.10747,5.54281,1.20753,0.159258
6.10964,5.52293,1.20706,0.132531
6.1118,5.50305,1.20659,0.105804
6.11397,5.48318,1.20611,0.0790768
6.11614,5.4633,1.20564,0.0523498
6.1183,5.44342,1.20517,0.0256227
6.12047,5.42355,1.2047,-0.00110431
6.103,5.41442,1.20805,-0.0246927
6.08552,5.40529,1.21141,-0.0482811
6.06804,5.39616,1.21476,-0.0718695
6.05057,5.38703,1.21811,-0.0954579
6.03309,5.3779,1.22147,-0.119046
6.01562,5.36877,1.22482,-0.142635
5.99814,5.35964,1.22818,-0.166223
5.98067,5.35051,1.23153,-0.189811
5.96319,5.34138,1.23489,-0.2134
5.94571,5.33225,1.23824,-0.236988
5.92824,5.32312,1.2416,-0.260577
5.91076,5.31399,1.24495,-0.284165
5.89329,5.30486,1.24831,-0.307753
5.87581,5.29573,1.25166,-0.331342
5.85834,5.28661,1.25502,-0.35493
5.84086,5.27748,1.25837,-0.378519
5.82338,5.26835,1.26173,-0.402107
5.80591,5.25922,1.26508,-0.425695
5.78843,5.25009,1.26844,-0.449284
5.77096,5.24096,1.27179,-0.472872
5.75348,5.23183,1.27514,-0.496461
5.73601,5.2227,1.2785,-0.520049
5.71853,5.21357,1.28185,-0.543637
5.70106,5.20444,1.28521,-0.567226
5.68358,5.19531,1.28856,-0.590814
5.6661,5.18618,1.29192,-0.614402
5.64863,5.17705,1.29527,-0.637991
5.63115,5.16792,1.29863,-0.661579
5.61368,5.15879,1.30198,-0.685168
5.5962,5.14966,1.30534,-0.708756
5.57873,5.14053,1.30869,-0.732344
5.56125,5.13141,1.31205,-0.755933
5.54377,5.12228,1.3154,-0.779521
5.5263,5.11315,1.31876,-0.80311
5.50882,5.10402,1.32211,-0.826698
5.49135,5.09489,1.32547,-0.850286
5.47387,5.08576,1.32882,-0.873875
5.4564,5.07663,1.33218,-0.897463
5.43892,5.0675,1.33553,-0.921052
5.42144,5.05837,1.33888,-0.94464
5.40397,5.04924,1.34224,-0.968228
5.38649,5.04011,1.34559,-0.991817
5.36902,5.03098,1.34895,-1.01541
5.35154,5.02185,1.3523,-1.03899
5.33407,5.01272,1.35566,-1.06258
5.31659,5.00359,1.35901,-1.08617
5.29911,4.99446,1.36237,-1.10976
5.28164,4.98533,1.36572,-1.13335
5.26416,4.97621,1.36908,-1.15694
5.24669,4.96708,1.37243,-1.18052
5.23409,4.95157,1.37141,-1.14285
5.22149,4.93607,1.37038,-1.10517
5.2089,4.92057,1.36935,-1.06749
5.1963,4.90507,1.36833,-1.02981
5.18371,4.88957,1.3673,-0.99213
5.17111,4.87407,1.36627,-0.954451
5.15851,4.85857,1.36525,-0.916772
5.14592,4.84307,1.36422,-0.879094
5.13332,4.82757,1.36319,-0.841415
5.12072,4.81207,1.36217,-0.803736
5.10813,4.79656,1.36114,-0.766057
5.09553,4.78106,1.36012,-0.728379
5.08294,4.76556,1.35909,-0.6907
5.07034,4.75006,1.35806,-0.653021
5.05774,4.73456,1.35704,-0.615342
5.04515,4.71906,1.35601,-0.577663
5.03255,4.70356,1.35498,-0.539985
5.01995,4.68806,1.35396,-0.502306
5.00736,4.67256,1.35293,-0.464627
4.99476,4.65706,1.3519,-0.426948
4.98217,4.64155,1.35088,-0.38927
4.96957,4.62605,1.34985,-0.351591
4.95697,4.61055,1.34882,-0.313912
4.94438,4.59505,1.3478,-0.276233
4.93178,4.57955,1.34677,-0.238555
4.91918,4.56405,1.34575,-0.200876
4.90659,4.54855,1.34472,-0.163197
4.89399,4.53305,1.34369,-0.125518
4.8814,4.51755,1.34267,-0.0878394
4.8688,4.50205,1.34164,-0.0501606
4.8562,4.48654,1.34061,-0.0124819
4.84361,4.47104,1.33959,0.0251969
4.83101,4.45554,1.33856,0.0628757
4.81841,4.44004,1.33753,0.100554
4.80582,4.42454,1.33651,0.138233
4.79322,4.40904,1.33548,0.175912
4.78063,4.39354,1.33446,0.213591
4.76803,4.37804,1.33343,0.25127
4.75543,4.36254,1.3324,0.288948
4.74284,4.34704,1.33138,0.326627
4.73024,4.33153,1.33035,0.364306
4.71764,4.31603,1.32932,0.401985
4.70505,4.30053,1.3283,0.439663
4.69245,4.28503,1.32727,0.477342
4.67986,4.26953,1.32624,0.515021
4.66726,4.25403,1.32522,0.5527
4.65466,4.23853,1.32419,0.590379
4.64207,4.22303,1.32317,0.628057
4.62947,4.20753,1.32214,0.665736
4.61687,4.19203,1.32111,0.703415
4.59955,4.20133,1.32473,0.754936
4.58222,4.21064,1.32835,0.806458
4.56489,4.21995,1.33197,0.85798
4.54756,4.22926,1.33559,0.909501
4.53024,4.23857,1.3392,0.961023
4.51291,4.24788,1.34282,1.01254
4.49558,4.25719,1.34644,1.06407
4.47825,4.2665,1.35006,1.11559
4.46092,4.2758,1.35368,1.16711
4.4436,4.28511,1.3573,1.21863
4.42627,4.29442,1.36091,1.27015
4.40894,4.30373,1.36453,1.32167
4.39161,4.31304,1.36815,1.3732
4.37428,4.32235,1.37177,1.42472
4.35696,4.33166,1.37539,1.47624
4.33963,4.34096,1.379,1.52776
4.3223,4.35027,1.38262,1.57928
4.30497,4.35958,1.38624,1.6308
4.28764,4.36889,1.38986,1.68233
4.27032,4.3782,1.39348,1.73385
4.25299,4.38751,1.3971,1.78537
4.23566,4.39682,1.40071,1.83689
4.21833,4.40613,1.40433,1.88841
4.201,4.41543,1.40795,1.93993
4.18368,4.42474,1.41157,1.99146
4.16635,4.43405,1.41519,2.04298
4.14902,4.44336,1.41881,2.0945
4.13169,4.45267,1.42242,2.14602
4.11437,4.46198,1.42604,2.19754
4.09704,4.47129,1.42966,2.24906
4.07971,4.48059,1.43328,2.30059
4.06238,4.4899,1.4369,2.35211
4.04505,4.49921,1.44052,2.40363
4.02773,4.50852,1.44413,2.45515
4.0104,4.51783,1.44775,2.50667
3.99307,4.52714,1.45137,2.55819
3.97574,4.53645,1.45499,2.60972
3.95841,4.54576,1.45861,2.66124
3.94109,4.55506,1.46222,2.71276
3.92376,4.56437,1.46584,2.76428
3.90643,4.57368,1.46946,2.8158
3.8891,4.58299,1.47308,2.86732
3.87177,4.5923,1.4767,2.91884
3.85445,4.60161,1.48032,2.97037
3.83712,4.61092,1.48393,3.02189
3.81979,4.62023,1.48755,3.07341
3.80246,4.62953,1.49117,3.12493
3.78514,4.63884,1.49479,-3.10673
3.76781,4.64815,1.49841,-3.05521
3.75048,4.65746,1.50203,-3.00369
3.73174,4.65067,1.50364,-3.04747
3.71299,4.64388,1.50525,-3.09125
3.69425,4.63709,1.50686,-3.13503
3.67551,4.6303,1.50847,3.10438
3.65677,4.62351,1.51008,3.0606
3.63802,4.61672,1.51169,3.01682
3.61928,4.60993,1.5133,2.97304
3.60054,4.60313,1.51491,2.92926
3.58179,4.59634,1.51653,2.88548
3.56305,4.58955,1.51814,2.8417
3.54431,4.58276,1.51975,2.79792
3.52557,4.57597,1.52136,2.75414
3.50682,4.56918,1.52297,2.71037
3.48808,4.56239,1.52458,2.66659
3.46934,4.5556,1.52619,2.62281
3.4506,4.54881,1.5278,2.57903
3.43185,4.54202,1.52942,2.53525
3.41311,4.53523,1.53103,2.49147
3.39437,4.52844,1.53264,2.44769
3.37562,4.52165,1.53425,2.40391
3.35688,4.51486,1.53586,2.36013
3.33814,4.50807,1.53747,2.31635
3.3194,4.50127,1.53908,2.27257
3.30065,4.49448,1.54069,2.22879
3.28191,4.48769,1.54231,2.18501
3.26317,4.4809,1.54392,2.14124
3.24442,4.47411,1.54553,2.09746
3.22568,4.46732,1.54714,2.05368
3.20694,4.46053,1.54875,2.0099
3.1882,4.45374,1.55036,1.96612
3.16945,4.44695,1.55197,1.92234
3.15071,4.44016,1.55358,1.87856
3.13197,4.43337,1.55519,1.83478
3.11323,4.42658,1.55681,1.791
3.09448,4.41979,1.55842,1.74722
3.07574,4.413,1.56003,1.70344
3.057,4.40621,1.56164,1.65966
3.03825,4.39941,1.56325,1.61588
3.01951,4.39262,1.56486,1.5721
3.00077,4.38583,1.56647,1.52833
2.98203,4.37904,1.56808,1.48455
2.96328,4.37225,1.5697,1.44077
2.94454,4.36546,1.57131,1.39699
2.9258,4.35867,1.57292,1.35321
2.90706,4.35188,1.57453,1.30943
2.88831,4.34509,1.57614,1.26565
2.86957,4.3383,1.57775,1.22187
2.85083,4.33151,1.57936,1.17809
2.83208,4.32472,1.58097,1.13431
2.81334,4.31793,1.58259,1.09053
2.7957,4.30871,1.58456,1.06932
2.77807,4.29949,1.58653,1.0481
2.76043,4.29027,1.58851,1.02689
2.74279,4.28105,1.59048,1.00568
2.72515,4.27183,1.59246,0.984461
2.70751,4.26261,1.59443,0.963246
2.68988,4.25339,1.59641,0.942032
2.67224,4.24417,1.59838,0.920817
2.6546,4.23495,1.60036,0.899603
2.63696,4.22573,1.60233,0.878389
2.61933,4.21651,1.60431,0.857174
2.60169,4.20729,1.60628,0.83596
2.58405,4.19807,1.60826,0.814746
2.56641,4.18885,1.61023,0.793531
2.54877,4.17963,1.61221,0.772317
2.53114,4.17041,1.61418,0.751102
2.5135,4.16119,1.61616,0.729888
2.49586,4.15197,1.61813,0.708674
2.47822,4.14275,1.62011,0.687459
2.46059,4.13353,1.62208,0.666245
2.44295,4.12431,1.62406,0.64503
2.42531,4.11509,1.62603,0.623816
2.40767,4.10587,1.62801,0.602602
2.39003,4.09665,1.62998,0.581387
2.3724,4.08743,1.63196,0.560173
2.35476,4.07821,1.63393,0.538958
2.33712,4.06899,1.6359,0.517744
2.31948,4.05977,1.63788,0.49653
2.30184,4.05055,1.63985,0.475315
2.28421,4.04133,1.64183,0.454101
2.26657,4.03211,1.6438,0.432887
2.24893,4.02289,1.64578,0.411672
2.23129,4.01367,1.64775,0.390458
2.21366,4.00445,1.64973,0.369243
2.19602,3.99523,1.6517,0.348029
2.17838,3.98601,1.65368,0.326815
2.16074,3.97679,1.65565,0.3056
2.1431,3.96757,1.65763,0.284386
2.12547,3.95835,1.6596,0.263171
2.10783,3.94913,1.66158,0.241957
2.09019,3.93991,1.66355,0.220743
2.07255,3.93069,1.66553,0.199528
2.05492,3.92147,1.6675,0.178314
2.03728,3.91225,1.66948,0.1571
2.01964,3.90303,1.67145,0.135885
2.002,3.89381,1.67343,0.114671
1.98436,3.88459,1.6754,0.0934564
1.96673,3.87537,1.67738,0.072242
1.94909,3.86615,1.67935,0.0510276
1.93145,3.85693,1.68132,0.0298132
1.91293,3.86408,1.67887,0.0184168
1.89442,3.87123,1.67642,0.0070204
1.8759,3.87838,1.67396,-0.004376
1.85738,3.88553,1.67151,-0.0157724
1.83887,3.89268,1.66906,-0.0271688
1.82035,3.89983,1.6666,-0.0385652
1.80184,3.90698,1.66415,-0.0499616
1.78332,3.91413,1.66169,-0.061358
1.7648,3.92128,1.65924,-0.0727544
1.74629,3.92843,1.65679,-0.0841508
1.72777,3.93558,1.65433,-0.0955472
1.70925,3.94273,1.65188,-0.106944
1.69074,3.94988,1.64942,-0.11834
1.67222,3.95703,1.64697,-0.129736
1.6537,3.96418,1.64452,-0.141133
1.63519,3.97133,1.64206,-0.152529
1.61667,3.97848,1.63961,-0.163926
1.59815,3.98563,1.63716,-0.175322
1.57964,3.99278,1.6347,-0.186718
1.56112,3.99993,1.63225,-0.198115
1.54261,4.00708,1.62979,-0.209511
1.52409,4.01422,1.62734,-0.220908
1.50557,4.02137,1.62489,-0.232304
1.48706,4.02852,1.62243,-0.243701
1.46854,4.03567,1.61998,-0.255097
1.45002,4.04282,1.61752,-0.266493
1.43151,4.04997,1.61507,-0.27789
1.41299,4.05712,1.61262,-0.289286
1.39447,4.06427,1.61016,-0.300683
1.37596,4.07142,1.60771,-0.312079
1.35744,4.07857,1.60525,-0.323475
1.33892,4.08572,1.6028,-0.334872
1.32041,4.09287,1.60035,-0.346268
1.30189,4.10002,1.59789,-0.357665
1.28338,4.10717,1.59544,-0.369061
1.26486,4.11432,1.59299,-0.380457
1.24634,4.12147,1.59053,-0.391854
1.22783,4.12862,1.58808,-0.40325
1.20931,4.13577,1.58562,-0.414647
1.19079,4.14292,1.58317,-0.426043
1.17228,4.15007,1.58072,-0.437439
1.15376,4.15722,1.57826,-0.448836
1.13524,4.16437,1.57581,-0.460232
1.11673,4.17152,1.57335,-0.471629
1.09821,4.17867,1.5709,-0.483025
1.07969,4.18582,1.56845,-0.494421
1.06118,4.19297,1.56599,-0.505818
1.04266,4.20012,1.56354,-0.517214
1.02415,4.20727,1.56109,-0.528611
1.00563,4.21442,1.55863,-0.540007
0.995136,4.19741,1.55798,-0.596578
0.984643,4.18039,1.55732,-0.65315
0.97415,4.16338,1.55667,-0.709721
0.963656,4.14636,1.55602,-0.766292
0.953163,4.12935,1.55536,-0.822863
0.94267,4.11234,1.55471,-0.879435
0.932177,4.09532,1.55406,-0.936006
0.921684,4.07831,1.5534,-0.992577
0.911191,4.0613,1.55275,-1.04915
0.900698,4.04428,1.5521,-1.10572
0.890205,4.02727,1.55144,-1.16229
0.879712,4.01025,1.55079,-1.21886
0.869219,3.99324,1.55014,-1.27543
0.858726,3.97623,1.54948,-1.332
0.848233,3.95921,1.54883,-1.38858
0.83774,3.9422,1.54817,-1.44515
0.827247,3.92519,1.54752,-1.50172
0.816754,3.90817,1.54687,-1.55829
0.806261,3.89116,1.54621,-1.61486
0.795768,3.87414,1.54556,-1.67143
0.785275,3.85713,1.54491,-1.728
0.774782,3.84012,1.54425,-1.78457
0.764289,3.8231,1.5436,-1.84115
0.753796,3.80609,1.54295,-1.89772
0.743303,3.78908,1.54229,-1.95429
0.73281,3.77206,1.54164,-2.01086
0.722317,3.75505,1.54099,-2.06743
0.711824,3.73803,1.54033,-2.124
0.701331,3.72102,1.53968,-2.18057
0.690838,3.70401,1.53903,-2.23715
0.680345,3.68699,1.53837,-2.29372
0.669851,3.66998,1.53772,-2.35029
0.659358,3.65296,1.53707,-2.40686
0.648865,3.63595,1.53641,-2.46343
0.638372,3.61894,1.53576,-2.52
0.627879,3.60192,1.5351,-2.57657
0.617386,3.58491,1.53445,-2.63314
0.606893,3.5679,1.5338,-2.68972
0.5964,3.55088,1.53314,-2.74629
0.585907,3.53387,1.53249,-2.80286
0.575414,3.51685,1.53184,-2.85943
0.564921,3.49984,1.53118,-2.916
0.554428,3.48283,1.53053,-2.97257
0.543935,3.46581,1.52988,-3.02914
0.533442,3.4488,1.52922,-3.08571
0.522949,3.43179,1.52857,3.1409
0.512456,3.41477,1.52792,3.08433
0.501963,3.39776,1.52726,3.02776
0.49147,3.38074,1.52661,2.97119
0.480977,3.36373,1.52596,2.91461
0.462057,3.3574,1.52736,2.92923
0.443137,3.35107,1.52877,2.94385
0.424217,3.34474,1.53017,2.95846
0.405297,3.33841,1.53158,2.97308
0.386377,3.33209,1.53298,2.98769
0.367456,3.32576,1.53439,3.00231
0.348536,3.31943,1.53579,3.01692
0.329616,3.3131,1.5372,3.03154
0.310696,3.30677,1.5386,3.04616
0.291776,3.30044,1.54001,3.06077
0.272856,3.29411,1.54141,3.07539
0.253936,3.28778,1.54282,3.09
0.235016,3.28145,1.54422,3.10462
0.216096,3.27512,1.54563,3.11923
0.197176,3.2688,1.54704,3.13385
0.178256,3.26247,1.54844,-3.13472
0.159336,3.25614,1.54985,-3.1201
0.140416,3.24981,1.55125,-3.10549
0.121496,3.24348,1.55266,-3.09087
0.102575,3.23715,1.55406,-3.07626
0.0836554,3.23082,1.55547,-3.06164
0.0647354,3.22449,1.55687,-3.04703
0.0458153,3.21816,1.55828,-3.03241
0.0268952,3.21183,1.55968,-3.01779
0.00797516,3.20551,1.56109,-3.00318
-0.0109449,3.19918,1.56249,-2.98856
-0.029865,3.19285,1.5639,-2.97395
-0.048785,3.18652,1.5653,-2.95933
-0.0677051,3.18019,1.56671,-2.94472
-0.0866252,3.17386,1.56811,-2.9301
-0.105545,3.16753,1.56952,-2.91548
-0.124465,3.1612,1.57093,-2.90087
-0.143385,3.15487,1.57233,-2.88625
-0.162305,3.14854,1.57374,-2.87164
-0.181226,3.14222,1.57514,-2.85702
-0.200146,3.13589,1.57655,-2.84241
-0.219066,3.12956,1.57795,-2.82779
-0.237986,3.12323,1.57936,-2.81317
-0.256906,3.1169,1.58076,-2.79856
-0.275826,3.11057,1.58217,-2.78394
-0.294746,3.10424,1.58357,-2.76933
-0.313666,3.09791,1.58498,-2.75471
-0.332586,3.09158,1.58638,-2.7401
-0.351506,3.08525,1.58779,-2.72548
-0.370426,3.07893,1.58919,-2.71086
-0.389346,3.0726,1.5906,-2.69625
-0.408266,3.06627,1.59201,-2.68163
-0.427186,3.05994,1.59341,-2.66702
-0.446106,3.05361,1.59482,-2.6524
-0.465027,3.04728,1.59622,-2.63779
-0.480598,3.03473,1.5964,-2.66591
-0.49617,3.02218,1.59658,-2.69403
-0.511741,3.00963,1.59676,-2.72216
-0.527313,2.99708,1.59694,-2.75028
-0.542885,2.98453,1.59711,-2.7784
-0.558456,2.97198,1.59729,-2.80652
-0.574028,2.95943,1.59747,-2.83465
-0.589599,2.94688,1.59765,-2.86277
-0.605171,2.93433,1.59783,-2.89089
-0.620743,2.92178,1.59801,-2.91902
-0.636314,2.90923,1.59819,-2.94714
-0.651886,2.89669,1.59836,-2.97526
-0.667457,2.88414,1.59854,-3.00339
-0.683029,2.87159,1.59872,-3.03151
-0.698601,2.85904,1.5989,-3.05963
-0.714172,2.84649,1.59908,-3.08776
-0.729744,2.83394,1.59926,-3.11588
-0.745316,2.82139,1.59944,3.13918
-0.760887,2.80884,1.59961,3.11106
-0.776459,2.79629,1.59979,3.08294
-0.79203,2.78374,1.59997,3.05481
-0.807602,2.77119,1.60015,3.02669
-0.823174,2.75864,1.60033,2.99857
-0.838745,2.74609,1.60051,2.97045
-0.854317,2.73354,1.60069,2.94232
-0.869888,2.72099,1.60086,2.9142
-0.88546,2.70844,1.60104,2.88608
-0.901032,2.69589,1.60122,2.85795
-0.916603,2.68334,1.6014,2.82983
-0.932175,2.67079,1.60158,2.80171
-0.947746,2.65824,1.60176,2.77358
-0.963318,2.64569,1.60194,2.74546
-0.97889,2.63314,1.60211,2.71734
-0.994461,2.62059,1.60229,2.68922
-1.01003,2.60804,1.60247,2.66109
-1.0256,2.59549,1.60265,2.63297
-1.04118,2.58294,1.60283,2.60485
-1.05675,2.5704,1.60301,2.57672
-1.07232,2.55785,1.60319,2.5486
-1.08789,2.5453,1.60336,2.52048
-1.10346,2.53275,1.60354,2.49235
-1.11903,2.5202,1.60372,2.46423
-1.13461,2.50765,1.6039,2.43611
-1.15018,2.4951,1.60408,2.40798
-1.16575,2.48255,1.60426,2.37986
-1.18132,2.47,1.60444,2.35174
-1.19689,2.45745,1.60461,2.32362
-1.21246,2.4449,1.60479,2.29549
-1.22804,2.43235,1.60497,2.26737
-1.24361,2.4198,1.60515,2.23925
-1.25865,2.40664,1.6044,2.24026
-1.27368,2.39347,1.60365,2.24127
-1.28872,2.38031,1.6029,2.24229
-1.30376,2.36714,1.60215,2.2433
-1.3188,2.35398,1.6014,2.24431
-1.33383,2.34081,1.60065,2.24532
-1.34887,2.32765,1.59991,2.24634
-1.36391,2.31449,1.59916,2.24735
-1.37895,2.30132,1.59841,2.24836
-1.39399,2.28816,1.59766,2.24938
-1.40902,2.27499,1.59691,2.25039
-1.42406,2.26183,1.59616,2.2514
-1.4391,2.24866,1.59541,2.25242
-1.45414,2.2355,1.59466,2.25343
-1.46918,2.22233,1.59391,2.25444
-1.48421,2.20917,1.59316,2.25546
-1.49925,2.19601,1.59241,2.25647
-1.51429,2.18284,1.59166,2.25748
-1.52933,2.16968,1.59092,2.25849
-1.54437,2.15651,1.59017,2.25951
-1.5594,2.14335,1.58942,2.26052
-1.57444,2.13018,1.58867,2.26153
-1.58948,2.11702,1.58792,2.26255
-1.60452,2.10386,1.58717,2.26356
-1.61956,2.09069,1.58642,2.26457
-1.63459,2.07753,1.58567,2.26559
-1.64963,2.06436,1.58492,2.2666
-1.66467,2.0512,1.58417,2.26761
-1.67971,2.03803,1.58342,2.26862
-1.69475,2.02487,1.58267,2.26964
-1.70978,2.01171,1.58193,2.27065
-1.72482,1.99854,1.58118,2.27166
-1.73986,1.98538,1.58043,2.27268
-1.7549,1.97221,1.57968,2.27369
-1.76993,1.95905,1.57893,2.2747
-1.78497,1.94588,1.57818,2.27572
-1.80001,1.93272,1.57743,2.27673
-1.81505,1.91956,1.57668,2.27774
-1.83009,1.90639,1.57593,2.27876
-1.84512,1.89323,1.57518,2.27977
-1.86016,1.88006,1.57443,2.28078
-1.8752,1.8669,1.57368,2.28179
-1.89024,1.85373,1.57294,2.28281
-1.90528,1.84057,1.57219,2.28382
-1.92031,1.82741,1.57144,2.28483
-1.93535,1.81424,1.57069,2.28585
-1.95039,1.80108,1.56994,2.28686
-1.96543,1.78791,1.56919,2.28787
-1.98047,1.77475,1.56844,2.28889
-1.9955,1.76158,1.56769,2.2899
-1.99526,1.74175,1.56511,2.27561
-1.99502,1.72192,1.56252,2.26132
-1.99478,1.70209,1.55993,2.24703
-1.99453,1.68226,1.55735,2.23275
-1.99429,1.66243,1.55476,2.21846
-1.99405,1.6426,1.55217,2.20417
-1.99381,1.62277,1.54959,2.18988
-1.99357,1.60294,1.547,2.17559
-1.99332,1.58311,1.54442,2.1613
-1.99308,1.56328,1.54183,2.14702
-1.99284,1.54345,1.53924,2.13273
-1.9926,1.52362,1.53666,2.11844
-1.99235,1.50379,1.53407,2.10415
-1.99211,1.48396,1.53149,2.08986
-1.99187,1.46412,1.5289,2.07557
-1.99163,1.44429,1.52631,2.06129
-1.99138,1.42446,1.52373,2.047
-1.99114,1.40463,1.52114,2.03271
-1.9909,1.3848,1.51856,2.01842
-1.99066,1.36497,1.51597,2.00413
-1.99042,1.34514,1.51338,1.98984
-1.99017,1.32531,1.5108,1.97556
-1.98993,1.30548,1.50821,1.96127
-1.98969,1.28565,1.50563,1.94698
-1.98945,1.26582,1.50304,1.93269
-1.9892,1.24599,1.50045,1.9184
-1.98896,1.22616,1.49787,1.90411
-1.98872,1.20633,1.49528,1.88983
-1.98848,1.1865,1.4927,1.87554
-1.98823,1.16667,1.49011,1.86125
-1.98799,1.14683,1.48752,1.84696
-1.98775,1.127,1.48494,1.83267
-1.98751,1.10717,1.48235,1.81838
-1.98726,1.08734,1.47977,1.8041
-1.98702,1.06751,1.47718,1.78981
-1.98678,1.04768,1.47459,1.77552
-1.98654,1.02785,1.47201,1.76123
-1.9863,1.00802,1.46942,1.74694
-1.98605,0.98819,1.46683,1.73265
-1.98581,0.968359,1.46425,1.71837
-1.98557,0.948528,1.46166,1.70408
-1.98533,0.928698,1.45908,1.68979
-1.98508,0.908867,1.45649,1.6755
-1.98484,0.889037,1.4539,1.66121
-1.9846,0.869206,1.45132,1.64692
-1.98436,0.849375,1.44873,1.63264
-1.98411,0.829545,1.44615,1.61835
-1.98387,0.809714,1.44356,1.60406
-1.98363,0.789884,1.44097,1.58977
-1.98339,0.770053,1.43839,1.57548
-1.99842,0.756955,1.43677,1.60238
-2.01344,0.743857,1.43516,1.62928
-2.02847,0.73076,1.43354,1.65618
-2.0435,0.717662,1.43193,1.68308
-2.05853,0.704564,1.43031,1.70998
-2.07356,0.691467,1.4287,1.73688
-2.08858,0.678369,1.42708,1.76377
-2.10361,0.665271,1.42547,1.79067
-2.11864,0.652174,1.42385,1.81757
-2.13367,0.639076,1.42224,1.84447
-2.1487,0.625978,1.42062,1.87137
-2.16372,0.612881,1.41901,1.89827
-2.17875,0.599783,1.4174,1.92517
-2.19378,0.586685,1.41578,1.95207
-2.20881,0.573587,1.41417,1.97897
-2.22384,0.56049,1.41255,2.00587
-2.23886,0.547392,1.41094,2.03276
-2.25389,0.534294,1.40932,2.05966
-2.26892,0.521197,1.40771,2.08656
-2.28395,0.508099,1.40609,2.11346
-2.29898,0.495001,1.40448,2.14036
-2.314,0.481904,1.40286,2.16726
-2.32903,0.468806,1.40125,2.19416
-2.34406,0.455708,1.39963,2.22106
-2.35909,0.442611,1.39802,2.24796
-2.37412,0.429513,1.3964,2.27486
-2.38915,0.416415,1.39479,2.30175
-2.40417,0.403317,1.39317,2.32865
-2.4192,0.39022,1.39156,2.35555
-2.43423,0.377122,1.38994,2.38245
-2.44926,0.364024,1.38833,2.40935
-2.46429,0.350927,1.38671,2.43625
-2.47931,0.337829,1.3851,2.46315
-2.49434,0.324731,1.38348,2.49005
-2.50937,0.311634,1.38187,2.51695
-2.5244,0.298536,1.38025,2.54385
-2.53943,0.285438,1.37864,2.57075
-2.55445,0.272341,1.37702,2.59764
-2.56948,0.259243,1.37541,2.62454
-2.58451,0.246145,1.37379,2.65144
-2.59954,0.233047,1.37218,2.67834
-2.61457,0.21995,1.37056,2.70524
-2.62959,0.206852,1.36895,2.73214
-2.64462,0.193754,1.36733,2.75904
-2.65965,0.180657,1.36572,2.78594
-2.67468,0.167559,1.36411,2.81284
-2.68971,0.154461,1.36249,2.83974
-2.70473,0.141364,1.36088,2.86663
-2.71976,0.128266,1.35926,2.89353
-2.73479,0.115168,1.35765,2.92043
-2.74263,0.0969364,1.35515,2.97589
-2.75046,0.0787046,1.35266,3.03135
-2.75829,0.0604728,1.35017,3.08681
-2.76613,0.042241,1.34767,-3.14092
-2.77396,0.0240092,1.34518,-3.08546
-2.7818,0.00577741,1.34269,-3.03
-2.78963,-0.0124544,1.34019,-2.97454
-2.79747,-0.0306862,1.3377,-2.91908
-2.8053,-0.048918,1.3352,-2.86363
-2.81314,-0.0671498,1.33271,-2.80817
-2.82097,-0.0853816,1.33022,-2.75271
-2.82881,-0.103613,1.32772,-2.69725
-2.83664,-0.121845,1.32523,-2.64179
-2.84448,-0.140077,1.32274,-2.58633
-2.85231,-0.158309,1.32024,-2.53087
-2.86015,-0.176541,1.31775,-2.47541
-2.86798,-0.194772,1.31526,-2.41996
-2.87582,-0.213004,1.31276,-2.3645
-2.88365,-0.231236,1.31027,-2.30904
-2.89149,-0.249468,1.30778,-2.25358
-2.89932,-0.2677,1.30528,-2.19812
-2.90716,-0.285932,1.30279,-2.14266
-2.91499,-0.304163,1.3003,-2.0872
-2.92283,-0.322395,1.2978,-2.03175
-2.93066,-0.340627,1.29531,-1.97629
-2.9385,-0.358859,1.29282,-1.92083
-2.94633,-0.377091,1.29032,-1.86537
-2.95416,-0.395322,1.28783,-1.80991
-2.962,-0.413554,1.28534,-1.75445
-2.96983,-0.431786,1.28284,-1.69899
-2.97767,-0.450018,1.28035,-1.64353
-2.9855,-0.46825,1.27786,-1.58808
-2.99334,-0.486481,1.27536,-1.53262
-3.00117,-0.504713,1.27287,-1.47716
-3.00901,-0.522945,1.27038,-1.4217
-3.01684,-0.541177,1.26788,-1.36624
-3.02468,-0.559409,1.26539,-1.31078
-3.03251,-0.57764,1.2629,-1.25532
-3.04035,-0.595872,1.2604,-1.19987
-3.04818,-0.614104,1.25791,-1.14441
-3.05602,-0.632336,1.25541,-1.08895
-3.06385,-0.650568,1.25292,-1.03349
-3.07169,-0.668799,1.25043,-0.97803
-3.07952,-0.687031,1.24793,-0.922572
-3.08736,-0.705263,1.24544,-0.867113
-3.09519,-0.723495,1.24295,-0.811654
-3.10303,-0.741727,1.24045,-0.756196
-3.11086,-0.759959,1.23796,-0.700737
-3.1187,-0.77819,1.23547,-0.645278
-3.12653,-0.796422,1.23297,-0.58982
-3.12463,-0.815727,1.23784,-0.564001
-3.12272,-0.835033,1.24271,-0.538183
-3.12082,-0.854338,1.24757,-0.512365
-3.11892,-0.873644,1.25244,-0.486546
-3.11702,-0.892949,1.25731,-0.460728
-3.11511,-0.912254,1.26217,-0.43491
-3.11321,-0.93156,1.26704,-0.409091
-3.11131,-0.950865,1.27191,-0.383273
-3.10941,-0.97017,1.27677,-0.357455
-3.1075,-0.989476,1.28164,-0.331637
-3.1056,-1.00878,1.28651,-0.305818
-3.1037,-1.02809,1.29137,-0.28
-3.1018,-1.04739,1.29624,-0.254182
-3.09989,-1.0667,1.3011,-0.228363
-3.09799,-1.086,1.30597,-0.202545
-3.09609,-1.10531,1.31084,-0.176727
-3.09418,-1.12461,1.3157,-0.150908
-3.09228,-1.14392,1.32057,-0.12509
-3.09038,-1.16322,1.32544,-0.0992717
-3.08848,-1.18253,1.3303,-0.0734534
-3.08657,-1.20183,1.33517,-0.0476351
-3.08467,-1.22114,1.34004,-0.0218168
-3.08277,-1.24045,1.3449,0.0040015
-3.08087,-1.25975,1.34977,0.0298198
-3.07896,-1.27906,1.35464,0.0556381
-3.07706,-1.29836,1.3595,0.0814564
-3.07516,-1.31767,1.36437,0.107275
-3.07325,-1.33697,1.36924,0.133093
-3.07135,-1.35628,1.3741,0.158911
-3.06945,-1.37558,1.37897,0.18473
-3.06755,-1.39489,1.38384,0.210548
-3.06564,-1.41419,1.3887,0.236366
-3.06374,-1.4335,1.39357,0.262185
-3.06184,-1.4528,1.39843,0.288003
-3.05994,-1.47211,1.4033,0.313821
-3.05803,-1.49142,1.40817,0.33964
-3.05613,-1.51072,1.41303,0.365458
-3.05423,-1.53003,1.4179,0.391276
-3.05233,-1.54933,1.42277,0.417094
-3.05042,-1.56864,1.42763,0.442913
-3.04852,-1.58794,1.4325,0.468731
-3.04662,-1.60725,1.43737,0.494549
-3.04471,-1.62655,1.44223,0.520368
-3.04281,-1.64586,1.4471,0.546186
-3.04091,-1.66516,1.45197,0.572004
-3.03901,-1.68447,1.45683,0.597823
-3.0371,-1.70377,1.4617,0.623641
-3.0352,-1.72308,1.46657,0.649459
-3.0333,-1.74238,1.47143,0.675278
-3.0314,-1.76169,1.4763,0.701096
-3.0503,-1.7659,1.48129,0.727282
-3.0692,-1.77012,1.48628,0.753467
-3.08811,-1.77433,1.49127,0.779653
-3.10701,-1.77854,1.49626,0.805839
-3.12591,-1.78276,1.50125,0.832025
-3.14482,-1.78697,1.50624,0.858211
-3.16372,-1.79119,1.51123,0.884396
-3.18262,-1.7954,1.51622,0.910582
-3.20153,-1.79961,1.52121,0.936768
-3.22043,-1.80383,1.5262,0.962954
-3.23933,-1.80804,1.53119,0.98914
-3.25824,-1.81225,1.53618,1.01533
-3.27714,-1.81647,1.54117,1.04151
-3.29604,-1.82068,1.54616,1.0677
-3.31495,-1.8249,1.55115,1.09388
-3.33385,-1.82911,1.55614,1.12007
-3.35276,-1.83332,1.56113,1.14625
-3.37166,-1.83754,1.56612,1.17244
-3.39056,-1.84175,1.57111,1.19863
-3.40947,-1.84596,1.5761,1.22481
-3.42837,-1.85018,1.58109,1.251
-3.44727,-1.85439,1.58609,1.27718
-3.46618,-1.8586,1.59108,1.30337
-3.48508,-1.86282,1.59607,1.32955
-3.50398,-1.86703,1.60106,1.35574
-3.52289,-1.87125,1.60605,1.38193
-3.54179,-1.87546,1.61104,1.40811
-3.56069,-1.87967,1.61603,1.4343
-3.5796,-1.88389,1.62102,1.46048
-3.5985,-1.8881,1.62601,1.48667
-3.6174,-1.89231,1.631,1.51286
-3.63631,-1.89653,1.63599,1.53904
-3.65521,-1.90074,1.64098,1.56523
-3.67411,-1.90495,1.64597,1.59141
-3.69302,-1.90917,1.65096,1.6176
-3.71192,-1.91338,1.65595,1.64378
-3.73082,-1.9176,1.66094,1.66997
-3.74973,-1.92181,1.66593,1.69616
-3.76863,-1.92602,1.67092,1.72234
-3.78754,-1.93024,1.67591,1.74853
-3.80644,-1.93445,1.6809,1.77471