4,4,0.13,-7.38887e-18
4,4,0.13,-9.53722e-18
4,4,0.13,-1.22537e-17
4,4,0.13,-1.44134e-17
4,4,0.13,-1.70536e-17
4,4,0.13,-1.92588e-17
4,4,0.13,-2.2002e-17
4,4,0.13,-2.41659e-17
4,4,0.13,-2.6871e-17
4,4,0.13,-2.90327e-17
4,4,0.13,-3.1725e-17
4,4,0.13,-3.3909e-17
4,4,0.13,-3.66046e-17
4,4,0.13,-3.87684e-17
4,4,0.13,-4.14496e-17
4,4,0.13,-4.361e-17
4,4,0.13,-4.6279e-17
4,4,0.13,-4.74843e-17
4,4,0.13,-5.11472e-17
4,4,0.13,-5.33281e-17
4.00364,4,0.178218,-2.19622e-07
4.03516,4.00002,0.310307,2.43443e-06
4.08023,4.00009,0.459756,7.85693e-06
4.11088,4.00023,0.591849,6.94554e-06
4.12335,4.00003,0.693638,-0.0114649
4.12509,3.99744,0.761834,-0.0421014
4.12308,3.99286,0.801582,-0.0820508
4.12141,3.98754,0.820624,-0.124485
4.12148,3.98184,0.828016,-0.176134
4.12274,3.97321,0.827844,-0.242011
4.12331,3.96312,0.823874,-0.311767
4.1227,3.95407,0.818711,-0.378628
4.12141,3.94629,0.815427,-0.450259
4.11884,3.93673,0.812542,-0.531037
4.11408,3.92637,0.809984,-0.614658
4.10866,3.91837,0.808065,-0.68589
4.10292,3.91149,0.808131,-0.762421
4.09588,3.90339,0.808044,-0.846244
4.08735,3.8954,0.807646,-0.928529
4.07866,3.88915,0.807002,-1.00372
4.07063,3.88432,0.807858,-1.08049
4.06118,3.87871,0.808183,-1.16414
4.05133,3.87401,0.807971,-1.23965
4.04024,3.87035,0.807299,-1.32068
4.03113,3.8682,0.808122,-1.39696
4.02049,3.8658,0.808378,-1.48019
4.00882,3.86433,0.80807,-1.56166
3.99546,3.86452,0.807523,-1.65599
3.98879,3.86509,0.808171,-1.71201
3.9783,3.86602,0.80842,-1.79164
3.97033,3.86732,0.80826,-1.84757
3.95608,3.8716,0.80739,-1.95043
3.94961,3.87431,0.80799,-2.00708
3.93746,3.87949,0.808396,-2.10918
3.92712,3.88517,0.808067,-2.19036
3.91851,3.89146,0.807374,-2.26449
3.91178,3.89728,0.808143,-2.33711
3.90328,3.90472,0.808419,-2.42319
3.89523,3.9133,0.808098,-2.50437
3.88647,3.92605,0.807792,-2.61643
3.88398,3.93021,0.808205,-2.6576
3.87863,3.93921,0.808418,-2.73714
3.87361,3.94984,0.808074,-2.81833
3.87063,3.95885,0.807473,-2.88413
3.8588,3.95462,0.812343,-2.97124
3.77232,3.86799,0.808901,-3.01967
3.65715,3.76491,0.799355,-3.04839
3.40577,3.53089,0.797391,-3.11482
3.40423,3.5294,0.797693,-3.11536
3.39261,3.51918,0.801151,-3.11966
3.37769,3.52098,0.813847,-3.12994
3.38065,3.54517,0.828484,3.1344
3.3903,3.55488,0.8388,3.10753
3.40059,3.54444,0.846484,3.06757
3.40827,3.51965,0.851111,3.01986
3.41508,3.48487,0.85411,2.95983
3.42043,3.45557,0.855532,2.908
3.43427,3.39201,0.857064,2.7846
3.44097,3.36668,0.857385,2.73088
3.45262,3.32744,0.857769,2.64313
3.4655,3.28847,0.858102,2.5517
3.47951,3.24939,0.8585,2.45756
3.49639,3.20538,0.859043,2.3499
3.50794,3.17666,0.859467,2.27966
3.52778,3.12911,0.860291,2.1653
3.54581,3.08698,0.861057,2.06608
3.56458,3.0439,0.861832,1.96636
3.58018,3.00852,0.862434,1.88632
3.62272,2.91132,0.864148,1.67594
3.62351,2.9095,0.864302,1.67225
3.63997,2.87871,0.87548,1.60183
3.63683,2.9085,0.885359,1.57104
3.61978,2.94977,0.892466,1.55664
3.5803,2.99478,0.906278,1.53239
3.5489,2.99891,0.916543,1.50691
3.51714,2.98041,0.925516,1.46841
3.48901,2.94986,0.931751,1.41923
3.46312,2.91375,0.936067,1.35856
3.43919,2.87558,0.939054,1.28735
3.41923,2.84102,0.941093,1.21718
3.39454,2.79595,0.943359,1.11963
3.37272,2.75462,0.945379,1.02613
3.3506,2.7118,0.947538,0.927995
3.32243,2.65675,0.950323,0.801579
3.30465,2.62191,0.952123,0.722146
3.28047,2.57481,0.954558,0.615978
3.25522,2.52644,0.957078,0.50844
3.23309,2.48499,0.959217,0.417465
3.20109,2.42689,0.962188,0.291082
3.14877,2.33721,0.966665,0.0998812
3.14755,2.33523,0.966756,0.0956743
3.11359,2.28224,0.968889,-0.0243648
3.09054,2.24736,0.969523,-0.117341
3.06452,2.21736,0.96936,-0.206703
3.02951,2.19141,0.96853,-0.29401
2.97618,2.16452,0.966367,-0.397754
2.93602,2.14813,0.964239,-0.466748
2.90246,2.13549,0.962189,-0.521977
2.8288,2.109,0.957163,-0.640061
2.75941,2.08511,0.952247,-0.74889
2.71597,2.07084,0.949215,-0.816144
2.65351,2.05139,0.944949,-0.912278
2.59741,2.03496,0.941226,-0.998341
2.54062,2.01933,0.937569,-1.0849
2.4808,2.00403,0.933832,-1.17546
2.42046,1.98979,0.93013,-1.26639
2.35964,1.9766,0.926429,-1.35759
2.29843,1.96448,0.922717,-1.449
2.23702,1.9535,0.919042,-1.54053
2.17554,1.94366,0.915372,-1.63211
2.11916,1.93565,0.91201,-1.7163
2.06785,1.92919,0.908948,-1.79285
1.99741,1.92217,0.905015,-1.89991
1.94966,1.91963,0.902477,-1.981
1.90763,1.91894,0.900137,-2.05226
1.87132,1.91969,0.898131,-2.10921
1.80297,1.92436,0.89454,-2.20509
1.74779,1.93022,0.891809,-2.27586
1.69136,1.93721,0.889099,-2.34552
1.65286,1.94227,0.887299,-2.39249
1.57816,1.9524,0.883847,-2.4831
1.51768,1.96095,0.881076,-2.55687
1.46673,1.96848,0.878724,-2.61962
1.41191,1.97694,0.876177,-2.68777
1.3578,1.98571,0.873636,-2.75589
1.30446,1.99475,0.871097,-2.82395
1.2518,2.00401,0.868533,-2.89207
1.21212,2.01118,0.866571,-2.94387
1.16439,2.01999,0.864184,-3.00671
1.09659,2.03286,0.860768,-3.09695
1.04602,2.0427,0.858187,3.11776
1.00797,2.05019,0.856229,3.06566
0.891405,2.07512,0.850355,2.89939
0.890062,2.07547,0.850299,2.89711
0.87086,2.08101,0.849547,2.86044
0.854109,2.087,0.849192,2.81597
0.839271,2.09639,0.84968,2.77128
0.822202,2.11525,0.851056,2.73252
0.801488,2.14522,0.853626,2.69682
0.778439,2.18354,0.857465,2.66335
0.754414,2.22629,0.862417,2.63149
0.730977,2.26909,0.867962,2.60182
0.70631,2.31418,0.874214,2.5715
0.68048,2.36115,0.880958,2.54026
0.657584,2.40261,0.886966,2.51273
0.627843,2.45647,0.894743,2.47683
0.606201,2.49577,0.900378,2.45044
0.58175,2.54029,0.906702,2.42036
0.557359,2.58482,0.912967,2.39013
0.532965,2.62944,0.91918,2.35973
0.511519,2.66876,0.924631,2.33287
0.484362,2.71869,0.931561,2.29857
0.460268,2.76308,0.937733,2.26786
0.437362,2.80539,0.943559,2.23846
0.413061,2.85043,0.949895,2.20671
0.39024,2.89287,0.955606,2.17687
0.368524,2.93197,0.961489,2.1439
0.351854,2.95391,0.965492,2.11432
0.317466,2.97557,0.971168,2.04985
0.287367,2.9815,0.97433,1.99119
0.251232,2.98236,0.976971,1.91616
0.22285,2.98069,0.978542,1.85205
0.177106,2.9752,0.980594,1.73617
0.141521,2.96872,0.982031,1.63419
0.104204,2.95974,0.983511,1.51727
0.056989,2.94513,0.985461,1.35793
0.0396718,2.93884,0.986203,1.29702
0.00635409,2.92527,0.987694,1.17783
-0.0274085,2.90965,0.989269,1.05648
-0.061887,2.89207,0.990905,0.93361
-0.0844192,2.87985,0.991975,0.854379
-0.133765,2.85151,0.994286,0.684975
-0.171777,2.82869,0.996022,0.559603
-0.211694,2.80441,0.997766,0.433739
-0.253583,2.77905,0.999505,0.307671
-0.286657,2.75926,1.00075,0.211881
-0.344241,2.72586,1.00258,0.0511373
-0.370703,2.70963,1.00291,-0.0278014
-0.407047,2.67729,1.00216,-0.15143
-0.43689,2.6325,1.00009,-0.267107
-0.461466,2.58318,0.997614,-0.364005
-0.48936,2.52023,0.994427,-0.469737
-0.509378,2.47304,0.992014,-0.542566
-0.533109,2.41658,0.989083,-0.625844
-0.556896,2.3606,0.986112,-0.706054
-0.58091,2.3054,0.983118,-0.783856
-0.605289,2.25095,0.980089,-0.859817
-0.630097,2.19721,0.977027,-0.934446
-0.656357,2.14197,0.973787,-1.011
-0.676825,2.10002,0.971297,-1.06937
-0.706839,2.03999,0.967689,-1.15348
-0.731938,1.99099,0.964705,-1.22277
-0.759357,1.93863,0.961473,-1.29764
-0.785866,1.8891,0.958374,-1.36947
-0.816763,1.83258,0.954794,-1.45284
-0.839313,1.79196,0.952184,-1.5133
-0.870464,1.73699,0.948624,-1.59564
-0.891791,1.70126,0.946524,-1.65169
-0.919963,1.66275,0.94393,-1.71423
-0.944597,1.64051,0.941542,-1.7476
-0.979717,1.61972,0.938005,-1.77027
-1.02184,1.60187,0.933629,-1.77438
-1.06543,1.58612,0.928939,-1.76122
-1.11498,1.56889,0.923371,-1.72969
-1.15318,1.55556,0.918909,-1.69466
-1.19567,1.54059,0.913826,-1.64614
-1.24216,1.52405,0.908141,-1.58336
-1.2796,1.51072,0.903515,-1.52694
-1.31803,1.4972,0.898719,-1.46477
-1.34811,1.48686,0.894931,-1.41384
-1.39678,1.47074,0.888797,-1.32865
-1.44674,1.45512,0.882483,-1.23918
-1.46387,1.45001,0.880329,-1.20824
-1.50913,1.43712,0.874659,-1.12646
-1.55327,1.42545,0.869182,-1.04739
-1.59296,1.41562,0.86431,-0.976966
-1.63599,1.40567,0.859042,-0.90118
-1.66924,1.39852,0.855166,-0.843589
-1.70784,1.39084,0.850742,-0.770969
-1.7354,1.38684,0.847719,-0.711219
-1.77451,1.38522,0.844126,-0.620145
-1.8111,1.3866,0.841275,-0.532021
-1.8423,1.38892,0.838974,-0.455126
-1.88316,1.39304,0.83598,-0.351353
-1.93289,1.39965,0.832313,-0.221515
-1.97973,1.40726,0.828897,-0.0979068
-2.02687,1.41577,0.82551,0.0263047
-2.09889,1.42936,0-,1.45592
4.50175,-3.51981,1.23045,1.51406
4.44496,-3.50154,1.2322,1.59798
4.38687,-3.48381,1.23401,1.6919
4.32774,-3.46716,1.2358,1.79345
4.26794,-3.45203,1.23747,1.90071
4.20774,-3.4386,1.23905,2.01219
4.14745,-3.42695,1.24053,2.1267
4.08997,-3.41752,1.24192,2.23846
4.03569,-3.41007,1.24324,2.34678
3.97303,-3.40295,1.2447,2.47494
3.91629,-3.39785,1.24608,2.59415
3.86103,-3.39398,1.24749,2.71369
3.80742,-3.39114,1.24894,2.8333
3.73546,-3.38842,1.25095,3.00033
3.69589,-3.38812,1.25196,3.09624
3.65685,-3.39002,1.25382,-3.07968
3.6341,-3.39177,1.255,-3.02026
3.61224,-3.3938,1.25559,-2.97926
3.563,-3.3987,1.25543,-2.94653
3.51913,-3.40203,1.25463,-2.9625
3.4713,-3.40381,1.25361,-3.00968
3.42143,-3.40352,1.25254,-3.08312
3.37123,-3.40101,1.25146,3.10576
3.31039,-3.39512,1.25004,2.96668
3.28005,-3.39108,1.24929,2.88761
3.22414,-3.38189,1.24786,2.72403
3.18709,-3.37488,1.24685,2.60168
3.14788,-3.36713,1.24571,2.45816
3.11294,-3.36067,1.24463,2.31682
3.07771,-3.35537,1.24349,2.16109
3.05244,-3.35283,1.24269,2.03991
3.01701,-3.3523,1.24155,1.85655
2.9946,-3.35444,1.2408,1.73352
2.96204,-3.36166,1.23972,1.5482
2.9417,-3.36875,1.23903,1.43046
2.90084,-3.3888,1.23769,1.19367
2.88637,-3.39808,1.23709,1.09682
2.87476,-3.40829,1.23677,0.99725
2.85999,-3.43639,1.2388,0.824161
2.84768,-3.47191,1.24305,0.689938
2.8356,-3.50572,1.2475,0.587452
2.81107,-3.56874,1.25622,0.418098
2.78833,-3.6238,1.26395,0.279203
2.76768,-3.67193,1.27066,0.160905
2.73647,-3.74028,1.28009,-0.00479452
2.70644,-3.8001,1.28828,-0.149644
2.66897,-3.86711,1.29742,-0.313889
2.63665,-3.9192,1.30456,-0.443995
2.59717,-3.9769,1.31264,-0.592739
2.55501,-4.03295,1.32071,-0.7425
2.52483,-4.07015,1.32615,-0.84474
2.46293,-4.13936,1.3367,-1.04407
2.41353,-4.18879,1.34472,-1.19579
2.36251,-4.2353,1.3527,-1.34799
2.32716,-4.26511,1.35811,-1.45168
2.25785,-4.31856,1.36867,-1.65351
2.22202,-4.34391,1.37409,-1.75762
2.15518,-4.38575,1.38368,-1.95373
2.11412,-4.40779,1.39148,-2.09585
2.08759,-4.42739,1.40034,-2.22719
2.07135,-4.45314,1.41154,-2.36382
2.06281,-4.48896,1.42636,-2.51489
2.06101,-4.51834,1.43878,-2.62645
2.06223,-4.5463,1.45126,-2.73009
2.06659,-4.57743,1.4659,-2.84477
2.07345,-4.60805,1.48074,-2.95663
2.08223,-4.63855,1.49571,-3.06634
2.09132,-4.66562,1.50897,3.12164
2.10455,-4.70058,1.52589,3.00192
2.11788,-4.73221,1.54095,2.89609
2.13265,-4.76428,1.55597,2.79098
2.14887,-4.79693,1.57095,2.68639
2.16722,-4.83167,1.58657,2.57785
2.18156,-4.85767,1.598,2.49869
2.20551,-4.89961,1.61594,2.37407
2.22661,-4.93539,1.63082,2.2704
2.24876,-4.97219,1.64569,2.16683
2.2671,-5.00244,1.65733,2.08467
2.29319,-5.04533,1.6721,1.96878
2.3049,-5.06463,1.67824,1.9143
2.31835,-5.10511,1.68557,1.83203
2.31436,-5.13983,1.68586,1.80772
2.30175,-5.17445,1.68316,1.81281
2.27772,-5.22068,1.67696,1.85047
2.24849,-5.26748,1.66897,1.915
2.21135,-5.32128,1.65872,2.01322
2.19367,-5.34596,1.65389,2.06445
2.14711,-5.41073,1.64144,2.20987
2.12131,-5.44767,1.63466,2.29647
2.0759,-5.51661,1.62275,2.45961
2.04029,-5.57565,1.61323,2.5984
2.00899,-5.63232,1.60456,2.72999
1.97851,-5.69309,1.59563,2.86946
1.95046,-5.75521,1.58675,3.0108
1.92591,-5.81583,1.57828,-3.13555
1.90233,-5.88194,1.56918,-2.98648
1.88558,-5.93529,1.56183,-2.86562
1.86153,-6.02586,1.54924,-2.65789
1.84892,-6.0846,1.54118,-2.52125
1.84401,-6.11415,1.53738,-2.4503
1.83882,-6.17551,1.53004,-2.27561
1.83377,-6.19799,1.52681,-2.19069
1.81679,-6.21255,1.52328,-2.1171
1.79628,-6.21664,1.52086,-2.08425
1.74598,-6.21477,1.51684,-2.06671
1.70816,-6.20985,1.51457,-2.07996
1.64618,-6.19978,1.51133,-2.12877
1.59154,-6.18997,1.50871,-2.19106
1.53508,-6.17901,1.5061,-2.26835
1.47762,-6.16655,1.50347,-2.3569
1.41992,-6.15237,1.50084,-2.45378
1.34847,-6.13236,1.49756,-2.58214
1.30727,-6.11955,1.49564,-2.6595
1.24662,-6.09891,1.49278,-2.77801
1.19424,-6.07945,1.49027,-2.88495
1.14108,-6.05841,1.48766,-2.99751
1.08917,-6.03672,1.48504,-3.1106
1.03896,-6.01459,1.48246,3.05931
0.996329,-5.99503,1.48019,2.95965
0.958785,-5.97738,1.47813,2.86913
0.900411,-5.94884,1.47487,2.72301
0.861774,-5.92962,1.47284,2.62063
0.82479,-5.9149,1.47091,2.531
0.792425,-5.90576,1.46929,2.46755
0.744439,-5.89662,1.46709,2.39845
0.700383,-5.89099,1.46537,2.35529
0.654504,-5.88674,1.46386,2.3256
0.607454,-5.88349,1.46254,2.30733
0.559517,-5.88099,1.46136,2.29833
0.50672,-5.87894,1.46016,2.29669
0.461142,-5.87765,1.45916,2.30024
0.415324,-5.87674,1.45817,2.30708
0.36123,-5.87606,1.457,2.31804
0.31082,-5.87572,1.45589,2.33002
0.260125,-5.87559,1.45477,2.34303
0.211187,-5.87562,1.45368,2.35601
0.155936,-5.87578,1.45245,2.37081
0.106835,-5.87602,1.45137,2.38391
0.0558045,-5.87632,1.45025,2.39737
-0.00327522,-5.87671,1.44897,2.41266
-0.0297435,-5.87689,1.44837,2.41934
-0.0914726,-5.87721,1.44706,2.43525
-0.125558,-5.87954,1.44471,2.44888
-0.155558,-5.89154,1.43746,2.47228
-0.177712,-5.91733,1.42458,2.50662
-0.193003,-5.95,1.40884,2.54673
-0.207516,-5.99251,1.38808,2.6002
-0.222691,-6.04337,1.36264,2.66836
-0.236837,-6.09298,1.33761,2.73931
-0.250942,-6.14389,1.31192,2.81642
-0.264666,-6.19576,1.28602,2.8984
-0.277665,-6.24854,1.26022,2.98414
-0.290528,-6.3063,1.23259,3.07981
-0.300401,-6.35594,1.20925,-3.12006
-0.309976,-6.41021,1.18405,-3.02818
-0.317401,-6.45811,1.16204,-2.94663
-0.325041,-6.51704,1.1366,-2.84592
-0.330383,-6.56149,1.1195,-2.76209
-0.341654,-6.59427,1.11015,-2.68663
-0.362029,-6.61473,1.10831,-2.62582
-0.397067,-6.62982,1.1133,-2.56485
-0.436265,-6.63802,1.12314,-2.51763
-0.478544,-6.64281,1.13635,-2.47814
-0.522016,-6.64566,1.15147,-2.44515
-0.551894,-6.64696,1.16233,-2.42574
-0.610522,-6.64875,1.18383,-2.3935
-0.655377,-6.64972,1.20004,-2.37264
-0.700463,-6.65046,1.21601,-2.35392
-0.745838,-6.651,1.23175,-2.33661
-0.797018,-6.65145,1.24913,-2.31828
-0.837461,-6.6517,1.26268,-2.3043
-0.883508,-6.65192,1.27793,-2.28865
-0.929374,-6.65204,1.2931,-2.27308
-0.971566,-6.65209,1.30704,-2.25869
-1.02124,-6.65211,1.32341,-2.24167
-1.07643,-6.6521,1.34155,-2.22256
-1.11473,-6.65209,1.35387,-2.2092
-1.15487,-6.65226,1.36611,-2.19467
-1.17844,-6.6521,1.37356,-2.18475
-1.21609,-6.6458,1.38321,-2.16445
-1.245,-6.63019,1.38658,-2.14497
-1.26446,-6.61495,1.38684,-2.13051
-1.3091,-6.57283,1.3834,-2.09437
-1.33529,-6.54606,1.3798,-2.0712
-1.36677,-6.51298,1.37469,-2.04139
-1.39808,-6.47936,1.36914,-2.0096
-1.42416,-6.45092,1.36439,-1.98164
-1.45847,-6.41295,1.35815,-1.94301
-1.48992,-6.37766,1.35252,-1.90611
-1.51276,-6.35177,1.3485,-1.87867
-1.54987,-6.30926,1.34214,-1.83334
-1.57967,-6.2748,1.33712,-1.79648
-1.60938,-6.24018,1.33216,-1.75941
-1.63916,-6.2052,1.32725,-1.72221
-1.67363,-6.16441,1.32157,-1.67909
-1.69722,-6.13635,1.31764,-1.64939
-1.7279,-6.09964,1.31253,-1.61073
-1.75278,-6.06965,1.30844,-1.57958
-1.78335,-6.03247,1.30359,-1.54121
-1.80995,-6.00106,1.29885,-1.50896
-1.83615,-5.97555,1.29398,-1.49045
-1.86254,-5.95507,1.28939,-1.48529
-1.90605,-5.92723,1.28227,-1.49435
-1.94337,-5.90619,1.27638,-1.51301
-1.99433,-5.87951,1.2684,-1.54974
-2.03417,-5.8595,1.26219,-1.58527
-2.09058,-5.83178,1.25338,-1.64342
-2.1402,-5.80756,1.24568,-1.70009
-2.1966,-5.77984,1.237,-1.76885
-2.24139,-5.75749,1.23018,-1.82571
-2.2926,-5.73146,1.22241,-1.89242
-2.34191,-5.70584,1.21496,-1.95786
-2.39532,-5.67742,1.20691,-2.0297
-2.45681,-5.64379,1.19763,-2.11325
-2.4793,-5.63123,1.19423,-2.14397
-2.54853,-5.59166,1.18374,-2.23901
-2.59515,-5.56423,1.17665,-2.30327
-2.63741,-5.5388,1.17017,-2.36181
-2.68124,-5.51185,1.16342,-2.42287
-2.74425,-5.47171,1.15413,-2.51266
-2.77864,-5.44783,1.14946,-2.56734
-2.82638,-5.40695,1.14452,-2.64721
-2.85168,-5.37976,1.14283,-2.68976
-2.8843,-5.33944,1.14143,-2.74391
-2.91658,-5.29553,1.14065,-2.79645
-2.93851,-5.26443,1.14036,-2.83147
-2.98097,-5.20295,1.14007,-2.89818
-3.01279,-5.15626,1.14,-2.94789
-3.04557,-5.10783,1.13997,-2.99911
-3.07551,-5.06322,1.13994,-3.0461
-3.10637,-5.0168,1.13991,-3.09489
-3.13689,-4.97038,1.13986,3.13961
-3.16708,-4.92397,1.13979,3.09095
-3.191,-4.88683,1.13972,3.05201
-3.23123,-4.82371,1.13958,2.98576
-3.2558,-4.78473,1.1395,2.94481
-3.2836,-4.74023,1.13941,2.89795
-3.3134,-4.69208,1.13932,2.84715
-3.33156,-4.66251,1.13926,2.81586
-3.37377,-4.59304,1.13903,2.74273
-3.39371,-4.55912,1.13902,2.70573
-3.41075,-4.52728,1.13937,2.6646
-3.42,0.63220,1.35746,0.540555
-5.39289,2.9185,1.35486,0.5104
-5.40816,2.962,1.35227,0.480273
-5.42354,3.00545,1.34968,0.450206
-5.43906,3.04895,1.3471,0.420196
-5.45151,3.08366,1.34507,0.396419
-5.46861,3.1317,1.34277,0.361534
-5.47918,3.16733,1.34256,0.32726
-5.48352,3.20229,1.34391,0.283246
-5.48137,3.23815,1.34675,0.227643
-5.47471,3.2748,1.35086,0.160592
-5.46604,3.31171,1.35598,0.082892
-5.45713,3.34859,1.36173,-0.00396484
-5.449,3.38507,1.36779,-0.0984382
-5.44193,3.42253,1.37418,-0.203293
-5.438,3.44823,1.37861,-0.279067
-5.43319,3.49217,1.3861,-0.414232
-5.43146,3.52046,1.39084,-0.50388
-5.43094,3.56324,1.39785,-0.64097
-5.43217,3.59666,1.40316,-0.747649
-5.4353,3.63695,1.40937,-0.874141
-5.43832,3.66458,1.41347,-0.958935
-5.4448,3.71216,1.4203,-1.10094
-5.45201,3.75701,1.42648,-1.22926
-5.45956,3.80045,1.43222,-1.34836
-5.46637,3.8384,1.43704,-1.44852
-5.476,3.89222,1.44329,-1.58411
-5.48395,3.9344,1.44704,-1.69563
-5.49403,3.96243,1.4471,-1.78401
-5.52539,3.99563,1.44075,-1.91905
-5.57575,4.02296,1.42816,-2.05462
-5.60291,4.03511,1.42102,-2.11725
-5.68017,4.06784,1.39952,-2.28666
-5.73625,4.09163,1.38282,-2.41085
-5.78494,4.11293,1.36759,-2.52245
-5.85068,4.1437,1.34619,-2.68022
-5.89869,4.1685,1.32987,-2.80234
-5.95673,4.20189,1.30918,-2.96013
-6.00536,4.23301,1.29076,-3.10289
-6.05099,4.26487,1.27244,3.03615
-6.09363,4.29699,1.25416,2.89082
-6.13333,4.32888,1.23592,2.74462
-6.17007,4.35997,1.21768,2.59756
-6.1989,4.38513,1.20232,2.47345
-6.23575,4.41798,1.18118,2.3015
-6.26489,4.44396,1.16297,2.15282
-6.33339,4.50374,1.1151,1.72348
-6.33387,4.50424,1.11466,1.71837
-6.33433,4.50472,1.11422,1.71329
-6.33956,4.51083,1.10813,1.63544
-6.34112,4.51432,1.0995,1.49821
-6.33446,4.50755,1.09607,1.4129
-6.31906,4.48915,1.09543,1.35005
-6.30017,4.4656,1.09651,1.31457
-6.26811,4.42554,1.09961,1.28944
-6.24647,4.39847,1.1021,1.2862
-6.20756,4.34896,1.1071,1.29966
-6.178,4.30996,1.11127,1.32387
-6.14971,4.27125,1.11545,1.35697
-6.12257,4.2328,1.11961,1.39673
-6.09631,4.19436,1.12375,1.44112
-6.07071,4.15592,1.12782,1.48868
-6.04454,4.11571,1.13202,1.54025
-6.02074,4.07844,1.13588,1.58889
-5.99624,4.03943,1.1399,1.64006
-5.97195,4.00017,1.14391,1.69133
-5.94771,3.96052,1.14795,1.74254
-5.92336,3.92036,1.15201,1.79353
-5.89989,3.88142,1.1559,1.84221
-5.87734,3.84386,1.1596,1.88847
-5.85125,3.80005,1.16363,1.9418
-5.83196,3.76672,1.16696,1.98006
-5.81417,3.73445,1.17048,1.99927
-5.79501,3.6989,1.17427,1.99469
-5.77382,3.65976,1.17816,1.96561
-5.74766,3.61331,1.18235,1.90629
-5.72524,3.57593,1.18545,1.84254
-5.69765,3.53292,1.18879,1.75497
-5.66295,3.48201,1.19252,1.63741
-5.63636,3.44412,1.19512,1.54402
-5.60881,3.4051,1.19767,1.44517
-5.57235,3.35272,1.20094,1.31205
-5.53566,3.29781,1.20424,1.17403
-5.50184,3.24465,1.20736,1.04301
-5.46857,3.18905,1.21051,0.909787
-5.43633,3.13103,1.21369,0.774986
-5.40554,3.07076,1.21687,0.639038
-5.37664,3.00863,1.22007,0.502435
-5.34992,2.9451,1.22327,0.3654
-5.32833,2.8883,1.22605,0.244604
-5.31035,2.83607,1.22854,0.134857
-5.28639,2.75306,1.23234,-0.040079
-5.27362,2.69869,1.23537,-0.168432
-5.25866,2.64937,1.23819,-0.295739
-5.23863,2.60025,1.24088,-0.423683
-5.21291,2.54283,1.24403,-0.568783
-5.19281,2.49689,1.24682,-0.684572
-5.17127,2.44558,1.25035,-0.818195
-5.15498,2.40591,1.25333,-0.926732
-5.13204,2.34899,1.2579,-1.09172
-5.1145,2.30425,1.26176,-1.23095
-5.09016,2.2413,1.2676,-1.44534
-5.08291,2.2227,1.26942,-1.51358
-5.06825,2.18611,1.27316,-1.65642
-5.05552,2.1564,1.27641,-1.7828
-5.03891,2.1219,1.28052,-1.94439
-5.02327,2.09416,1.2842,-2.08923
-5.00633,2.06912,1.28791,-2.2346
-4.98611,2.04485,1.29192,-2.39211
-4.96697,2.02623,1.29534,-2.5266
-4.94393,2.00788,1.29909,-2.67308
-4.9184,1.99127,1.30271,-2.81844
-4.89314,1.97761,1.30589,-2.95703
-4.87895,1.97058,1.30782,-3.03351
-4.84392,1.94507,1.31331,3.09449
-4.82483,1.92078,1.31688,3.03557
-4.80458,1.885,1.32133,2.99753
-4.78485,1.8409,1.3264,2.98879
-4.7676,1.79591,1.33141,3.00518
-4.75043,1.74616,1.33681,3.04303
-4.73376,1.69428,1.34227,3.09782
-4.70773,1.61011,1.35078,-3.07527
-4.70019,1.5858,1.35318,-3.04022
-4.68247,1.52982,1.35862,-2.95588
-4.66213,1.46831,1.36448,-2.85928
-4.64365,1.4153,1.36947,-2.77402
-4.62232,1.35748,1.3749,-2.67937
-4.59977,1.29976,1.38029,-2.5835
-4.57602,1.24218,1.38572,-2.48683
-4.55619,1.1964,1.39002,-2.40945
-4.53157,1.14242,1.39519,-2.31675
-4.4878,1.05221,1.40396,-2.15904
-4.47146,1.02035,1.40687,-2.10313
-4.45058,0.982169,1.41051,-2.03181
-4.42113,0.934064,1.41525,-1.93309
-4.39572,0.896475,1.41834,-1.85971
-4.36734,0.857792,1.42084,-1.79446
-4.33596,0.817599,1.42304,-1.73675
-4.30404,0.778019,1.42507,-1.6876
-4.26875,0.734623,1.42733,-1.64016
-4.23494,0.692795,1.4296,-1.59919
-4.20156,0.651005,1.43198,-1.56174
-4.17259,0.614367,1.43412,-1.53103
-4.13618,0.567945,1.43691,-1.49411
-4.10388,0.526509,1.43944,-1.46253
-4.08196,0.498276,1.44116,-1.44156
-4.04229,0.447121,1.44431,-1.40404
-4.00803,0.402937,1.44706,-1.37175
-3.9764,0.362115,1.44963,-1.34194
-3.93835,0.312984,1.4527,-1.30612
-3.90929,0.275548,1.45506,-1.27863
-3.88165,0.240039,1.45732,-1.25228
-3.83795,0.183968,1.46087,-1.21035
-3.81965,0.160567,1.46219,-1.19298
-3.79248,0.126473,1.46397,-1.16626
-3.76946,0.0980424,1.46169,-1.14633
-3.74777,0.0703122,1.45276,-1.13676
-3.72583,0.0405711,1.43767,-1.13852
-3.70353,0.00860573,1.41773,-1.15146
-3.68102,-0.0252374,1.3944,-1.17456
-3.65776,-0.0617641,1.36791,-1.20786
-3.63669,-0.0961311,1.34244,-1.24544
-3.6154,-0.132035,1.31548,-1.29009
-3.59886,-0.16065,1.29385,-1.32896
-3.57479,-0.20325,1.26152,-1.39112
-3.55531,-0.238395,1.23474,-1.44545
-3.53546,-0.27459,1.20698,-1.50361
-3.51743,-0.307661,1.18155,-1.55816
-3.4989,-0.341625,1.15514,-1.61553
-3.4827,-0.371149,1.13194,-1.66627
-3.46212,-0.408258,1.10247,-1.73091
-3.44377,-0.440912,1.07617,-1.7886
-3.4254,-0.473108,1.04994,-1.84612
-3.40697,-0.504807,1.02373,-1.90346
-3.38832,-0.53673,0.998094,-1.96145
-3.37412,-0.560505,0.979869,-2.00588
-3.3558,-0.580237,0.965858,-2.04371
-3.3241,-0.593014,0.957558,-2.0695
-3.28593,-0.596753,0.956049,-2.07466
-3.2351,-0.595969,0.958886,-2.06123
-3.19119,-0.593718,0.963206,-2.03807
-3.15787,-0.591819,0.967028,-2.01523
-3.06922,-0.587191,0.97804,-1.93827
-3.02927,-0.585351,0.983073,-1.89795
-2.97985,-0.583135,0.989236,-1.84466
-2.91601,-0.580162,0.996978,-1.77211
-2.84697,-0.576458,1.00504,-1.69041
-2.80065,-0.573621,1.01031,-1.63446
-2.76347,-0.5711,1.01447,-1.58918
-2.68423,-0.564913,1.02322,-1.49198
-2.62567,-0.559599,1.02961,-1.42008
-2.55762,-0.552554,1.03699,-1.33662
-2.52246,-0.548541,1.04082,-1.29348
-2.44983,-0.539491,1.04874,-1.20448
-2.40541,-0.533444,1.05357,-1.15012
-2.34445,-0.524339,1.05989,-1.0756
-2.2876,-0.515202,1.06662,-1.00011
-2.24206,-0.51191,1.07277,-0.938809
-2.19532,-0.514573,1.07946,-0.880737
-2.14831,-0.521221,1.0866,-0.827614
-2.09583,-0.530816,1.09513,-0.772506
-2.04488,-0.541072,1.10402,-0.72141
-1.99399,-0.551761,1.11331,-0.671763
-1.94346,-0.562589,1.12282,-0.623204
-1.89333,-0.573432,1.13242,-0.575435
-1.84348,-0.584258,1.14203,-0.528186
-1.79983,-0.593736,1.15045,-0.486915
-1.74461,-0.605689,1.16113,-0.434635
-1.69561,-0.616258,1.17061,-0.388101
-1.65858,-0.624222,1.1778,-0.352756
-1.5984,-0.637139,1.18949,-0.295082
-1.55204,-0.647067,1.19852,-0.25039
-1.51555,-0.654858,1.20564,-0.215014
-1.45474,-0.667801,1.2176,-0.155493
-1.40784,-0.677791,1.22694,-0.109016
-1.36685,-0.686535,1.23496,-0.0683756
-1.32029,-0.695889,1.24354,-0.021319
-1.28513,-0.70078,1.25084,0.0227409
-1.25571,-0.693379,1.25628,0.0722418
-1.23377,-0.672491,1.25895,0.119678
-1.21224,-0.636032,1.26024,0.177594
-1.19239,-0.58972,1.26041,0.242137
-1.17344,-0.538018,1.25996,0.312805
-1.15489,-0.48388,1.25921,0.388808
-1.14251,-0.446552,1.25864,0.443017
-1.11941,-0.37402,1.25758,0.553089
-1.10294,-0.319227,1.25685,0.639833
-1.08757,-0.264721,1.25619,0.72873
-1.07667,-0.223588,1.25571,0.797395
-1.06021,-0.157166,1.25495,0.910891
-1.04616,-0.0960225,1.2543,1.01819
-1.0367,-0.0525148,1.25382,1.09626
-1.02609,-0.00167722,1.25327,1.1895
-1.01324,0.0620225,1.25256,1.30926
-1.0078,0.0894549,1.25224,1.3617
-0.996978,0.145083,1.25159,1.4703
-0.98695,0.196955,1.25096,1.57433
-0.980002,0.236029,1.25045,1.656
-0.972615,0.271396,1.24936,1.7,1.49398,-2.4,0.314811,1.246,1.82
-0.945942,0.336852,1.24348,1.85488
-0.912243,0.393285,1.23568,1.91726
-0.88918,0.42812,1.23044,1.94044
-0.873355,0.451219,1.22691,1.95092
-0.846049,0.490135,1.22094,1.96144
-0.817875,0.529432,1.21494,1.96488
-0.789055,0.568975,1.20898,1.96288
-0.759686,0.608712,1.20307,1.95689
-0.740696,0.63416,1.19931,1.95151
-0.699741,0.688446,1.19136,1.93736
-0.680193,0.714171,1.18762,1.92984
-0.6395,0.767388,1.17994,1.9134
-0.607222,0.809355,1.17391,1.90003
-0.576079,0.849718,1.16811,1.88712
-0.552371,0.880389,1.16371,1.87737
-0.513659,0.930394,1.15652,1.8617
-0.471181,0.985196,1.14866,1.84491
-0.428426,1.04066,1.14131,1.82875
-0.427414,1.04199,1.14115,1.82843
-0.403663,1.07769,1.13688,1.82598
-0.391867,1.11213,1.13274,1.83769
-0.389096,1.13678,1.12985,1.85295
-0.392798,1.19466,1.12342,1.9056
-0.400813,1.24002,1.11862,1.96012
-0.40883,1.27673,1.11485,2.01188
-0.425156,1.34401,1.10795,2.12306
-0.433384,1.37614,1.10458,2.18289
-0.444912,1.41986,1.09985,2.27073
-0.456389,1.46244,1.09504,2.36284
-0.467595,1.50379,1.09021,2.45804
-0.478267,1.54393,1.08531,2.55548
-0.488173,1.58297,1.08037,2.65434
-0.497115,1.62097,1.07542,2.75418
-0.504927,1.65824,1.07048,2.85459
-0.511542,1.69488,1.06556,2.95538
-0.516846,1.73129,1.06064,3.05644
-0.520442,1.76319,1.05629,-3.13775
-0.523185,1.79782,1.05158,-3.04074
-0.524637,1.83045,1.04725,-2.94942
-0.525143,1.8649,1.04266,-2.84304
-0.524704,1.88851,1.04205,-2.75975
-0.52694,1.91133,1.04745,-2.70567
-0.534733,1.93958,1.05858,-2.67776
-0.543735,1.96389,1.06976,-2.67424
-0.564756,2.01426,1.09458,-2.69954
-0.587796,2.0671,1.12119,-2.75406
-0.602951,2.10247,1.13789,-2.80012
-0.617342,2.13945,1.15446,-2.86008
-0.625373,2.17484,1.16691,-2.92985
-0.622119,2.2109,1.17376,-3.00105
-0.612254,2.24153,1.17604,-3.05726
-0.586465,2.29701,1.1755,3.13112
-0.567216,2.33368,1.17329,3.07152
-0.533229,2.39636,1.16794,2.97236
-0.504461,2.44843,1.16291,2.89119
-0.484398,2.48402,1.1594,2.83559
-0.444279,2.5531,1.15273,2.72691
-0.419149,2.59472,1.14888,2.6608
-0.393434,2.63598,1.14519,2.59457
-0.347017,2.70744,1.13906,2.4785
-0.312786,2.7579,1.13484,2.39547
-0.277643,2.80796,1.13067,2.31239
-0.243168,2.85548,1.12668,2.2326
-0.205219,2.9061,1.12241,2.14631
-0.168323,2.9538,1.11835,2.06345
-0.131034,3.00067,1.11431,1.98069
-0.100914,3.03758,1.11105,1.91457
-0.0492441,3.09851,1.10599,1.80353
-0.0227825,3.12877,1.10445,1.75045
0.00330793,3.16226,1.10362,1.70839
0.0278853,3.20363,1.10371,1.6907
0.045591,3.24476,1.10472,1.70581
0.059427,3.2878,1.1065,1.74883
0.0695163,3.32808,1.10863,1.80958
0.078937,3.37496,1.11153,1.90217
0.0860416,3.41728,1.11435,2.00421
0.0900017,3.44354,1.11618,2.07597
0.0969592,3.4919,1.11971,2.22598
0.10334,3.53234,1.12282,2.37081
0.109952,3.56591,1.12556,2.50555
0.117953,3.59725,1.12827,2.6438
0.1278,3.62653,1.13095,2.78456
0.140025,3.65418,1.13366,2.92723
0.154935,3.68072,1.13636,3.07117
0.172721,3.70669,1.13906,-3.06713
0.19521,3.73457,1.14203,-2.90999
0.217074,3.75859,1.14456,-2.77577
0.242423,3.78426,1.14712,-2.63637
0.270679,3.81123,1.14987,-2.49145
0.296908,3.83393,1.154,-2.37261
0.328563,3.85944,1.16145,-2.27104
0.358071,3.8837,1.17016,-2.21183
0.386053,3.90778,1.17969,-2.18027
0.432063,3.95022,1.1977,-2.17198
0.465317,3.98388,1.21262,-2.19771
0.496838,4.01894,1.22817,-2.24605
0.526824,4.05546,1.24398,-2.31229
0.555616,4.09345,1.25984,-2.3923
0.583726,4.13302,1.27572,-2.48263
0.611719,4.17414,1.2915,-2.58033
0.640048,4.21674,1.30721,-2.68338
0.659771,4.24653,1.31784,-2.75559
0.699503,4.3058,1.33838,-2.89888
0.73103,4.35165,1.35395,-3.0093
0.77785,4.41705,1.37572,3.11808
0.816099,4.46767,1.39244,2.99764
0.841106,4.49951,1.40298,2.92178
0.883998,4.55187,1.4203,2.79713
0.913829,4.58625,1.43119,2.71494
0.949333,4.62449,1.44382,2.61815
0.983027,4.65913,1.4564,2.53665
1.0052,4.68076,1.46481,2.49721
1.06302,4.73303,1.48695,2.46336
1.07616,4.74456,1.49208,2.46913
1.11349,4.77731,1.50718,2.51074
1.14446,4.8042,1.52041,2.57226
1.18175,4.83499,1.53703,2.67452
1.20447,4.85228,1.54723,2.74808
1.23459,4.87315,1.56068,2.85452
1.26193,4.88997,1.57252,2.95519
1.29835,4.90966,1.58758,3.09011
1.33277,4.92605,1.60106,-3.06795
1.36931,4.94175,1.61454,-2.93978
1.40817,4.95726,1.62805,-2.80953
1.44936,4.973,1.64158,-2.67789
1.49285,4.98941,1.65511,-2.54534
1.53295,5.0047,1.66703,-2.42814
1.58643,5.02579,1.68224,-2.27851
1.63009,5.0439,1.69421,-2.16079
1.68416,5.06795,1.708,-2.01907
1.73274,5.09081,1.71852,-1.89107
1.77843,5.11046,1.7244,-1.78303
1.82999,5.13012,1.72612,-1.68768
1.87595,5.14632,1.72452,-1.62523
1.92687,5.16333,1.72053,-1.57641
1.9778,5.17965,1.71508,-1.54572
2.02809,5.19545,1.70886,-1.53067
2.10624,5.22005,1.69836,-1.53222
2.14599,5.23277,1.69283,-1.54257
2.18688,5.24606,1.6871,-1.55853
2.21802,5.25636,1.68273,-1.57361
2.25239,5.26788,1.67791,-1.59259
2.31126,5.288,1.66966,-1.62928
2.35185,5.30214,1.66398,-1.65658
2.3958,5.31768,1.65786,-1.68713
2.42554,5.32832,1.65371,-1.70811
2.48289,5.34906,1.64571,-1.7489
2.52608,5.36484,1.63967,-1.77962
2.56939,5.38085,1.63364,-1.81008
2.61447,5.39763,1.62746,-1.84124
2.65059,5.41128,1.62287,-1.86725
2.6773,5.42234,1.62016,-1.89122
2.72084,5.45009,1.61853,-1.94966
2.74897,5.47894,1.61997,-2.00604
2.77545,5.51373,1.62292,-2.07409
2.80097,5.55242,1.62676,-2.15289
2.82583,5.59367,1.63107,-2.24118
2.85637,5.64773,1.63674,-2.36153
2.86826,5.66933,1.63896,-2.41069
2.90032,5.72836,1.64485,-2.54722
2.9314,5.78565,1.65038,-2.68093
2.95537,5.82894,1.65438,-2.78154
2.98175,5.87513,1.65849,-2.88841
3.00958,5.92202,1.66253,-2.99648
3.04411,5.97761,1.66721,-3.12459
3.07806,6.02958,1.67154,3.03924
3.11404,6.0817,1.67589,2.91923
3.15217,6.13391,1.68027,2.79867
3.19245,6.18575,1.68465,2.67786
3.23805,6.2408,1.68937,2.54729
3.27437,6.28196,1.69272,2.44807
3.31717,6.3261,1.69628,2.32953
3.34981,6.35574,1.69996,2.23409
3.3814,6.37412,1.70529,2.1616
3.41698,6.3794,1.71259,2.117
3.45702,6.37431,1.72144,2.10121
3.49958,6.36304,1.73129,2.1123
3.57091,6.33733,1.74901,2.18138
3.5874,6.33038,1.75336,2.20547
3.62456,6.31331,1.76349,2.2696
3.66399,6.29317,1.77461,2.35062
3.70773,6.26865,1.78717,2.45178
3.74207,6.24815,1.79701,2.53672
3.77185,6.22967,1.80551,2.61291
3.81481,6.20215,1.81755,2.72433
3.86226,6.17117,1.83048,2.84674
3.90456,6.14351,1.84162,2.95364
3.95184,6.11297,1.85364,3.06979
3.99345,6.0866,1.86389,-3.11414
4.04031,6.05765,1.87511,-3.00602
4.10278,6.02068,1.88945,-2.86779
4.12681,6.00696,1.89476,-2.81622
4.17434,5.98101,1.90434,-2.71677
4.22644,5.95408,1.91368,-2.59792
4.25685,5.93911,1.91958,-2.52439
4.27577,5.93423,1.92311,-2.49156
4.32149,5.94011,1.93019,-2.46535
4.35981,5.95597,1.9348,-2.4842
4.39658,5.97607,1.93856,-2.52738
4.42852,5.99652,1.94146,-2.58219
4.47855,6.03375,1.94555,-2.69696
4.53909,6.08564,1.95013,-2.87044
4.55656,6.10139,1.95143,-2.92429
4.59753,6.13857,1.95442,-3.05271
4.63012,6.16783,1.95678,3.12841
4.68654,6.2168,1.96075,2.95585
4.71932,6.24393,1.96298,2.85883
4.81727,6.31855,1.96926,2.58471
4.83279,6.32945,1.9702,2.54334
4.89949,6.37335,1.97412,2.37097
4.96707,6.41326,1.97788,2.20354
5.02204,6.4426,1.98085,2.0714
5.06039,6.46151,1.98288,1.98111
5.13087,6.49298,1.98647,1.81866
5.21353,6.52296,1.99015,1.62812
5.26646,6.53656,1.98864,1.49566
5.31252,6.54377,1.97895,1.37963
5.35325,6.54565,1.96158,1.28661
5.39574,6.54411,1.93525,1.20705
5.43602,6.54127,1.90459,1.1505
5.47586,6.53856,1.87061,1.11152
5.5103,6.53681,1.83922,1.08976
5.55309,6.53548,1.79824,1.076
5.57701,6.53512,1.77461,1.07383
5.63238,6.53508,1.71874,1.081
5.66202,6.53542,1.6882,1.09037
5.69661,6.53601,1.6521,1.10486
5.71844,6.53647,1.62916,1.11546
5.76421,6.5376,1.58062,1.14013
5.79753,6.53852,1.54503,1.15929
5.83082,6.53946,1.50933,1.17878
5.86407,6.54044,1.4737,1.19827
5.89713,6.54144,1.43822,1.21753
5.92474,6.54225,1.40841,1.23349
6.02978,6.54802,1.29869,1.30492
6.02997,6.54805,1.29841,1.30529
6.03015,6.54808,1.29813,1.30566
6.03033,6.5481,1.29786,1.30602
6.03049,6.54813,1.2976,1.30638
6.03304,6.54845,1.29198,1.31518
6.03544,6.54607,1.28846,1.31772
6.04262,6.5283,1.28553,1.30951
6.0494,6.5039,1.28433,1.29536
6.05812,6.46636,1.28326,1.27064
6.06833,6.41856,1.28211,1.23428
6.07887,6.36903,1.28088,1.19118
6.09011,6.31779,1.27952,1.14143
6.10194,6.26549,1.27814,1.08637
6.11407,6.21252,1.27675,1.02729
6.12189,6.17842,1.27587,0.987888
6.13465,6.12255,1.27447,0.921739
6.15072,6.05044,1.27279,0.835187
6.16262,5.99502,1.27154,0.768377
6.17421,5.93906,1.27031,0.700961
6.18545,5.88258,1.2691,0.633201
6.19627,5.82571,1.26788,0.565338
6.20662,5.76849,1.26666,0.497476
6.21647,5.71097,1.26545,0.429711
6.23378,5.60006,1.26313,0.300792
6.2341,5.59779,1.26308,0.2982
6.24122,5.54383,1.26198,0.233882
6.24531,5.50224,1.26175,0.176434
6.2414,5.46691,1.26369,0.121341
6.22961,5.44231,1.26681,0.0802072
6.19488,5.40422,1.27424,0.0134969
6.15738,5.37427,1.28148,-0.0404665
6.11565,5.34436,1.28928,-0.0949239
6.06836,5.31168,1.29799,-0.154465
6.02722,5.2836,1.30556,-0.20585
5.98194,5.25296,1.31388,-0.26238
5.93616,5.22235,1.32227,-0.31953
5.89001,5.19193,1.33068,-0.377178
5.84347,5.16168,1.33912,-0.435301
5.79649,5.13163,1.34753,-0.493702
5.74924,5.10188,1.35589,-0.552272
5.70173,5.07242,1.36424,-0.610997
5.6557,5.0443,1.37227,-0.667498
5.6053,5.01404,1.38097,-0.728814
5.55639,4.98523,1.38935,-0.787839
5.5071,4.95671,1.39773,-0.846887
5.43073,4.9137,1.41009,-0.937143
5.41804,4.90679,1.41196,-0.952333
5.37409,4.88346,1.4185,-1.01006
5.34488,4.8666,1.42258,-1.04766
5.32465,4.85181,1.42427,-1.06465
5.29197,4.8206,1.42477,-1.06812
5.26965,4.79487,1.42395,-1.05359
5.23903,4.75571,1.42186,-1.0134
5.21322,4.72079,1.41959,-0.962738
5.19597,4.69715,1.4179,-0.921199
5.16294,4.65221,1.41449,-0.827554
5.14524,4.62855,1.41257,-0.770891
5.11392,4.58816,1.40917,-0.662993
5.0891,4.55788,1.4065,-0.573954
5.0618,4.52633,1.40366,-0.4749
5.03803,4.5004,1.40128,-0.388881
5.02214,4.48389,1.39974,-0.332248
4.98348,4.44614,1.39612,-0.198892
4.9545,4.41968,1.39359,-0.103268
4.92576,4.39467,1.39116,-0.0113841
4.89333,4.36777,1.38854,0.0881432
4.83289,4.32029,1.38396,0.262678
4.83157,4.31928,1.38387,0.26635
4.79966,4.29555,1.38148,0.357626
4.77261,4.27955,1.38005,0.447607
4.74595,4.27795,1.38125,0.531684
4.70836,4.29159,1.38548,0.626634
4.66828,4.31248,1.39111,0.712191
4.61862,4.3406,1.39871,0.81051
4.55445,4.37774,1.40915,0.935611
4.51029,4.40315,1.41651,1.02286
4.4541,4.43464,1.42594,1.13569
4.39681,4.46516,1.43546,1.25216
4.33831,4.49421,1.4449,1.37153
4.28382,4.51905,1.45345,1.48324
4.21932,4.54584,1.46341,1.61642
4.15911,4.56857,1.47255,1.74128
4.09865,4.5892,1.4816,1.86722
4.03853,4.60748,1.49059,1.99385
3.96271,4.62772,1.50214,2.15688
3.92069,4.63773,1.50863,2.24892
3.86332,4.65002,1.51764,2.37705
3.8074,4.66054,1.52662,2.50537
3.75127,4.66972,1.53574,2.63808
3.7152,4.67435,1.54157,2.72684
3.66259,4.67713,1.55111,2.86298
3.62437,4.67353,1.55748,2.94547
3.59948,4.6683,1.56085,2.9827
3.54183,4.65142,1.56701,3.01984
3.49981,4.63822,1.57074,3.01247
3.45475,4.62509,1.57448,2.98031
3.42016,4.61609,1.57731,2.94172
3.36382,4.60351,1.58199,2.85782
3.31923,4.59515,1.58585,2.77555
3.27581,4.58797,1.5898,2.68388
3.23887,4.58229,1.59333,2.59747
3.19372,4.57543,1.59783,2.48217
3.15511,4.56911,1.60184,2.37557
3.12077,4.56281,1.60552,2.27559
3.07349,4.55261,1.61086,2.13019
3.04718,4.54584,1.61397,2.04586
3.01349,4.5358,1.61806,1.93463
2.97543,4.52229,1.62284,1.80542
2.92547,4.5008,1.62915,1.63256
2.92422,4.50021,1.6293,1.62823
2.88116,4.47774,1.63428,1.46072
2.86905,4.46982,1.63586,1.40425
2.84862,4.45377,1.63892,1.31601
2.82639,4.43523,1.64235,1.24092
2.79487,4.40998,1.64693,1.15955
2.76176,4.38465,1.6515,1.0899
2.72644,4.35821,1.6562,1.02477
2.67941,4.32323,1.66235,0.946563
2.65252,4.30324,1.66584,0.904561
2.6148,4.27523,1.67071,0.848035
2.57678,4.24709,1.67558,0.793069
2.53834,4.21879,1.68049,0.739173
2.4994,4.19028,1.68543,0.685928
2.47421,4.17193,1.68859,0.652119
2.42032,4.13284,1.6953,0.580626
2.38027,4.10387,1.70023,0.528152
2.33654,4.07233,1.70557,0.471458
2.29074,4.03943,1.71112,0.41261
2.25784,4.01586,1.71506,0.370538
2.22478,3.99222,1.719,0.328419
2.17489,3.95669,1.72482,0.265735
2.1438,3.93487,1.72806,0.226389
2.11041,3.91128,1.73074,0.177482
2.05688,3.8916,1.73066,0.104928
2.0555,3.8915,1.7306,0.103424
2.00682,3.8947,1.72716,0.0574908
1.9642,3.90378,1.72285,0.0241384
1.9195,3.91581,1.71751,-0.00747245
1.87386,3.92906,1.7115,-0.0377872
1.8389,3.93939,1.70668,-0.0601818
1.78169,3.95634,1.69866,-0.0958649
1.73545,3.97004,1.69216,-0.124199
1.70185,3.98003,1.6875,-0.144513
1.64151,3.99806,1.67937,-0.180474
1.5945,4.01219,1.67307,-0.20852
1.54751,4.02631,1.66683,-0.236582
1.50033,4.0405,1.66062,-0.26475
1.45279,4.0548,1.65446,-0.293017
1.40517,4.06915,1.6483,-0.321325
1.33124,4.09141,1.6387,-0.36552
1.30093,4.10051,1.63476,-0.383694
1.25344,4.11479,1.62879,-0.411843
1.21779,4.12557,1.62454,-0.433113
1.18416,4.13505,1.62031,-0.457765
1.15195,4.13557,1.61655,-0.494984
1.12427,4.11953,1.61382,-0.542857
1.0951,4.08771,1.61164,-0.605544
1.06308,4.04493,1.6099,-0.682624
1.02862,3.99613,1.60856,-0.772829
0.992618,3.94473,1.60739,-0.874162
0.955493,3.89278,1.6062,-0.984576
0.91708,3.84126,1.60497,-1.10245
0.876996,3.79068,1.60363,-1.22619
0.835149,3.74182,1.60218,-1.35435
0.791851,3.69523,1.60064,-1.48601
0.747472,3.65093,1.59903,-1.6204
0.706027,3.61231,1.59745,-1.74577
0.65725,3.56994,1.59561,-1.89446
0.612607,3.53362,1.59394,-2.0332
0.568919,3.4999,1.59231,-2.17267
0.536552,3.47589,1.59105,-2.27898
0.485782,3.43959,1.58903,-2.45293
0.459162,3.42093,1.58793,-2.54863
0.410808,3.38825,1.58581,-2.73006
0.390012,3.37617,1.58508,-2.81778
0.365617,3.36372,1.58479,-2.94043
0.335072,3.35156,1.58514,-3.06417
0.303026,3.34241,1.58585,-3.13645
0.262263,3.33221,1.58733,3.0944
0.220628,3.32161,1.58954,3.06517
0.175039,3.30898,1.59259,3.05175
0.128254,3.29472,1.59611,3.05277
0.081054,3.27903,1.59987,3.06526
0.0338764,3.2622,1.60367,3.08646
-0.0126996,3.24461,1.60738,3.11394
-0.0439629,3.23231,1.60989,3.13527
-0.104846,3.20757,1.61462,-3.10229
-0.151407,3.18802,1.6181,-3.06535
-0.190614,3.17119,1.62099,-3.03344
-0.244659,3.14758,1.62501,-2.9887
-0.291183,3.127,1.62849,-2.94992
-0.337648,3.10632,1.63199,-2.91117
-0.384102,3.08554,1.63549,-2.87263
-0.443092,3.05903,1.63998,-2.8238
-0.477286,3.04355,1.64241,-2.79578
-0.509886,3.02841,1.64505,-2.76839
-0.544035,3.01143,1.64808,-2.7427
-0.584958,2.9878,1.65068,-2.72698
-0.620833,2.96455,1.65189,-2.72959
-0.658855,2.9389,1.65257,-2.74619
-0.690477,2.91755,1.65295,-2.76863
-0.75041,2.87807,1.65357,-2.82812
-0.787945,2.85419,1.65397,-2.87457
-0.82055,2.83397,1.6543,-2.91949
-0.864333,2.80751,1.65476,-2.98531
-0.90136,2.7856,1.65515,-3.04493
-0.939642,2.76327,1.65555,-3.10955
-0.980456,2.73965,1.65597,3.10172
-1.01908,2.71723,1.65639,3.03135
-1.05708,2.695,1.65685,2.96028
-1.09445,2.67281,1.65731,2.88883
-1.12096,2.65682,1.65765,2.83731
-1.16723,2.62824,1.65823,2.74568
-1.20273,2.6056,1.65866,2.67412
-1.24455,2.57811,1.65921,2.5886
-1.26338,2.56554,1.65942,2.54985
-1.29904,2.54177,1.65975,2.46981
-1.32346,2.52363,1.65955,2.41348
-1.34886,2.5027,1.6588,2.36626
-1.37748,2.47821,1.65754,2.32847
-1.40921,2.45072,1.65595,2.29957
-1.4629,2.40387,1.65311,2.26972
-1.4843,2.38512,1.65196,2.26232
-1.51463,2.35854,1.65032,2.25501
-1.54237,2.33422,1.64884,2.25093
-1.60593,2.27854,1.64549,2.24812
-1.62377,2.26292,1.64456,2.24847
-1.65659,2.23419,1.64287,2.24999
-1.69856,2.19745,1.64072,2.25304
-1.73768,2.16322,1.63875,2.25651
-1.77536,2.13024,1.63685,2.26013
-1.81307,2.09724,1.63495,2.26383
-1.85088,2.06415,1.63306,2.26748
-1.88117,2.03764,1.63156,2.27031
-1.92671,1.99779,1.62932,2.27438
-1.96316,1.96588,1.62752,2.27747
-2.00117,1.9326,1.62567,2.28051
-2.02422,1.91208,1.62437,2.28184
-2.0551,1.87532,1.62133,2.27965
-2.06822,1.84074,1.6181,2.27249
-2.07372,1.80034,1.6139,2.26009
-2.0747,1.76328,1.6096,2.24578
-2.07321,1.70972,1.60273,2.22081
-2.07086,1.66644,1.59677,2.19733
-2.06795,1.62297,1.59056,2.17122
-2.0638,1.56835,1.58263,2.13541
-2.05971,1.51937,1.57556,2.10115
-2.05582,1.47579,1.56938,2.06966
-2.05121,1.42648,1.56249,2.03314
-2.04659,1.37896,1.55591,1.9974
-2.04199,1.33321,1.54965,1.96274
-2.03684,1.28338,1.54288,1.92493
-2.0326,1.24298,1.53743,1.89435
-2.02666,1.1872,1.52988,1.85213
-2.02166,1.14099,1.52366,1.81726
-2.01619,1.0908,1.51693,1.77954
-2.00961,1.03074,1.50913,1.73512
-2.00492,0.988452,1.50383,1.70323
-2.00191,0.960468,1.49979,1.68006
-2.00223,0.937888,1.49639,1.66362
-2.01603,0.902469,1.49157,1.65203
-2.03998,0.872435,1.48802,1.65773
-2.07129,0.841918,1.48469