-2.57009,-4.27733,0.792585,2.2918,0,-1.78649,-4.56168,1.34497,0.0144188,0
-2.9723,-3.38793,1.00979,-2.78246,0,-2.57009,-4.27733,0.792585,2.2918,0
-3.25288,-2.43681,1.13881,-2.932,0,-2.9723,-3.38793,1.00979,-2.78246,0
-3.75842,-1.59705,1.33692,-1.10465,0,-3.25288,-2.43681,1.13881,-2.932,0
-3.40998,-0.663899,1.24852,3.09907,0,-3.75842,-1.59705,1.33692,-1.10465,0
-2.45727,-0.603865,1.02986,-0.201168,0,-3.40998,-0.663899,1.24852,3.09907,0
-1.88407,0.208434,1.13764,0.923352,0.00411901,-2.45727,-0.603865,1.02986,-0.201168,0
-1.66519,-1.10194,1.38276,-2.51524,0,-2.45727,-0.603865,1.02986,-0.201168,0
-0.893553,-4.88186,1.66142,2.71837,0,-1.78649,-4.56168,1.34497,0.0144188,0
-4.11587,0.00135387,1.0053,2.59114,0.0255408,-3.40998,-0.663899,1.24852,3.09907,0
-0.918184,0.246299,1.39381,-0.131053,0.00411901,-1.88407,0.208434,1.13764,0.923352,0.00411901
-0.675792,-5.77115,2.0636,0.547529,0,-0.893553,-4.88186,1.66142,2.71837,0
-1.39578,-6.45144,1.92641,1.83223,0,-0.675792,-5.77115,2.0636,0.547529,0
-2.07881,-6.3282,2.10716,-1.30599,0,-1.39578,-6.45144,1.92641,1.83223,0
-4.75208,-1.60267,1.44917,1.88739,0,-3.75842,-1.59705,1.33692,-1.10465,0
077
0216903,-6.17749,1.84145,-1.28373,0.19409
-1.71957,-5.40493,1.88257,-1.35835,0.19409,-0.736979,-5.51062,1.72978,-1.05599,0.19409
