-0.377943,-0.414467,0.808556,0.574606
-0.373873,-0.39668,0.816745,0.571465
-0.369803,-0.378893,0.824934,0.568324
-0.365733,-0.361105,0.833122,0.565183
-0.361663,-0.343318,0.841311,0.562041
-0.357593,-0.325531,0.849499,0.5589
-0.353523,-0.307744,0.857688,0.555759
-0.349453,-0.289957,0.865877,0.552617
-0.345383,-0.27217,0.874065,0.549476
-0.341313,-0.254383,0.882254,0.546335
-0.337243,-0.236596,0.890443,0.543193
-0.333173,-0.218809,0.898631,0.540052
-0.329103,-0.201021,0.90682,0.536911
-0.325033,-0.183234,0.915008,0.533769
-0.320963,-0.165447,0.923197,0.530628
-0.316893,-0.14766,0.931386,0.527487
-0.312823,-0.129873,0.939574,0.524346
-0.308753,-0.112086,0.947763,0.521204
-0.304683,-0.0942987,0.955952,0.518063
-0.300613,-0.0765116,0.96414,0.514922
-0.296543,-0.0587245,0.972329,0.51178
-0.292473,-0.0409374,0.980517,0.508639
-0.288403,-0.0231503,0.988706,0.505498
-0.284333,-0.00536315,0.996895,0.502356
-0.280263,0.012424,1.00508,0.499215
-0.276193,0.0302111,1.01327,0.496074
-0.272123,0.0479982,1.02146,0.492933
-0.268053,0.0657853,1.02965,0.489791
-0.263983,0.0835724,1.03784,0.48665
-0.259913,0.10136,1.04603,0.483509
-0.255843,0.119147,1.05421,0.480367
-0.251773,0.136934,1.0624,0.477226
-0.247703,0.154721,1.07059,0.474085
-0.243633,0.172508,1.07878,0.470943
-0.239563,0.190295,1.08697,0.467802
-0.235493,0.208082,1.09516,0.464661
-0.231423,0.225869,1.10335,0.46152
-0.227353,0.243656,1.11154,0.458378
-0.223283,0.261444,1.11972,0.455237
-0.219213,0.279231,1.12791,0.452096
-0.215143,0.297018,1.1361,0.448954
-0.211073,0.314805,1.14429,0.445813
-0.207003,0.332592,1.15248,0.442672
-0.202933,0.350379,1.16067,0.43953
-0.198863,0.368166,1.16886,0.436389
-0.194793,0.385953,1.17704,0.433248
-0.190723,0.403741,1.18523,0.430107
-0.186653,0.421528,1.19342,0.426965
-0.182583,0.439315,1.20161,0.423824
-0.178513,0.457102,1.2098,0.420683
-0.174443,0.474889,1.21799,0.417541
-0.170373,0.492676,1.22618,0.4144
-0.166303,0.510463,1.23436,0.411259
-0.162233,0.52825,1.24255,0.408117
-0.158163,0.546037,1.25074,0.404976
-0.154093,0.563825,1.25893,0.401835
-0.150023,0.581612,1.26712,0.398694
-0.145953,0.599399,1.27531,0.395552
-0.141883,0.617186,1.2835,0.392411
-0.137813,0.634973,1.29168,0.38927
-0.133742,0.65276,1.29987,0.386128
-0.129672,0.670547,1.30806,0.382987
-0.125602,0.688334,1.31625,0.379846
-0.121532,0.706122,1.32444,0.376704
-0.117462,0.723909,1.33263,0.373563
-0.113392,0.741696,1.34082,0.370422
-0.109322,0.759483,1.34901,0.367281
-0.105252,0.77727,1.35719,0.364139
-0.101182,0.795057,1.36538,0.360998
-0.0971124,0.812844,1.37357,0.357857
-0.0930424,0.830631,1.38176,0.354715
-0.0889724,0.848418,1.38995,0.351574
-0.0849024,0.866206,1.39814,0.348433
-0.0808324,0.883993,1.40633,0.345291
-0.0767623,0.90178,1.41451,0.34215
-0.0726923,0.919567,1.4227,0.339009
-0.0686223,0.937354,1.43089,0.335868
-0.0645523,0.955141,1.43908,0.332726
-0.0604823,0.972928,1.44727,0.329585
-0.0564123,0.990715,1.45546,0.326444
-0.0523423,1.0085,1.46365,0.323302
-0.0482723,1.02629,1.47183,0.320161
-0.0442023,1.04408,1.48002,0.31702
-0.0401322,1.06186,1.48821,0.313878
-0.0360622,1.07965,1.4964,0.310737
-0.0319922,1.09744,1.50459,0.307596
-0.0279222,1.11523,1.51278,0.304454
-0.0238522,1.13301,1.52097,0.301313
-0.0197822,1.1508,1.52915,0.298172
-0.0157122,1.16859,1.53734,0.295031
-0.0116422,1.18637,1.54553,0.291889
-0.00757216,1.20416,1.55372,0.288748
-0.00350215,1.22195,1.56191,0.285607
0.000567858,1.23974,1.5701,0.282465
0.00463787,1.25752,1.57829,0.279324
0.00870788,1.27531,1.58648,0.276183
0.0127779,1.2931,1.59466,0.273041
0.0168479,1.31088,1.60285,0.2699
0.0209179,1.32867,1.61104,0.266759
0.0249879,1.34646,1.61923,0.263618
0.0290579,1.36424,1.62742,0.260476
0.0331279,1.38203,1.63561,0.257335
0.037198,1.39982,1.6438,0.254194
0.041268,1.41761,1.65198,0.251052
0.045338,1.43539,1.66017,0.247911
0.049408,1.45318,1.66836,0.24477
0.053478,1.47097,1.67655,0.241628
0.057548,1.48875,1.68474,0.238487
0.061618,1.50654,1.69293,0.235346
0.065688,1.52433,1.70112,0.232205
0.069758,1.54212,1.7093,0.229063
0.073828,1.5599,1.71749,0.225922
0.0778981,1.57769,1.72568,0.222781
0.0819681,1.59548,1.73387,0.219639
0.0860381,1.61326,1.74206,0.216498
0.0901081,1.63105,1.75025,0.213357
0.0941781,1.64884,1.75844,0.210215
0.0982481,1.66663,1.76662,0.207074
0.102318,1.68441,1.77481,0.203933
0.106388,1.7022,1.783,0.200792
0.110458,1.71999,1.79119,0.19765
0.114528,1.73777,1.79938,0.194509
0.118598,1.75556,1.80757,0.191368
0.122668,1.77335,1.81576,0.188226
0.126738,1.79114,1.82395,0.185085
0.130808,1.80892,1.83213,0.181944
0.134878,1.82671,1.84032,0.178802
0.138948,1.8445,1.84851,0.175661
0.143018,1.86228,1.8567,0.17252
0.147088,1.88007,1.86489,0.169379
0.151158,1.89786,1.87308,0.166237
0.155228,1.91565,1.88127,0.163096
0.159298,1.93343,1.88945,0.159955
0.163368,1.95122,1.89764,0.156813
0.167438,1.96901,1.90583,0.153672
0.171508,1.98679,1.91402,0.150531
0.175578,2.00458,1.92221,0.147389
0.179648,2.02237,1.9304,0.144248
0.183718,2.04016,1.93859,0.141107
0.187788,2.05794,1.94677,0.137966
0.191858,2.07573,1.95496,0.134824
0.195928,2.09352,1.96315,0.131683
0.199998,2.1113,1.97134,0.128542
0.204068,2.12909,1.97953,0.1254
0.208138,2.14688,1.98772,0.122259
0.212208,2.16467,1.99591,0.119118
0.216278,2.18245,2.00409,0.115976
0.220348,2.20024,2.01228,0.112835
0.224418,2.21803,2.02047,0.109694
0.228488,2.23581,2.02866,0.106552
0.232558,2.2536,2.03685,0.103411
0.236628,2.27139,2.04504,0.10027
0.240698,2.28917,2.05323,0.0971286
0.244768,2.30696,2.06142,0.0939873
0.248839,2.32475,2.0696,0.090846
0.252909,2.34254,2.07779,0.0877047
0.256979,2.36032,2.08598,0.0845634
0.261049,2.37811,2.09417,0.0814221
0.265119,2.3959,2.10236,0.0782808
0.269189,2.41368,2.11055,0.0751395
0.273259,2.43147,2.11874,0.0719982
0.277329,2.44926,2.12692,0.0688569
0.281399,2.46705,2.13511,0.0657156
0.285469,2.48483,2.1433,0.0625743
0.289539,2.50262,2.15149,0.059433
0.293609,2.52041,2.15968,0.0562917
0.297679,2.53819,2.16787,0.0531504
0.301749,2.55598,2.17606,0.0500091
0.305819,2.57377,2.18424,0.0468678
0.309889,2.59156,2.19243,0.0437265
0.313959,2.60934,2.20062,0.0405852
0.318029,2.62713,2.20881,0.0374439
0.322099,2.64492,2.217,0.0343026
0.326169,2.6627,2.22519,0.0311613
0.330239,2.68049,2.23338,0.02802
0.334309,2.69828,2.24156,0.0248787
0.338379,2.71607,2.24975,0.0217374
0.342449,2.73385,2.25794,0.018596
0.346519,2.75164,2.26613,0.0154547
0.350589,2.76943,2.27432,0.0123134
0.354659,2.78721,2.28251,0.00917215
0.358729,2.805,2.2907,0.00603084
0.362799,2.82279,2.29888,0.00288954
0.495018,2.87162,2.35515,0.273675
0.508576,2.88631,2.35585,0.272499
0.522133,2.901,2.35654,0.271323
0.53569,2.91569,2.35723,0.270147
0.549247,2.93037,2.35793,0.268971
0.562805,2.94506,2.35862,0.267794
0.576362,2.95975,2.35931,0.266618
0.589919,2.97444,2.36,0.265442
0.603476,2.98912,2.3607,0.264266
0.617034,3.00381,2.36139,0.26309
0.630591,3.0185,2.36208,0.261914
0.644148,3.03319,2.36278,0.260738
0.657705,3.04787,2.36347,0.259562
0.671263,3.06256,2.36416,0.258386
0.68482,3.07725,2.36485,0.25721
0.698377,3.09194,2.36555,0.256034
0.711935,3.10662,2.36624,0.254858
0.725492,3.12131,2.36693,0.253682
0.739049,3.136,2.36762,0.252506
0.752606,3.15069,2.36832,0.251329
0.766164,3.16537,2.36901,0.250153
0.779721,3.18006,2.3697,0.248977
0.793278,3.19475,2.3704,0.247801
0.806835,3.20944,2.37109,0.246625
0.820393,3.22412,2.37178,0.245449
0.83395,3.23881,2.37247,0.244273
0.847507,3.2535,2.37317,0.243097
0.861064,3.26819,2.37386,0.241921
0.874622,3.28287,2.37455,0.240745
0.888179,3.29756,2.37525,0.239569
0.901736,3.31225,2.37594,0.238393
0.915294,3.32694,2.37663,0.237217
0.928851,3.34162,2.37732,0.236041
0.942408,3.35631,2.37802,0.234865
0.955965,3.371,2.37871,0.233688
0.969523,3.38568,2.3794,0.232512
0.98308,3.40037,2.38009,0.231336
0.996637,3.41506,2.38079,0.23016
1.01019,3.42975,2.38148,0.228984
1.02375,3.44443,2.38217,0.227808
1.03731,3.45912,2.38287,0.226632
1.05087,3.47381,2.38356,0.225456
1.06442,3.4885,2.38425,0.22428
1.07798,3.50318,2.38494,0.223104
1.09154,3.51787,2.38564,0.221928
1.1051,3.53256,2.38633,0.220752
1.11865,3.54725,2.38702,0.219576
1.13221,3.56193,2.38772,0.2184
1.14577,3.57662,2.38841,0.217223
1.15932,3.59131,2.3891,0.216047
1.17288,3.606,2.38979,0.214871
1.18644,3.62068,2.39049,0.213695
1.2,3.63537,2.39118,0.212519
1.21355,3.65006,2.39187,0.211343
1.22711,3.66475,2.39256,0.210167
1.24067,3.67943,2.39326,0.208991
1.25423,3.69412,2.39395,0.207815
1.26778,3.70881,2.39464,0.206639
1.28134,3.7235,2.39534,0.205463
1.2949,3.73818,2.39603,0.204287
1.30845,3.75287,2.39672,0.203111
1.32201,3.76756,2.39741,0.201935
1.33557,3.78225,2.39811,0.200759
1.34913,3.79693,2.3988,0.199582
1.36268,3.81162,2.39949,0.198406
1.37624,3.82631,2.40019,0.19723
1.3898,3.841,2.40088,0.196054
1.40336,3.85568,2.40157,0.194878
1.41691,3.87037,2.40226,0.193702
1.43047,3.88506,2.40296,0.192526
1.44403,3.89974,2.40365,0.19135
1.45758,3.91443,2.40434,0.190174
1.47114,3.92912,2.40503,0.188998
1.4847,3.94381,2.40573,0.187822
1.49826,3.95849,2.40642,0.186646
1.51181,3.97318,2.40711,0.18547
1.52537,3.98787,2.40781,0.184294
1.53893,4.00256,2.4085,0.183117
1.55249,4.01724,2.40919,0.181941
1.56604,4.03193,2.40988,0.180765
1.5796,4.04662,2.41058,0.179589
1.59316,4.06131,2.41127,0.178413
1.60671,4.07599,2.41196,0.177237
1.62027,4.09068,2.41266,0.176061
1.63383,4.10537,2.41335,0.174885
1.64739,4.12006,2.41404,0.173709
1.66094,4.13474,2.41473,0.172533
1.6745,4.14943,2.41543,0.171357
1.68806,4.16412,2.41612,0.170181
1.70162,4.17881,2.41681,0.169005
1.71517,4.19349,2.4175,0.167829
1.72873,4.20818,2.4182,0.166653
1.74229,4.22287,2.41889,0.165476
1.75584,4.23756,2.41958,0.1643
1.7694,4.25224,2.42028,0.163124
1.78296,4.26693,2.42097,0.161948
1.79652,4.28162,2.42166,0.160772
1.81007,4.29631,2.42235,0.159596
1.82363,4.31099,2.42305,0.15842
1.83719,4.32568,2.42374,0.157244
1.85075,4.34037,2.42443,0.156068
1.8643,4.35506,2.42513,0.154892
1.87786,4.36974,2.42582,0.153716
1.89142,4.38443,2.42651,0.15254
1.90497,4.39912,2.4272,0.151364
1.91853,4.4138,2.4279,0.150188
1.93209,4.42849,2.42859,0.149011
1.94565,4.44318,2.42928,0.147835
1.9592,4.45787,2.42997,0.146659
1.97276,4.47255,2.43067,0.145483
1.98632,4.48724,2.43136,0.144307
1.99987,4.50193,2.43205,0.143131
2.01343,4.51662,2.43275,0.141955
2.02699,4.5313,2.43344,0.140779
2.04055,4.54599,2.43413,0.139603
2.0541,4.56068,2.43482,0.138427
2.06766,4.57537,2.43552,0.137251
2.08122,4.59005,2.43621,0.136075
2.09478,4.60474,2.4369,0.134899
2.10833,4.61943,2.4376,0.133723
2.12189,4.63412,2.43829,0.132546
2.13545,4.6488,2.43898,0.13137
2.149,4.66349,2.43967,0.130194
2.16256,4.67818,2.44037,0.129018
2.17612,4.69287,2.44106,0.127842
2.18968,4.70755,2.44175,0.126666
2.20323,4.72224,2.44244,0.12549
2.21679,4.73693,2.44314,0.124314
2.23035,4.75162,2.44383,0.123138
2.24391,4.7663,2.44452,0.121962
2.25746,4.78099,2.44522,0.120786
2.27102,4.79568,2.44591,0.11961
2.28458,4.81037,2.4466,0.118434
2.29813,4.82505,2.44729,0.117258
2.31169,4.83974,2.44799,0.116082
2.32525,4.85443,2.44868,0.114905
2.33881,4.86912,2.44937,0.113729
2.35236,4.8838,2.45007,0.112553
2.36592,4.89849,2.45076,0.111377
2.37948,4.91318,2.45145,0.110201
2.39304,4.92786,2.45214,0.109025
2.40659,4.94255,2.45284,0.107849
2.42015,4.95724,2.45353,0.106673
2.43371,4.97193,2.45422,0.105497
2.44726,4.98661,2.45491,0.104321
2.46082,5.0013,2.45561,0.103145
2.47438,5.01599,2.4563,0.101969
2.48794,5.03068,2.45699,0.100793
2.50149,5.04536,2.45769,0.0996166
2.51505,5.06005,2.45838,0.0984405
2.52861,5.07474,2.45907,0.0972644
2.54217,5.08943,2.45976,0.0960884
2.55572,5.10411,2.46046,0.0949123
2.56928,5.1188,2.46115,0.0937362
2.58284,5.13349,2.46184,0.0925601
2.59639,5.14818,2.46254,0.0913841
2.60995,5.16286,2.46323,0.090208
2.62351,5.17755,2.46392,0.0890319
2.63707,5.19224,2.46461,0.0878559
2.65062,5.20693,2.46531,0.0866798
2.66418,5.22161,2.466,0.0855037
2.67774,5.2363,2.46669,0.0843277
2.6913,5.25099,2.46738,0.0831516
2.70485,5.26568,2.46808,0.0819755
2.71841,5.28036,2.46877,0.0807995
2.73197,5.29505,2.46946,0.0796234
2.74552,5.30974,2.47016,0.0784473
2.75908,5.32443,2.47085,0.0772712
2.77264,5.33911,2.47154,0.0760952
2.7862,5.3538,2.47223,0.0749191
2.79975,5.36849,2.47293,0.073743
2.81331,5.38318,2.47362,0.072567
2.82687,5.39786,2.47431,0.0713909
2.84043,5.41255,2.47501,0.0702148
2.85398,5.42724,2.4757,0.0690388
2.86754,5.44192,2.47639,0.0678627
2.8811,5.45661,2.47708,0.0666866
2.89465,5.4713,2.47778,0.0655106
2.90821,5.48599,2.47847,0.0643345
2.92177,5.50067,2.47916,0.0631584
2.93533,5.51536,2.47985,0.0619823
2.94888,5.53005,2.48055,0.0608063
2.96244,5.54474,2.48124,0.0596302
2.976,5.55942,2.48193,0.0584541
2.98956,5.57411,2.48263,0.0572781
3.00311,5.5888,2.48332,0.056102
3.01667,5.60349,2.48401,0.0549259
3.03023,5.61817,2.4847,0.0537499
3.04378,5.63286,2.4854,0.0525738
3.05734,5.64755,2.48609,0.0513977
3.0709,5.66224,2.48678,0.0502217
3.08446,5.67692,2.48748,0.0490456
3.09801,5.69161,2.48817,0.0478695
3.11157,5.7063,2.48886,0.0466934
3.12513,5.72099,2.48955,0.0455174
3.13869,5.73567,2.49025,0.0443413
3.15224,5.75036,2.49094,0.0431652
3.1658,5.76505,2.49163,0.0419892
3.17936,5.77974,2.49232,0.0408131
3.19291,5.79442,2.49302,0.039637
3.20647,5.80911,2.49371,0.038461
3.22003,5.8238,2.4944,0.0372849
3.23359,5.83849,2.4951,0.0361088
3.24714,5.85317,2.49579,0.0349328
3.2607,5.86786,2.49648,0.0337567
3.27426,5.88255,2.49717,0.0325806
3.28782,5.89724,2.49787,0.0314045
3.30137,5.91192,2.49856,0.0302285
3.31493,5.92661,2.49925,0.0290524
3.32849,5.9413,2.49995,0.0278763
3.34204,5.95598,2.50064,0.0267003
3.3556,5.97067,2.50133,0.0255242
3.36916,5.98536,2.50202,0.0243481
3.38272,6.00005,2.50272,0.0231721
3.39627,6.01473,2.50341,0.021996
3.40983,6.02942,2.5041,0.0208199
3.42339,6.04411,2.50479,0.0196439
3.43695,6.0588,2.50549,0.0184678
3.4505,6.07348,2.50618,0.0172917
3.46406,6.08817,2.50687,0.0161156
3.47762,6.10286,2.50757,0.0149396
3.49117,6.11755,2.50826,0.0137635
3.50473,6.13223,2.50895,0.0125874
3.51829,6.14692,2.50964,0.0114114
3.53185,6.16161,2.51034,0.0102353
3.5454,6.1763,2.51103,0.00905923
3.55896,6.19098,2.51172,0.00788316
3.57252,6.20567,2.51242,0.00670709
3.58608,6.22036,2.51311,0.00553102
3.59963,6.23505,2.5138,0.00435495
3.61319,6.24973,2.51449,0.00317888
3.62675,6.26442,2.51519,0.00200281
3.6403,6.27911,2.51588,0.000826746
3.75864,6.37045,2.57474,0.616584
3.77852,6.37249,2.57562,0.61374
3.7984,6.37454,2.57651,0.610897
3.81827,6.37658,2.57739,0.608054
3.83815,6.37862,2.57828,0.605211
3.85802,6.38067,2.57917,0.602368
3.8779,6.38271,2.58005,0.599525
3.89777,6.38475,2.58094,0.596681
3.91765,6.3868,2.58182,0.593838
3.93753,6.38884,2.58271,0.590995
3.9574,6.39088,2.58359,0.588152
3.97728,6.39293,2.58448,0.585309
3.99715,6.39497,2.58536,0.582466
4.01703,6.39701,2.58625,0.579622
4.0369,6.39906,2.58714,0.576779
4.05678,6.4011,2.58802,0.573936
4.07665,6.40314,2.58891,0.571093
4.09653,6.40519,2.58979,0.56825
4.11641,6.40723,2.59068,0.565407
4.13628,6.40927,2.59156,0.562563
4.15616,6.41132,2.59245,0.55972
4.17603,6.41336,2.59333,0.556877
4.19591,6.4154,2.59422,0.554034
4.21578,6.41744,2.5951,0.551191
4.23566,6.41949,2.59599,0.548348
4.25554,6.42153,2.59688,0.545504
4.27541,6.42357,2.59776,0.542661
4.29529,6.42562,2.59865,0.539818
4.31516,6.42766,2.59953,0.536975
4.33504,6.4297,2.60042,0.534132
4.35491,6.43175,2.6013,0.531289
4.37479,6.43379,2.60219,0.528445
4.39467,6.43583,2.60307,0.525602
4.41454,6.43788,2.60396,0.522759
4.43442,6.43992,2.60484,0.519916
4.45429,6.44196,2.60573,0.517073
4.47417,6.44401,2.60662,0.51423
4.49404,6.44605,2.6075,0.511386
4.51392,6.44809,2.60839,0.508543
4.53379,6.45014,2.60927,0.5057
4.55367,6.45218,2.61016,0.502857
4.57355,6.45422,2.61104,0.500014
4.59342,6.45627,2.61193,0.497171
4.6133,6.45831,2.61281,0.494328
4.63317,6.46035,2.6137,0.491484
4.65305,6.4624,2.61458,0.488641
4.67292,6.46444,2.61547,0.485798
4.6928,6.46648,2.61636,0.482955
4.71268,6.46853,2.61724,0.480112
4.73255,6.47057,2.61813,0.477269
4.75243,6.47261,2.61901,0.474425
4.7723,6.47465,2.6199,0.471582
4.79218,6.4767,2.62078,0.468739
4.81205,6.47874,2.62167,0.465896
4.83193,6.48078,2.62255,0.463053
4.85181,6.48283,2.62344,0.46021
4.87168,6.48487,2.62433,0.457366
4.89156,6.48691,2.62521,0.454523
4.91143,6.48896,2.6261,0.45168
4.93131,6.491,2.62698,0.448837
4.95118,6.49304,2.62787,0.445994
4.97106,6.49509,2.62875,0.443151
4.99093,6.49713,2.62964,0.440307
5.01081,6.49917,2.63052,0.437464
5.03069,6.50122,2.63141,0.434621
5.05056,6.50326,2.63229,0.431778
5.07044,6.5053,2.63318,0.428935
5.09031,6.50735,2.63407,