3.51562,3.63594,0.793797,-3.08082
3.49867,3.62713,0.799731,-3.06719
3.48173,3.61832,0.805664,-3.05356
3.46478,3.60951,0.811598,-3.03993
3.44783,3.60071,0.817532,-3.0263
3.43088,3.5919,0.823465,-3.01267
3.41394,3.58309,0.829399,-2.99904
3.39699,3.57428,0.835333,-2.98541
3.38004,3.56547,0.841266,-2.97178
3.3631,3.55667,0.8472,-2.95815
3.34615,3.54786,0.853134,-2.94452
3.3292,3.53905,0.859067,-2.93089
3.31225,3.53024,0.865001,-2.91726
3.29531,3.52143,0.870935,-2.90363
3.27836,3.51262,0.876868,-2.89
3.26141,3.50382,0.882802,-2.87637
3.24447,3.49501,0.888736,-2.86274
3.22752,3.4862,0.894669,-2.84911
3.21057,3.47739,0.900603,-2.83548
3.19362,3.46858,0.906537,-2.82185
3.17668,3.45978,0.91247,-2.80822
3.15973,3.45097,0.918404,-2.79459
3.14278,3.44216,0.924338,-2.78096
3.12583,3.43335,0.930271,-2.76733
3.10889,3.42454,0.936205,-2.7537
3.09194,3.41573,0.942139,-2.74007
3.07499,3.40693,0.948072,-2.72644
3.05805,3.39812,0.954006,-2.71281
3.0411,3.38931,0.95994,-2.69918
3.02415,3.3805,0.965873,-2.68555
3.0072,3.37169,0.971807,-2.67192
2.99026,3.36288,0.977741,-2.65829
2.97331,3.35408,0.983674,-2.64466
2.95636,3.34527,0.989608,-2.63103
2.93942,3.33646,0.995542,-2.6174
2.92247,3.32765,1.00148,-2.60377
2.90552,3.31884,1.00741,-2.59014
2.88857,3.31004,1.01334,-2.57651
2.87163,3.30123,1.01928,-2.56288
2.85468,3.29242,1.02521,-2.54925
2.83773,3.28361,1.03114,-2.53562
2.82079,3.2748,1.03708,-2.52199
2.80384,3.26599,1.04301,-2.50836
2.78689,3.25719,1.04894,-2.49473
2.76994,3.24838,1.05488,-2.4811
2.753,3.23957,1.06081,-2.46747
2.73605,3.23076,1.06675,-2.45384
2.7191,3.22195,1.07268,-2.44021
2.70216,3.21315,1.07861,-2.42658
2.68521,3.20434,1.08455,-2.41295
2.66826,3.19553,1.09048,-2.39932
2.65131,3.18672,1.09641,-2.38569
2.63437,3.17791,1.10235,-2.37206
2.61742,3.1691,1.10828,-2.35843
2.60047,3.1603,1.11421,-2.3448
2.58352,3.15149,1.12015,-2.33117
2.56658,3.14268,1.12608,-2.31754
2.54963,3.13387,1.13202,-2.30391
2.53268,3.12506,1.13795,-2.29028
2.51574,3.11626,1.14388,-2.27665
2.49879,3.10745,1.14982,-2.26302
2.48184,3.09864,1.15575,-2.24939
2.46489,3.08983,1.16168,-2.23576
2.44795,3.08102,1.16762,-2.22213
2.431,3.07221,1.17355,-2.2085
2.41405,3.06341,1.17949,-2.19487
2.39711,3.0546,1.18542,-2.18124
2.38016,3.04579,1.19135,-2.16761
2.36321,3.03698,1.19729,-2.15398
2.34626,3.02817,1.20322,-2.14035
2.32932,3.01937,1.20915,-2.12672
2.31237,3.01056,1.21509,-2.11309
2.29542,3.00175,1.22102,-2.09946
2.27848,2.99294,1.22695,-2.08583
2.26153,2.98413,1.23289,-2.0722
2.24458,2.97532,1.23882,-2.05857
2.22763,2.96652,1.24476,-2.04494
2.21069,2.95771,1.25069,-2.03131
2.19374,2.9489,1.25662,-2.01768
2.17679,2.94009,1.26256,-2.00405
2.15984,2.93128,1.26849,-1.99042
2.1429,2.92248,1.27442,-1.97679
2.12595,2.91367,1.28036,-1.96316
2.109,2.90486,1.28629,-1.94953
2.09206,2.89605,1.29222,-1.9359
2.07511,2.88724,1.29816,-1.92227
2.05816,2.87843,1.30409,-1.90864
2.04121,2.86963,1.31003,-1.89501
2.02427,2.86082,1.31596,-1.88138
2.00732,2.85201,1.32189,-1.86775
1.99037,2.8432,1.32783,-1.85412
1.97343,2.83439,1.33376,-1.84049
1.95648,2.82559,1.33969,-1.82686
1.93953,2.81678,1.34563,-1.81323
1.92258,2.80797,1.35156,-1.7996
1.90564,2.79916,1.3575,-1.78597
1.88869,2.79035,1.36343,-1.77234
1.87174,2.78154,1.36936,-1.75871
1.8548,2.77274,1.3753,-1.74508
1.83785,2.76393,1.38123,-1.73145
1.8209,2.75512,1.38716,-1.71782
1.80395,2.74631,1.3931,-1.70419
1.78701,2.7375,1.39903,-1.69056
1.77006,2.7287,1.40496,-1.67693
1.75311,2.71989,1.4109,-1.6633
1.73617,2.71108,1.41683,-1.64967
1.71922,2.70227,1.42277,-1.63604
1.70227,2.69346,1.4287,-1.62241
1.68532,2.68465,1.43463,-1.60878
1.66838,2.67585,1.44057,-1.59515
1.65143,2.66704,1.4465,-1.58152
1.63448,2.65823,1.45243,-1.56789
1.61753,2.64942,1.45837,-1.55426
1.60059,2.64061,1.4643,-1.54063
1.58364,2.63181,1.47023,-1.527
1.56669,2.623,1.47617,-1.51337
1.54975,2.61419,1.4821,-1.49974
1.5328,2.60538,1.48804,-1.48611
1.51585,2.59657,1.49397,-1.47248
1.4989,2.58776,1.4999,-1.45885
1.48196,2.57896,1.50584,-1.44522
1.46501,2.57015,1.51177,-1.43159
1.44806,2.56134,1.5177,-1.41796
1.43112,2.55253,1.52364,-1.40433
1.41417,2.54372,1.52957,-1.3907
1.39722,2.53492,1.53551,-1.37707
1.38027,2.52611,1.54144,-1.36344
1.36333,2.5173,1.54737,-1.34981
1.34638,2.50849,1.55331,-1.33618
1.32943,2.49968,1.55924,-1.32255
1.31249,2.49087,1.56517,-1.30892
1.29554,2.48207,1.57111,-1.29529
1.27859,2.47326,1.57704,-1.28166
1.26164,2.46445,1.58297,-1.26803
1.2447,2.45564,1.58891,-1.2544
1.22775,2.44683,1.59484,-1.24077
1.2108,2.43803,1.60078,-1.22714
1.19385,2.42922,1.60671,-1.21351
1.17691,2.42041,1.61264,-1.19988
1.15996,2.4116,1.61858,-1.18625
1.14301,2.40279,1.62451,-1.17262
1.12607,2.39398,1.63044,-1.15899
1.10912,2.38518,1.63638,-1.14536
1.09217,2.37637,1.64231,-1.13173
1.07522,2.36756,1.64824,-1.1181
1.05828,2.35875,1.65418,-1.10447
1.04133,2.34994,1.66011,-1.09084
1.02438,2.34113,1.66605,-1.07721
1.00744,2.33233,1.67198,-1.06358
0.990488,2.32352,1.67791,-1.04995
0.973541,2.31471,1.68385,-1.03632
0.956594,2.3059,1.68978,-1.02269
0.939647,2.29709,1.69571,-1.00906
0.9227,2.28829,1.70165,-0.995434
0.905753,2.27948,1.70758,-0.981804
0.888805,2.27067,1.71352,-0.968174
0.871858,2.26186,1.71945,-0.954544
0.854911,2.25305,1.72538,-0.940914
0.837964,2.24424,1.73132,-0.927284
0.821017,2.23544,1.73725,-0.913654
0.804069,2.22663,1.74318,-0.900024
0.787122,2.21782,1.74912,-0.886394
0.770175,2.20901,1.75505,-0.872764
0.753228,2.2002,1.76098,-0.859134
0.736281,2.1914,1.76692,-0.845504
0.719333,2.18259,1.77285,-0.831874
0.702386,2.17378,1.77879,-0.818244
0.685439,2.16497,1.78472,-0.804614
0.668492,2.15616,1.79065,-0.790984
0.651545,2.14735,1.79659,-0.777354
0.634597,2.13855,1.80252,-0.763724
0.61765,2.12974,1.80845,-0.750094
0.600703,2.12093,1.81439,-0.736464
0.583756,2.11212,1.82032,-0.722834
0.566809,2.10331,1.82625,-0.709204
0.549861,2.09451,1.83219,-0.695574
0.532914,2.0857,1.83812,-0.681944
0.515967,2.07689,1.84406,-0.668314
0.49902,2.06808,1.84999,-0.654684
0.482073,2.05927,1.85592,-0.641054
0.465125,2.05046,1.86186,-0.627424
0.448178,2.04166,1.86779,-0.613794
0.431231,2.03285,1.87372,-0.600165
0.414284,2.02404,1.87966,-0.586535
0.397337,2.01523,1.88559,-0.572905
0.380389,2.00642,1.89153,-0.559275
0.363442,1.99762,1.89746,-0.545645
0.346495,1.98881,1.90339,-0.532015
0.329548,1.98,1.90933,-0.518385
0.312601,1.97119,1.91526,-0.504755
0.295654,1.96238,1.92119,-0.491125
0.278706,1.95357,1.92713,-0.477495
0.261759,1.94477,1.93306,-0.463865
0.244812,1.93596,1.93899,-0.450235
0.227865,1.92715,1.94493,-0.436605
0.210918,1.91834,1.95086,-0.422975
0.19397,1.90953,1.9568,-0.409345
0.177023,1.90073,1.96273,-0.395715
0.160076,1.89192,1.96866,-0.382085
0.143129,1.88311,1.9746,-0.368455
0.126182,1.8743,1.98053,-0.354825
0.109234,1.86549,1.98646,-0.341195
0.0922872,1.85668,1.9924,-0.327565
0.07534,1.84788,1.99833,-0.313935
0.0583928,1.83907,2.00426,-0.300305
0.0414456,1.83026,2.0102,-0.286675
0.0244984,1.82145,2.01613,-0.273045
0.00755119,1.81264,2.02207,-0.259415
-0.009396,1.80384,2.028,-0.245785
-0.0263432,1.79503,2.03393,-0.232155
-0.0432904,1.78622,2.03987,-0.218525
-0.0602376,1.77741,2.0458,-0.204895
-0.0771848,1.7686,2.05173,-0.191265
-0.094132,1.75979,2.05767,-0.177636
-0.111079,1.75099,2.0636,-0.164006
-0.128026,1.74218,2.06954,-0.150376
-0.144974,1.73337,2.07547,-0.136746
-0.161921,1.72456,2.0814,-0.123116
-0.178868,1.71575,2.08734,-0.109486
-0.195815,1.70695,2.09327,-0.0958557
-0.212762,1.69814,2.0992,-0.0822257
-0.22971,1.68933,2.10514,-0.0685958
-0.246657,1.68052,2.11107,-0.0549658
-0.263604,1.67171,2.117,-0.0413358
-0.280551,1.6629,2.12294,-0.0277059
-0.297498,1.6541,2.12887,-0.0140759
-0.314446,1.64529,2.13481,-0.000445935
-0.0511923,1.6877,2.14669,-0.169698
-0.0512587,1.6682,2.15114,-0.16812
-0.0513252,1.6487,2.15559,-0.166541
-0.0513916,1.6292,2.16004,-0.164962
-0.051458,1.6097,2.16449,-0.163384
-0.0515244,1.5902,2.16894,-0.161805
-0.0515909,1.5707,2.17339,-0.160226
-0.0516573,1.55121,2.17784,-0.158648
-0.0517237,1.53171,2.18229,-0.157069
-0.0517902,1.51221,2.18674,-0.15549
-0.0518566,1.49271,2.19119,-0.153912
-0.051923,1.47321,2.19564,-0.152333
-0.0519895,1.45371,2.20009,-0.150755
-0.0520559,1.43421,2.20454,-0.149176
-0.0521223,1.41472,2.20899,-0.147597
-0.0521887,1.39522,2.213446745