-0.499081,-2.37694,0.793281,-3.08588
-0.51503,-2.389,0.792868,-3.0782
-0.530979,-2.40106,0.792455,-3.07051
-0.546928,-2.41312,0.792042,-3.06283
-0.562877,-2.42518,0.791629,-3.05514
-0.578826,-2.43724,0.791215,-3.04746
-0.594775,-2.44931,0.790802,-3.03977
-0.610724,-2.46137,0.790389,-3.03209
-0.626672,-2.47343,0.789976,-3.0244
-0.642621,-2.48549,0.789563,-3.01672
-0.65857,-2.49755,0.78915,-3.00903
-0.674519,-2.50961,0.788736,-3.00135
-0.690468,-2.52167,0.788323,-2.99366
-0.706417,-2.53373,0.78791,-2.98598
-0.722366,-2.54579,0.787497,-2.97829
-0.738315,-2.55785,0.787084,-2.97061
-0.754264,-2.56991,0.786671,-2.96292
-0.770213,-2.58197,0.786258,-2.95524
-0.786161,-2.59403,0.785844,-2.94755
-0.80211,-2.60609,0.785431,-2.93987
-0.818059,-2.61816,0.785018,-2.93218
-0.834008,-2.63022,0.784605,-2.9245
-0.849957,-2.64228,0.784192,-2.91682
-0.865906,-2.65434,0.783779,-2.90913
-0.881855,-2.6664,0.783365,-2.90145
-0.897804,-2.67846,0.782952,-2.89376
-0.913753,-2.69052,0.782539,-2.88608
-0.929702,-2.70258,0.782126,-2.87839
-0.94565,-2.71464,0.781713,-2.87071
-0.961599,-2.7267,0.7813,-2.86302
-0.977548,-2.73876,0.780887,-2.85534
-0.993497,-2.75082,0.780473,-2.84765
-1.00945,-2.76288,0.78006,-2.83997
-1.02539,-2.77495,0.779647,-2.83228
-1.04134,-2.78701,0.779234,-2.8246
-1.05729,-2.79907,0.778821,-2.81691
-1.07324,-2.81113,0.778408,-2.80923
-1.08919,-2.82319,0.777994,-2.80154
-1.10514,-2.83525,0.777581,-2.79386
-1.12109,-2.84731,0.777168,-2.78617
-1.13704,-2.85937,0.776755,-2.77849
-1.15299,-2.87143,0.776342,-2.7708
-1.16894,-2.88349,0.775929,-2.76312
-1.18488,-2.89555,0.775516,-2.75543
-1.20083,-2.90761,0.775102,-2.74775
-1.21678,-2.91967,0.774689,-2.74007
-1.23273,-2.93174,0.774276,-2.73238
-1.24868,-2.9438,0.773863,-2.7247
-1.26463,-2.95586,0.77345,-2.71701
-1.28058,-2.96792,0.773037,-2.70933
-1.29653,-2.97998,0.772624,-2.70164
-1.31248,-2.99204,0.77221,-2.69396
-1.32842,-3.0041,0.771797,-2.68627
-1.34437,-3.01616,0.771384,-2.67859
-1.36032,-3.02822,0.770971,-2.6709
-1.37627,-3.04028,0.770558,-2.66322
-1.39222,-3.05234,0.770145,-2.65553
-1.40817,-3.0644,0.769731,-2.64785
-1.42412,-3.07646,0.769318,-2.64016
-1.44007,-3.08853,0.768905,-2.63248
-1.45602,-3.10059,0.768492,-2.62479
-1.47196,-3.11265,0.768079,-2.61711
-1.48791,-3.12471,0.767666,-2.60942
-1.50386,-3.13677,0.767253,-2.60174
-1.51981,-3.14883,0.766839,-2.59405
-1.53576,-3.16089,0.766426,-2.58637
-1.55171,-3.17295,0.766013,-2.57868
-1.56766,-3.18501,0.7656,-2.571
-1.58361,-3.19707,0.765187,-2.56331
-1.59956,-3.20913,0.764774,-2.55563
-1.6155,-3.22119,0.76436,-2.54795
-1.63145,-3.23325,0.763947,-2.54026
-1.6474,-3.24532,0.763534,-2.53258
-1.66335,-3.25738,0.763121,-2.52489
-1.6793,-3.26944,0.762708,-2.51721
-1.69525,-3.2815,0.762295,-2.50952
-1.7112,-3.29356,0.761882,-2.50184
-1.72715,-3.30562,0.761468,-2.49415
-1.7431,-3.31768,0.761055,-2.48647
-1.75904,-3.32974,0.760642,-2.47878
-1.77499,-3.3418,0.760229,-2.4711
-1.79094,-3.35386,0.759816,-2.46341
-1.80689,-3.36592,0.759403,-2.45573
-1.82284,-3.37798,0.758989,-2.44804
-1.83879,-3.39004,0.758576,-2.44036
-1.85474,-3.4021,0.758163,-2.43267
-1.87069,-3.41417,0.75775,-2.42499
-1.88664,-3.42623,0.757337,-2.4173
-1.90258,-3.43829,0.756924,-2.40962
-1.91853,-3.45035,0.756511,-2.40193
-1.93448,-3.46241,0.756097,-2.39425
-1.95043,-3.47447,0.755684,-2.38656
-1.96638,-3.48653,0.755271,-2.37888
-1.98233,-3.49859,0.754858,-2.3712
-1.99828,-3.51065,0.754445,-2.36351
-2.01423,-3.52271,0.754032,-2.35583
-2.03018,-3.53477,0.753618,-2.34814
-2.04612,-3.54683,0.753205,-2.34046
-2.06207,-3.55889,0.752792,-2.33277
-2.07802,-3.57096,0.752379,-2.32509
-2.09397,-3.58302,0.751966,-2.3174
-2.10992,-3.59508,0.751553,-2.30972
-2.12587,-3.60714,0.75114,-2.30203
-2.14182,-3.6192,0.750726,-2.29435
-2.15777,-3.63126,0.750313,-2.28666
-2.17372,-3.64332,0.7499,-2.27898
-2.18966,-3.65538,0.749487,-2.27129
-2.20561,-3.66744,0.749074,-2.26361
-2.22156,-3.6795,0.748661,-2.25592
-2.23751,-3.69156,0.748247,-2.24824
-2.25346,-3.70362,0.747834,-2.24055
-2.26941,-3.71568,0.747421,-2.23287
-2.28536,-3.72775,0.747008,-2.22518
-2.30131,-3.73981,0.746595,-2.2175
-2.31726,-3.75187,0.746182,-2.20981
-2.3332,-3.76393,0.745769,-2.20213
-2.34915,-3.77599,0.745355,-2.19445
-2.3651,-3.78805,0.744942,-2.18676
-2.38105,-3.80011,0.744529,-2.17908
-2.397,-3.81217,0.744116,-2.17139
-2.41295,-3.82423,0.743703,-2.16371
-2.4289,-3.83629,0.74329,-2.15602
-2.44485,-3.84835,0.742876,-2.14834
-2.4608,-3.86041,0.742463,-2.14065
-2.47674,-3.87247,0.74205,-2.13297
-2.49269,-3.88454,0.741637,-2.12528
-2.50864,-3.8966,0.741224,-2.1176
-2.52459,-3.90866,0.740811,-2.10991
-2.54054,-3.92072,0.740398,-2.10223
-2.55649,-3.93278,0.739984,-2.09454
-2.57244,-3.94484,0.739571,-2.08686
-2.58839,-3.9569,0.739158,-2.07917
-2.60434,-3.96896,0.738745,-2.07149
-2.62029,-3.98102,0.738332,-2.0638
-2.63623,-3.99308,0.737919,-2.05612
-2.65218,-4.00514,0.737505,-2.04843
-2.66813,-4.0172,0.737092,-2.04075
-2.68408,-4.02926,0.736679,-2.03306
-2.70003,-4.04133,0.736266,-2.02538
-2.71598,-4.05339,0.735853,-2.01769
-2.73193,-4.06545,0.73544,-2.01001
-2.74788,-4.07751,0.735027,-2.00233
-2.76383,-4.08957,0.734613,-1.99464
-2.77977,-4.10163,0.7342,-1.98696
-2.79572,-4.11369,0.733787,-1.97927
-2.81167,-4.12575,0.733374,-1.97159
-2.82762,-4.13781,0.732961,-1.9639
-2.84357,-4.14987,0.732548,-1.95622
-2.85952,-4.16193,0.732134,-1.94853
-2.87547,-4.17399,0.731721,-1.94085
-2.89142,-4.18605,0.731308,-1.93316
-2.90737,-4.19811,0.730895,-1.92548
-2.92331,-4.21018,0.730482,-1.91779
-2.93926,-4.22224,0.730069,-1.91011
-2.95521,-4.2343,0.729656,-1.90242
-2.97116,-4.24636,0.729242,-1.89474
-2.98711,-4.25842,0.728829,-1.88705
-3.00306,-4.27048,0.728416,-1.87937
-3.01901,-4.28254,0.728003,-1.87168
-3.03496,-4.2946,0.72759,-1.864
-3.05091,-4.30666,0.727177,-1.85631
-3.06685,-4.31872,0.726763,-1.84863
-3.0828,-4.33078,0.72635,-1.84094
-3.09875,-4.34284,0.725937,-1.83326
-3.1147,-4.3549,0.725524,-1.82558
-3.13065,-4.36697,0.725111,-1.81789
-3.1466,-4.37903,0.724698,-1.81021
-3.16255,-4.39109,0.724285,-1.80252
-3.1785,-4.40315,0.723871,-1.79484
-3.19445,-4.41521,0.723458,-1.78715
-3.21039,-4.42727,0.723045,-1.77947
-3.22634,-4.43933,0.722632,-1.77178
-3.24229,-4.45139,0.722219,-1.7641
-3.25824,-4.46345,0.721806,-1.75641
-3.27419,-4.47551,0.721392,-1.74873
-3.29014,-4.48757,0.720979,-1.74104
-3.30609,-4.49963,0.720566,-1.73336
-3.32204,-4.51169,0.720153,-1.72567
-3.33799,-4.52376,0.71974,-1.71799
-3.35393,-4.53582,0.719327,-1.7103
-3.36988,-4.54788,0.718914,-1.70262
-3.38583,-4.55994,0.7185,-1.69493
-3.40178,-4.572,0.718087,-1.68725
-3.41773,-4.58406,0.717674,-1.67956
-3.43368,-4.59612,0.717261,-1.67188
-3.44963,-4.60818,0.716848,-1.66419
-3.46558,-4.62024,0.716435,-1.65651
-3.48153,-4.6323,0.716021,-1.64883
-3.49747,-4.64436,0.715608,-1.64114
-3.51342,-4.65642,0.715195,-1.63346
-3.52937,-4.66848,0.714782,-1.62577
-3.54532,-4.68055,0.714369,-1.61809
-3.56127,-4.69261,0.713956,-1.6104
-3.57722,-4.70467,0.713543,-1.60272
-3.59317,-4.71673,0.713129,-1.59503
-3.60912,-4.72879,0.712716,-1.58735
-3.62507,-4.74085,0.712303,-1.57966
-3.64101,-4.75291,0.71189,-1.57198
-3.65696,-4.76497,0.711477,-1.56429
-3.67291,-4.77703,0.711064,-1.55661
-3.68886,-4.78909,0.71065,-1.54892
-3.70481,-4.80115,0.710237,-1.54124
-3.72076,-4.81321,0.709824,-1.53355
-3.73671,-4.82527,0.709411,-1.52587
-3.75266,-4.83733,0.708998,-1.51818
-3.76861,-4.8494,0.708585,-1.5105
-3.78455,-4.86146,0.708172,-1.50281
-3.8005,-4.87352,0.707758,-1.49513
-3.81645,-4.88558,0.707345,-1.48744
-3.8324,-4.89764,0.706932,-1.47976
-3.84835,-4.9097,0.706519,-1.47207
-3.8643,-4.92176,0.706106,-1.46439
-3.88025,-4.93382,0.705693,-1.45671
-3.8962,-4.94588,0.705279,-1.44902
-3.91215,-4.95794,0.704866,-1.44134
-3.92809,-4.97,0.704453,-1.43365
-3.94404,-4.98206,0.70404,-1.42597
-3.95999,-4.99412,0.703627,-1.41828
-3.97594,-5.00619,0.703214,-1.4106
-3.99189,-5.01825,0.702801,-1.40291
-4.00784,-5.03031,0.702387,-1.39523
-4.02379,-5.04237,0.701974,-1.38754
-4.03974,-5.05443,0.701561,-1.37986
-4.05569,-5.06649,0.701148,-1.37217
-4.07164,-5.07855,0.700735,-1.36449
-4.08758,-5.09061,0.700322,-1.3568
-4.10353,-5.10267,0.699908,-1.34912
-4.11948,-5.11473,0.699495,-1.34143
-4.13543,-5.12679,0.699082,-1.33375
-4.15138,-5.138855