-0.633136,-0.499779,0.80286,3.14039
-0.626739,-0.518064,0.807836,3.09169
-0.620342,-0.536348,0.812813,3.04299
-0.613945,-0.554632,0.81779,2.99429
-0.607548,-0.572916,0.822767,2.94559
-0.601151,-0.5912,0.827743,2.8969
-0.594753,-0.609484,0.83272,2.8482
-0.588356,-0.627768,0.837697,2.7995
-0.581959,-0.646052,0.842673,2.7508
-0.575562,-0.664337,0.84765,2.7021
-0.569165,-0.682621,0.852627,2.6534
-0.562768,-0.700905,0.857604,2.6047
-0.556371,-0.719189,0.86258,2.556
-0.549974,-0.737473,0.867557,2.5073
-0.543576,-0.755757,0.872534,2.4586
-0.537179,-0.774041,0.87751,2.4099
-0.530782,-0.792325,0.882487,2.3612
-0.524385,-0.810609,0.887464,2.3125
-0.517988,-0.828894,0.892441,2.2638
-0.511591,-0.847178,0.897417,2.2151
-0.505194,-0.865462,0.902394,2.1664
-0.498797,-0.883746,0.907371,2.1177
-0.4924,-0.90203,0.912347,2.069
-0.486002,-0.920314,0.917324,2.0203
-0.479605,-0.938598,0.922301,1.9716
-0.473208,-0.956882,0.927277,1.9229
-0.466811,-0.975167,0.932254,1.8742
-0.460414,-0.993451,0.937231,1.8255
-0.454017,-1.01173,0.942208,1.7768
-0.44762,-1.03002,0.947184,1.7281
-0.441223,-1.0483,0.952161,1.6794
-0.434825,-1.06659,0.957138,1.6307
-0.428428,-1.08487,0.962114,1.582
-0.422031,-1.10316,0.967091,1.5333
-0.415634,-1.12144,0.972068,1.4846
-0.409237,-1.13972,0.977045,1.4359
-0.40284,-1.15801,0.982021,1.3872
-0.396443,-1.17629,0.986998,1.33851
-0.390046,-1.19458,0.991975,1.28981
-0.383648,-1.21286,0.996951,1.24111
-0.377251,-1.23114,1.00193,1.19241
-0.370854,-1.24943,1.0069,1.14371
-0.364457,-1.26771,1.01188,1.09501
-0.35806,-1.286,1.01686,1.04631
-0.351663,-1.30428,1.02183,0.997608
-0.345266,-1.32256,1.02681,0.948908
-0.338869,-1.34085,1.03179,0.900208
-0.332471,-1.35913,1.03677,0.851508
-0.326074,-1.37742,1.04174,0.802809
-0.319677,-1.3957,1.04672,0.754109
-0.31328,-1.41399,1.0517,0.705409
-0.327715,-1.42783,1.05169,0.71791
-0.34215,-1.44167,1.05168,0.730411
-0.356585,-1.45551,1.05167,0.742911
-0.37102,-1.46936,1.05166,0.755412
-0.385455,-1.4832,1.05165,0.767912
-0.39989,-1.49704,1.05164,0.780413
-0.414325,-1.51089,1.05163,0.792913
-0.42876,-1.52473,1.05162,0.805414
-0.443195,-1.53857,1.05162,0.817914
-0.45763,-1.55242,1.05161,0.830415
-0.472065,-1.56626,1.0516,0.842916
-0.486501,-1.5801,1.05159,0.855416
-0.500936,-1.59395,1.05158,0.867917
-0.515371,-1.60779,1.05157,0.880417
-0.529806,-1.62163,1.05156,0.892918
-0.544241,-1.63547,1.05155,0.905418
-0.558676,-1.64932,1.05154,0.917919
-0.573111,-1.66316,1.05154,0.930419
-0.587546,-1.677,1.05153,0.94292
-0.601981,-1.69085,1.05152,0.955421
-0.616416,-1.70469,1.05151,0.967921
-0.630851,-1.71853,1.0515,0.980422
-0.645286,-1.73238,1.05149,0.992922
-0.659721,-1.74622,1.05148,1.00542
-0.674156,-1.76006,1.05147,1.01792
-0.688591,-1.7739,1.05146,1.03042
-0.703026,-1.78775,1.05146,1.04292
-0.717461,-1.80159,1.05145,1.05543
-0.731896,-1.81543,1.05144,1.06793
-0.746331,-1.82928,1.05143,1.08043
-0.760766,-1.84312,1.05142,1.09293
-0.775201,-1.85696,1.05141,1.10543
-0.789636,-1.87081,1.0514,1.11793
-0.804071,-1.88465,1.05139,1.13043
-0.818506,-1.89849,1.05138,1.14293
-0.832941,-1.91233,1.05138,1.15543
-0.847376,-1.92618,1.05137,1.16793
-0.861811,-1.94002,1.05136,1.18043
-0.876247,-1.95386,1.05135,1.19293
-0.890682,-1.96771,1.05134,1.20543
-0.905117,-1.98155,1.05133,1.21793
-0.919552,-1.99539,1.05132,1.23043
-0.933987,-2.00924,1.05131,1.24293
-0.948422,-2.02308,1.0513,1.25543
-0.962857,-2.03692,1.0513,1.26793
-0.977292,-2.05077,1.05129,1.28044
-0.991727,-2.06461,1.05128,1.29294
-1.00616,-2.07845,1.05127,1.30544
-1.0206,-2.09229,1.05126,1.31794
-1.03503,-2.10614,1.05125,1.33044
-1.04329,-2.12416,1.04858,1.34405
-1.05155,-2.14217,1.04591,1.35767
-1.05981,-2.16019,1.04324,1.37129
-1.06807,-2.17821,1.04057,1.3849
-1.07633,-2.19623,1.0379,1.39852
-1.08459,-2.21424,1.03524,1.41214
-1.09285,-2.23226,1.03257,1.42575
-1.10111,-2.25028,1.0299,1.43937
-1.10937,-2.2683,1.02723,1.45299
-1.11763,-2.28632,1.02456,1.4666
-1.12589,-2.30433,1.02189,1.48022
-1.13416,-2.32235,1.01922,1.49384
-1.14242,-2.34037,1.01655,1.50745
-1.15068,-2.35839,1.01388,1.52107
-1.15894,-2.37641,1.01121,1.53469
-1.1672,-2.39442,1.00854,1.5483
-1.17546,-2.41244,1.00587,1.56192
-1.18372,-2.43046,1.00321,1.57554
-1.19198,-2.44848,1.00054,1.58915
-1.20024,-2.46649,0.997867,1.60277
-1.2085,-2.48451,0.995198,1.61639
-1.21676,-2.50253,0.992528,1.63
-1.22502,-2.52055,0.989859,1.64362
-1.23328,-2.53857,0.98719,1.65724
-1.24154,-2.55658,0.984521,1.67085
-1.2498,-2.5746,0.981852,1.68447
-1.25806,-2.59262,0.979182,1.69809
-1.26632,-2.61064,0.976513,1.7117
-1.27458,-2.62866,0.973844,1.72532
-1.28284,-2.64667,0.971175,1.73894
-1.2911,-2.66469,0.968505,1.75255
-1.29936,-2.68271,0.965836,1.76617
-1.30762,-2.70073,0.963167,1.77979
-1.31588,-2.71874,0.960498,1.7934
-1.32414,-2.73676,0.957829,1.80702
-1.3324,-2.75478,0.955159,1.82064
-1.34066,-2.7728,0.95249,1.83425
-1.34892,-2.79082,0.949821,1.84787
-1.35718,-2.80883,0.947152,1.86149
-1.36544,-2.82685,0.944483,1.8751
-1.3737,-2.84487,0.941813,1.88872
-1.38196,-2.86289,0.939144,1.90234
-1.39022,-2.88091,0.936475,1.91595
-1.39848,-2.89892,0.933806,1.92957
-1.40674,-2.91694,0.931137,1.94319
-1.415,-2.93496,0.928467,1.9568
-1.42326,-2.95298,0.925798,1.97042
-1.43152,-2.97099,0.923129,1.98404
-1.43978,-2.98901,0.92046,1.99765
-1.44805,-3.00703,0.91779,2.01127
-1.45483,-3.02528,0.913195,2.0593
-1.46161,-3.04352,0.908599,2.10733
-1.46839,-3.06177,0.904004,2.15535
-1.47517,-3.08001,0.899408,2.20338
-1.48195,-3.09826,0.894813,2.25141
-1.48873,-3.1165,0.890217,2.29944
-1.49551,-3.13475,0.885622,2.34747
-1.50229,-3.153,0.881026,2.3955
-1.50907,-3.17124,0.876431,2.44352
-1.51585,-3.18949,0.871835,2.49155
-1.52263,-3.20773,0.86724,2.53958
-1.52941,-3.22598,0.862644,2.58761
-1.53619,-3.24422,0.858049,2.63564
-1.54297,-3.26247,0.853453,2.68367
-1.54975,-3.28072,0.848857,2.73169
-1.55653,-3.29896,0.844262,2.77972
-1.56331,-3.31721,0.839666,2.82775
-1.5701,-3.33545,0.835071,2.87578
-1.57688,-3.3537,0.830475,2.92381
-1.58366,-3.37194,0.82588,2.97184
-1.59044,-3.39019,0.821284,3.01987
-1.59722,-3.40844,0.816689,3.06789
-1.604,-3.42668,0.812093,3.11592
-1.61078,-3.44493,0.807498,-3.11923
-1.61756,-3.46317,0.802902,-3.07121
-1.62434,-3.48142,0.798307,-3.02318
-1.63112,-3.49966,0.793711,-2.97515
-1.6379,-3.51791,0.789116,-2.92712
-1.64468,-3.53616,0.78452,-2.87909
-1.65146,-3.5544,0.779924,-2.83106
-1.65824,-3.57265,0.775329,-2.78304
-1.66502,-3.59089,0.770733,-2.73501
-1.6718,-3.60914,0.766138,-2.68698
-1.67858,-3.62738,0.761542,-2.63895
-1.68536,-3.64563,0.756947,-2.59092
-1.69215,-3.66388,0.752351,-2.54289
-1.69893,-3.68212,0.747756,-2.49487
-1.70571,-3.70037,0.74316,-2.44684
-1.71249,-3.71861,0.738565,-2.39881
-1.71927,-3.73686,0.733969,-2.35078
-1.72605,-3.7551,0.729374,-2.30275
-1.73283,-3.77335,0.724778,-2.25472
-1.73961,-3.7916,0.720182,-2.20669
-1.74639,-3.80984,0.715587,-2.15867
-1.75317,-3.82809,0.710991,-2.11064
-1.75995,-3.84633,0.706396,-2.06261
-1.76673,-3.86458,0.7018,-2.01458
-1.77351,-3.88282,0.697205,-1.96655
-1.78029,-3.90107,0.692609,-1.91852
-1.78707,-3.91931,0.688014,-1.8705
-1.76752,-3.92346,0.688696,-1.81663
-1.74797,-3.92761,0.689378,-1.76277
-1.72841,-3.93176,0.69006,-1.7089
-1.70886,-3.93591,0.690743,-1.65504
-1.68931,-3.94006,0.691425,-1.60117
-1.66976,-3.94421,0.692107,-1.54731
-1.6502,-3.94836,0.692789,-1.49344
-1.63065,-3.95252,0.693471,-1.43958
-1.6111,-3.95667,0.694154,-1.38572
-1.59154,-3.96082,0.694836,-1.33185
-1.57199,-3.96497,0.695518,-1.27799
-1.55244,-3.96912,0.6962,-1.22412
-1.53289,-3.97327,0.696883,-1.17026
-1.51333,-3.97742,0.697565,-1.11639
-1.49378,-3.98157,0.698247,-1.06253
-1.47423,-3.98572,0.698929,-1.00866
-1.45468,-3.98987,0.699611,-0.954799
-1.43512,-3.99402,0.700294,-0.900934
-1.41557,-3.99817,0.700976,-0.84707
-1.39602,-4.00232,0.701658,-0.793205
-1.37646,-4.00647,0.70234,-0.739341
-1.35691,-4.01062,0.703022,-0.685476
-1.33736,-4.01477,0.703705,-0.631612
-1.31781,-4.01892,0.704387,-0.577747
-1.29825,-4.02307,0.705069,-0.523883
-1.2787,-4.02722,0.705751,-0.470018
-1.25915,-4.03137,0.706434,-0.416154
-1.23959,-4.03552,0.707116,-0.362289
-1.22004,-4.03967,0.707798,-0.308425
-1.20049,-4.04382,0.70848,-0.25456
-1.18094,-4.04797,0.709162,-0.200696
-1.16138,-4.05212,0.709845,-0.146831
-1.14183,-4.05627,0.710527,-0.0929667
-1.12228,-4.06042,0.711209,-0.0391022
-1.10272,-4.06457,0.711891,0.0147624
-1.08317,-4.06872,0.712573,0.0686269
-1.06362,-4.07287,0.713256,0.122491
-1.04407,-4.07702,0.713938,0.176356
-1.02451,-4.08117,0.71462,0.23022
-1.00496,-4.08532,0.715302,0.284085
-0.985408,-4.08947,0.715984,0.337949
-0.965855,-4.09362,0.716667,0.391814
-0.946303,-4.09777,0.717349,0.445679
-0.92675,-4.10192,0.718031,0.499543
-0.907197,-4.10607,0.718713,0.553408
-0.887644,-4.11022,0.719396,0.607272
-0.868091,-4.11437,0.720078,0.661137
-0.848539,-4.11852,0.72076,0.715001
-0.828986,-4.12267,0.721442,0.768866
-0.809433,-4.12682,0.722124,0.82273
-0.810178,-4.10685,0.721313,0.78953
-0.810922,-4.08688,0.720501,0.75633
-0.811667,-4.06691,0.719689,0.72313
-0.812412,-4.04694,0.718878,0.68993
-0.813156,-4.02697,0.718066,0.656729
-0.813901,-4.007,0.717254,0.623529
-0.814646,-3.98703,0.716442,0.590329
-0.81539,-3.96706,0.715631,0.557129
-0.816135,-3.94709,0.714819,0.523929
-0.81688,-3.92712,0.714007,0.490729
-0.817625,-3.90715,0.713196,0.457529
-0.818369,-3.88718,0.712384,0.424328
-0.819114,-3.86721,0.711572,0.391128
-0.819859,-3.84724,0.710761,0.357928
-0.820603,-3.82727,0.709949,0.324728
-0.821348,-3.8073,0.709137,0.291528
-0.822093,-3.78733,0.708325,0.258328
-0.822837,-3.76736,0.707514,0.225128
-0.823582,-3.74739,0.706702,0.191927
-0.824327,-3.72742,0.70589,0.158727
-0.825071,-3.70745,0.705079,0.125527
-0.825816,-3.68748,0.704267,0.092327
-0.826561,-3.66751,0.703455,0.0591269
-0.827305,-3.64754,0.702644,0.0259267
-0.82805,-3.62757,0.701832,-0.00727344
-0.828795,-3.6076,0.70102,-0.0404736
-0.82954,-3.58764,0.700208,-0.0736737
-0.830284,-3.56767,0.699397,-0.106874
-0.831029,-3.5477,0.698585,-0.140074
-0.831774,-3.52773,0.697773,-0.173274
-0.832518,-3.50776,0.696962,-0.206474
-0.833263,-3.48779,0.69615,-0.239674
-0.834008,-3.46782,0.695338,-0.272875
-0.834752,-3.44785,0.694526,-0.306075
-0.835497,-3.42788,0.693715,-0.339275
-0.836242,-3.40791,0.692903,-0.372475
-0.836986,-3.38794,0.692091,-0.405675
-0.837731,-3.36797,0.69128,-0.438875
-0.838476,-3.348,0.690468,-0.472075
-0.83922,-3.32803,0.689656,-0.505276
-0.839965,-3.30806,0.688845,-0.538476
-0.84071,-3.28809,0.688033,-0.571676
-0.841455,-3.26812,0.687221,-0.604876
-0.842199,-3.24815,0.686409,-0.638076
-0.842944,-3.22818,0.685598,-0.671276
-0.843689,-3.20821,0.684786,-0.704476
-0.844433,-3.18824,0.683974,-0.737677
-0.845178,-3.16827,0.683163,-0.770877
-0.845923,-3.1483,0.682351,-0.804077
-0.846667,-3.12833,0.681539,-0.837277
-0.85618,-3.11131,0.685982,-0.820096
-0.865693,-3.09429,0.690425,-0.802915
-0.875206,-3.07727,0.694868,-0.785735
-0.884719,-3.06024,0.69931,-0.768554
-0.894232,-3.04322,0.703753,-0.751373
-0.903745,-3.0262,0.708196,-0.734192
-0.913258,-3.00918,0.712639,-0.717011
-0.922771,-2.99215,0.717082,-0.699831
-0.932284,-2.97513,0.721524,-0.68265
-0.941797,-2.95811,0.725967,-0.665469
-0.95131,-2.94109,0.73041,-0.648288
-0.960823,-2.92406,0.734853,-0.631107
-0.970336,-2.90704,0.739296,-0.613927
-0.97985,-2.89002,0.743738,-0.596746
-0.989363,-2.873,0.748181,-0.579565
-0.998876,-2.85597,0.752624,-0.562384
-1.00839,-2.83895,0.757067,-0.545203
-1.0179,-2.82193,0.76151,-0.528023
-1.02741,-2.80491,0.765952,-0.510842
-1.03693,-2.78788,0.770395,-0.493661
-1.04644,-2.77086,0.774838,-0.47648
-1.05595,-2.75384,0.779281,-0.459299
-1.06547,-2.73682,0.783724,-0.442119
-1.07498,-2.71979,0.788166,-0.424938
-1.08449,-2.70277,0.792609,-0.407757
-1.09401,-2.68575,0.797052,-0.390576
-1.10352,-2.66873,0.801495,-0.373395
-1.11303,-2.6517,0.805938,-0.356215
-1.12254,-2.63468,0.81038,-0.339034
-1.13206,-2.61766,0.814823,-0.321853
-1.14157,-2.60064,0.819266,-0.304672
-1.15108,-2.58361,0.823709,-0.287491
-1.1606,-2.56659,0.828152,-0.270311
-1.17011,-2.54957,0.832594,-0.25313
-1.17962,-2.53255,0.837037,-0.235949
-1.18914,-2.51553,0.84148,-0.218768
-1.19865,-2.4985,0.845923,-0.201587
-1.20816,-2.48148,0.850365,-0.184407
-1.21767,-2.46446,0.854808,-0.167226
-1.22719,-2.44744,0.859251,-0.150045
-1.2367,-2.43041,0.863694,-0.132864
-1.24621,-2.41339,0.868137,-0.115683
-1.25573,-2.39637,0.872579,-0.0985025
-1.26524,-2.37935,0.877022,-0.0813217
-1.27475,-2.36232,0.881465,-0.0641409
-1.28427,-2.3453,0.885908,-0.0469601
-1.29378,-2.32828,0.890351,-0.0297793
-1.30329,-2.31126,0.894793,-0.0125985
-1.3128,-2.29423,0.899236,0.00458232
-1.32232,-2.27721,0.903679,0.0217631
-1.31535,-2.25848,0.904488,0.0040275
-1.30839,-2.23975,0.905296,-0.0137081
-1.30143,-2.22102,0.906105,-0.0314437
-1.29446,-2.20229,0.906914,-0.0491794
-1.2875,-2.18356,0.907722,-0.066915
-1.28054,-2.16482,0.908531,-0.0846506
-1.27357,-2.14609,0.90934,-0.102386
-1.26661,-2.12736,0.910148,-0.120122
-1.25964,-2.10863,0.910957,-0.137857
-1.25268,-2.0899,0.911765,-0.155593
-1.24572,-2.07117,0.912574,-0.173329
-1.23875,-2.05244,0.913383,-0.191064
-1.23179,-2.03371,0.914191,-0.2088
-1.22482,-2.01498,0.915,-0.226536
-1.21786,-1.99625,0.915809,-0.244271
-1.2109,-1.97751,0.916617,-0.262007
-1.20393,-1.95878,0.917426,-0.279742
-1.19697,-1.94005,0.918234,-0.297478
-1.19001,-1.92132,0.919043,-0.315214
-1.18304,-1.90259,0.919852,-0.332949
-1.17608,-1.88386,0.92066,-0.350685
-1.16911,-1.86513,0.921469,-0.368421
-1.16215,-1.8464,0.922278,-0.386156
-1.15519,-1.82767,0.923086,-0.403892
-1.14822,-1.80893,0.923895,-0.421627
-1.14126,-1.7902,0.924704,-0.439363
-1.1343,-1.77147,0.925512,-0.457099
-1.12733,-1.75274,0.926321,-0.474834
-1.12037,-1.73401,0.927129,-0.49257
-1.1134,-1.71528,0.927938,-0.510306
-1.10644,-1.69655,0.928747,-0.528041
-1.09948,-1.67782,0.929555,-0.545777
-1.09251,-1.65909,0.930364,-0.563512
-1.08555,-1.64036,0.931173,-0.581248
-1.07858,-1.62162,0.931981,-0.598984
-1.07162,-1.60289,0.93279,-0.616719
-1.06466,-1.58416,0.933599,-0.634455
-1.05769,-1.56543,0.934407,-0.652191
-1.05073,-1.5467,0.935216,-0.669926
-1.04377,-1.52797,0.936024,-0.687662
-1.0368,-1.50924,0.936833,-0.705397
-1.02984,-1.49051,0.937642,-0.723133
-1.02287,-1.47178,0.93845,-0.740869
-1.01591,-1.45305,0.939259,-0.758604
-1.00895,-1.43431,0.940068,-0.77634
-1.00198,-1.41558,0.940876,-0.794076
-0.995019,-1.39685,0.941685,-0.811811
-0.988055,-1.37812,0.942493,-0.829547
-0.981092,-1.35939,0.943302,-0.847282
-0.974128,-1.34066,0.944111,-0.865018
-0.965797,-1.32264,0.946573,-0.803375
-0.957465,-1.30463,0.949036,-0.741733
-0.949134,-1.28662,0.951499,-0.68009
-0.940803,-1.2686,0.953962,-0.618447
-0.932472,-1.25059,0.956424,-0.556804
-0.924141,-1.23257,0.958887,-0.495162
-0.91581,-1.21456,0.96135,-0.433519
-0.907479,-1.19654,0.963812,-0.371876
-0.899148,-1.17853,0.966275,-0.310234
-0.890816,-1.16051,0.968738,-0.248591
-0.882485,-1.1425,0.9712,-0.186948
-0.874154,-1.12448,0.973663,-0.125305
-0.865823,-1.10647,0.976126,-0.0636626
-0.857492,-1.08845,0.978589,-0.00201985
-0.849161,-1.07044,0.981051,0.0596229
-0.84083,-1.05242,0.983514,0.121266
-0.832499,-1.03441,0.985977,0.182908
-0.824167,-1.0164,0.988439,0.244551
-0.815836,-0.998381,0.990902,0.306194
-0.807505,-0.980366,0.993365,0.367837
-0.799174,-0.962351,0.995827,0.429479
-0.790843,-0.944337,0.99829,0.491122
-0.782512,-0.926322,1.00075,0.552765
-0.774181,-0.908308,1.00322,0.614407
-0.76585,-0.890293,1.00568,0.67605
-0.757518,-0.872278,1.00814,0.737693
-0.749187,-0.854264,1.0106,0.799336
-0.740856,-0.836249,1.01307,0.860978
-0.732525,-0.818234,1.01553,0.922621
-0.724194,-0.80022,1.01799,0.984264
-0.715863,-0.782205,1.02045,1.04591
-0.707532,-0.76419,1.02292,1.10755
-0.6992,-0.746176,1.02538,1.16919
-0.690869,-0.728161,1.02784,1.23083
-0.682538,-0.710146,1.03031,1.29248
-0.674207,-0.692132,1.03277,1.35412
-0.665876,-0.674117,1.03523,1.41576
-0.657545,-0.656103,1.03769,1.47741
-0.649214,-0.638088,1.04016,1.53905
-0.640883,-0.620073,1.04262,1.60069
-0.632551,-0.602059,1.04508,1.66233
-0.62422,-0.584044,1.04754,1.72398
-0.615889,-0.566029,1.05001,1.78562
-0.607558,-0.548015,1.05247,1.84726
-0.599227,-0.53,1.05493,1.9089
-0.590896,-0.511985,1.05739,1.97055
-0.582565,-0.493971,1.05986,2.03219
-0.574234,-0.475956,1.06232,2.09383
-0.565902,-0.457941,1.06478,2.15548
-0.557571,-0.439927,1.06725,2.21712
-0.552815,-0.422133,1.07504,2.25642
-0.548058,-0.404339,1.08283,2.29571
-0.543301,-0.386545,1.09063,2.33501
-0.538545,-0.368751,1.09842,2.37431
-0.533788,-0.350957,1.10622