-0.533219,-2.40944,0.794075,-3.09529
-0.538929,-2.42746,0.800613,-3.08174
-0.544639,-2.44548,0.807151,-3.06819
-0.550349,-2.4635,0.813689,-3.05464
-0.556059,-2.48152,0.820227,-3.04109
-0.561769,-2.49953,0.826766,-3.02754
-0.567479,-2.51755,0.833304,-3.01399
-0.57319,-2.53557,0.839842,-3.00044
-0.5789,-2.55359,0.84638,-2.98688
-0.58461,-2.57161,0.852919,-2.97333
-0.59032,-2.58962,0.859457,-2.95978
-0.59603,-2.60764,0.865995,-2.94623
-0.60174,-2.62566,0.872533,-2.93268
-0.607451,-2.64368,0.879072,-2.91913
-0.613161,-2.66169,0.88561,-2.90558
-0.618871,-2.67971,0.892148,-2.89203
-0.624581,-2.69773,0.898686,-2.87847
-0.630291,-2.71575,0.905224,-2.86492
-0.636001,-2.73377,0.911763,-2.85137
-0.641711,-2.75178,0.918301,-2.83782
-0.647422,-2.7698,0.924839,-2.82427
-0.653132,-2.78782,0.931377,-2.81072
-0.658842,-2.80584,0.937916,-2.79717
-0.664552,-2.82386,0.944454,-2.78362
-0.670262,-2.84187,0.950992,-2.77007
-0.675972,-2.85989,0.95753,-2.75651
-0.681682,-2.87791,0.964068,-2.74296
-0.687393,-2.89593,0.970607,-2.72941
-0.693103,-2.91395,0.977145,-2.71586
-0.698813,-2.93196,0.983683,-2.70231
-0.704523,-2.94998,0.990221,-2.68876
-0.710233,-2.968,0.99676,-2.67521
-0.715943,-2.98602,1.0033,-2.66166
-0.721654,-3.00404,1.00984,-2.6481
-0.727364,-3.02205,1.01637,-2.63455
-0.733074,-3.04007,1.02291,-2.621
-0.738784,-3.05809,1.02945,-2.60745
-0.744494,-3.07611,1.03599,-2.5939
-0.750204,-3.09413,1.04253,-2.58035
-0.755914,-3.11214,1.04907,-2.5668
-0.761625,-3.13016,1.0556,-2.55325
-0.767335,-3.14818,1.06214,-2.53969
-0.773045,-3.1662,1.06868,-2.52614
-0.778755,-3.18421,1.07522,-2.51259
-0.784465,-3.20223,1.08176,-2.49904
-0.790175,-3.22025,1.08829,-2.48549
-0.795885,-3.23827,1.09483,-2.47194
-0.801596,-3.25629,1.10137,-2.45839
-0.807306,-3.2743,1.10791,-2.44484
-0.813016,-3.29232,1.11445,-2.43128
-0.818726,-3.31034,1.12099,-2.41773
-0.824436,-3.32836,1.12752,-2.40418
-0.830146,-3.34638,1.13406,-2.39063
-0.835857,-3.36439,1.1406,-2.37708
-0.841567,-3.38241,1.14714,-2.36353
-0.847277,-3.40043,1.15368,-2.34998
-0.852987,-3.41845,1.16022,-2.33643
-0.858697,-3.43647,1.16675,-2.32288
-0.864407,-3.45448,1.17329,-2.30932
-0.870117,-3.4725,1.17983,-2.29577
-0.875828,-3.49052,1.18637,-2.28222
-0.881538,-3.50854,1.19291,-2.26867
-0.887248,-3.52656,1.19944,-2.25512
-0.892958,-3.54457,1.20598,-2.24157
-0.898668,-3.56259,1.21252,-2.22802
-0.904378,-3.58061,1.21906,-2.21447
-0.910089,-3.59863,1.2256,-2.20091
-0.915799,-3.61665,1.23214,-2.18736
-0.921509,-3.63466,1.23867,-2.17381
-0.927219,-3.65268,1.24521,-2.16026
-0.932929,-3.6707,1.25175,-2.14671
-0.938639,-3.68872,1.25829,-2.13316
-0.944349,-3.70673,1.26483,-2.11961
-0.95006,-3.72475,1.27136,-2.10606
-0.95577,-3.74277,1.2779,-2.0925
-0.96148,-3.76079,1.28444,-2.07895
-0.96719,-3.77881,1.29098,-2.0654
-0.9729,-3.79682,1.29752,-2.05185
-0.97861,-3.81484,1.30406,-2.0383
-0.98432,-3.83286,1.31059,-2.02475
-0.990031,-3.85088,1.31713,-2.0112
-0.995741,-3.8689,1.32367,-1.99765
-1.00145,-3.88691,1.33021,-1.98409
-1.00716,-3.90493,1.33675,-1.97054
-1.01287,-3.92295,1.34329,-1.95699
-1.01858,-3.94097,1.34982,-1.94344
-1.02429,-3.95899,1.35636,-1.92989
-1.03,-3.977,1.3629,-1.91634
-1.03571,-3.99502,1.36944,-1.90279
-1.04142,-4.01304,1.37598,-1.88924
-1.04713,-4.03106,1.38251,-1.87568
-1.05284,-4.04908,1.38905,-1.86213
-1.05855,-4.06709,1.39559,-1.84858
-1.06426,-4.08511,1.40213,-1.83503
-1.06997,-4.10313,1.40867,-1.82148
-1.07568,-4.12115,1.41521,-1.80793
-1.08139,-4.13917,1.42174,-1.79438
-1.0871,-4.15718,1.42828,-1.78083
-1.09281,-4.1752,1.43482,-1.76728
-1.09852,-4.19322,1.44136,-1.75372
-1.10423,-4.21124,1.4479,-1.74017
-1.10994,-4.22925,1.45444,-1.72662
-1.11565,-4.24727,1.46097,-1.71307
-1.12136,-4.26529,1.46751,-1.69952
-1.12707,-4.28331,1.47405,-1.68597
-1.13278,-4.30133,1.48059,-1.67242
-1.13849,-4.31934,1.48713,-1.65887
-1.1442,-4.33736,1.49366,-1.64531
-1.14991,-4.35538,1.5002,-1.63176
-1.15562,-4.3734,1.50674,-1.61821
-1.16134,-4.39142,1.51328,-1.60466
-1.16705,-4.40943,1.51982,-1.59111
-1.17276,-4.42745,1.52636,-1.57756
-1.17847,-4.44547,1.53289,-1.56401
-1.18418,-4.46349,1.53943,-1.55046
-1.18989,-4.48151,1.54597,-1.5369
-1.1956,-4.49952,1.55251,-1.52335
-1.20131,-4.51754,1.55905,-1.5098
-1.20702,-4.53556,1.56559,-1.49625
-1.21273,-4.55358,1.57212,-1.4827
-1.21844,-4.5716,1.57866,-1.46915
-1.22415,-4.58961,1.5852,-1.4556
-1.22986,-4.60763,1.59174,-1.44205
-1.23557,-4.62565,1.59828,-1.42849
-1.24128,-4.64367,1.60481,-1.41494
-1.24699,-4.66169,1.61135,-1.40139
-1.2527,-4.6797,1.61789,-1.38784
-1.25841,-4.69772,1.62443,-1.37429
-1.26412,-4.71574,1.63097,-1.36074
-1.26983,-4.73376,1.63751,-1.34719
-1.27554,-4.75177,1.64404,-1.33364
-1.28125,-4.76979,1.65058,-1.32009
-1.28696,-4.78781,1.65712,-1.30653
-1.29267,-4.80583,1.66366,-1.29298
-1.29838,-4.82385,1.6702,-1.27943
-1.30409,-4.84186,1.67673,-1.26588
-1.3098,-4.85988,1.68327,-1.25233
-1.31551,-4.8779,1.68981,-1.23878
-1.32122,-4.89592,1.69635,-1.22523
-1.32693,-4.91394,1.70289,-1.21168
-1.33264,-4.93195,1.70943,-1.19812
-1.33835,-4.94997,1.71596,-1.18457
-1.34406,-4.96799,1.7225,-1.17102
-1.34977,-4.98601,1.72904,-1.15747
-1.35548,-5.00403,1.73558,-1.14392
-1.36119,-5.02204,1.74212,-1.13037
-1.3669,-5.04006,1.74866,-1.11682
-1.37261,-5.05808,1.75519,-1.10327
-1.37832,-5.0761,1.76173,-1.08971
-1.38403,-5.09412,1.76827,-1.07616
-1.38974,-5.11213,1.77481,-1.06261
-1.39545,-5.13015,1.78135,-1.04906
-1.40116,-5.14817,1.78788,-1.03551
-1.40687,-5.16619,1.79442,-1.02196
-1.41258,-5.18421,1.80096,-1.00841
-1.41829,-5.20222,1.8075,-0.994856
-1.424,-5.22024,1.81404,-0.981305
-1.42971,-5.23826,1.82058,-0.967753
-1.43542,-5.25628,1.82711,-0.954202
-1.44113,-5.27429,1.83365,-0.940651
-1.44684,-5.29231,1.84019,-0.9271
-1.45255,-5.31033,1.84673,-0.913549
-1.45826,-5.32835,1.85327,-0.899997
-1.46397,-5.34637,1.85981,-0.886446
-1.46968,-5.36438,1.86634,-0.872895
-1.47539,-5.3824,1.87288,-0.859344
-1.4811,-5.40042,1.87942,-0.845793
-1.48681,-5.41844,1.88596,-0.832241
-1.49252,-5.43646,1.8925,-0.81869
-1.49823,-5.45447,1.89903,-0.805139
-1.50394,-5.47249,1.90557,-0.791588
-1.50965,-5.49051,1.91211,-0.778036
-1.51536,-5.50853,1.91865,-0.764485
-1.52107,-5.52655,1.92519,-0.750934
-1.52678,-5.54456,1.93173,-0.737383
-1.53249,-5.56258,1.93826,-0.723832
-1.53821,-5.5806,1.9448,-0.71028
-1.54392,-5.59862,1.95134,-0.696729
-1.54963,-5.61664,1.95788,-0.683178
-1.55534,-5.63465,1.96442,-0.669627
-1.56105,-5.65267,1.97095,-0.656075
-1.56676,-5.67069,1.97749,-0.642524
-1.57247,-5.68871,1.98403,-0.628973
-1.57818,-5.70673,1.99057,-0.615422
-1.58389,-5.72474,1.99711,-0.601871
-1.5896,-5.74276,2.00365,-0.588319
-1.59531,-5.76078,2.01018,-0.574768
-1.60102,-5.7788,2.01672,-0.561217
-1.60673,-5.79681,2.02326,-0.547666
-1.61244,-5.81483,2.0298,-0.534115
-1.61815,-5.83285,2.03634,-0.520563
-1.62386,-5.85087,2.04288,-0.507012
-1.62957,-5.86889,2.04941,-0.493461
-1.63528,-5.8869,2.05595,-0.47991
-1.64099,-5.90492,2.06249,-0.466358
-1.6467,-5.92294,2.06903,-0.452807
-1.65241,-5.94096,2.07557,-0.439256
-1.65812,-5.95898,2.0821,-0.425705
-1.66383,-5.97699,2.08864,-0.412154
-1.66954,-5.99501,2.09518,-0.398602
-1.67525,-6.01303,2.10172,-0.385051
-1.68096,-6.03105,2.10826,-0.3715
-1.68667,-6.04907,2.1148,-0.357949
-1.69238,-6.06708,2.12133,-0.344398
-1.69809,-6.0851,2.12787,-0.330846
-1.7038,-6.10312,2.13441,-0.317295
-1.70951,-6.12114,2.14095,-0.303744
-1.71522,-6.13916,2.14749,-0.290193
-1.72093,-6.15717,2.15403,-0.276641
-1.72664,-6.17519,2.16056,-0.26309
-1.73235,-6.19321,2.1671,-0.249539
-1.73806,-6.21123,2.17364,-0.235988
-1.74377,-6.22925,2.18018,-0.222437
-1.74948,-6.24726,2.18672,-0.208885
-1.75519,-6.26528,2.19325,-0.195334
-1.7609,-6.2833,2.19979,-0.181783
-1.76661,-6.30132,2.20633,-0.168232
-1.77232,-6.31933,2.21287,-0.15468
-1.77803,-6.33735,2.21941,-0.141129
-1.78374,-6.35537,2.22595,-0.127578
-1.78945,-6.37339,2.23248,-0.114027
-1.79516,-6.39141,2.23902,-0.100476
-1.80087,-6.40942,2.24556,-0.0869244
-1.80658,-6.42744,2.2521,-0.0733732
-1.81229,-6.44546,2.25864,-0.059822
-1.818,-6.46348,2.26518,-0.0462707
-1.82371,-6.4815,2.27171,-0.0327195
-1.82942,-6.49951,2.27825,-0.0191683
-1.83513,-6.51753,2.28479,-0.0056171
-1.96555,-6.55456,2.34189,-2.91409
-1.98527,-6.55136,2.34284,-2.90083
-2.00499,-6.54815,,-0.0559551
-0.320633,6.58267,1.31753,-0.0434241
-0.336322,6.59488,1.31969,-0.0308932
-0.352011,6.6071,1.32184,-0.0183623
-0.367699,6.61932,1.324,-0.00583132
-0.49705,6.57813,1.38146,-2.88387
-0.504722,6.55971,1.38285,-2.87101
-0.512394,6.54129,1.38423,-2.85814
-0.520066,6.52287,1.38562,-2.84527
-0.527739,6.50445,1.387,-2.83241
-0.535411,6.48604,1.38838,-2.81954
-0.543083,6.46762,1.38977,-2.80667
-0.550755,6.4492,1.39115,-2.79381
-0.558427,6.43078,1.39254,-2.78094
-0.5661,6.41236,1.39392,-2.76807
-0.573772,6.39395,1.3953,-2.75521
-0.581444,6.37553,1.39669,-2.74234
-0.589116,6.35711,1.39807,-2.72947
-0.596788,6.33869,1.39946,-2.71661
-0.604461,6.32027,1.40084,-2.70374
-0.612133,6.30186,1.40222,-2.69087
-0.619805,6.28344,1.40361,-2.67801
-0.627477,6.26502,1.40499,-2.66514
-0.635149,6.2466,1.40638,-2.65227
-0.642822,6.22818,1.40776,-2.63941
-0.650494,6.20977,1.40914,-2.62654
-0.658166,6.19135,1.41053,-2.61367
-0.665838,6.17293,1.41191,-2.60081
-0.673511,6.15451,1.4133,-2.58794
-0.681183,6.13609,1.41468,-2.57507
-0.688855,6.11768,1.41606,-2.56221
-0.696527,6.09926,1.41745,-2.54934
-0.704199,6.08084,1.41883,-2.53647
-0.711872,6.06242,1.42022,-2.52361
-0.719544,6.044,1.4216,-2.51074
-0.727216,6.02559,1.42298,-2.49787
-0.734888,6.00717,1.42437,-2.48501
-0.74256,5.98875,1.42575,-2.47214
-0.750233,5.97033,1.42714,-2.45927
-0.757905,5.95191,1.42852,-2.44641
-0.765577,5.9335,1.4299,-2.43354
-0.773249,5.91508,1.43129,-2.42067
-0.780922,5.89666,1.43267,-2.40781
-0.788594,5.87824,1.43406,-2.39494
-0.796266,5.85982,1.43544,-2.38207
-0.803938,5.84141,1.43682,-2.36921
-0.81161,5.82299,1.43821,-2.35634
-0.819283,5.80457,1.43959,-2.34347
-0.826955,5.78615,1.44098,-2.33061
-0.834627,5.76773,1.44236,-2.31774
-0.842299,5.74932,1.44374,-2.30487
-0.849971,5.7309,1.44513,-2.29201
-0.857644,5.71248,1.44651,-2.27914
-0.865316,5.69406,1.4479,-2.26627
-0.872988,5.67564,1.44928,-2.25341
-0.88066,5.65723,1.45066,-2.24054
-0.888333,5.63881,1.45205,-2.22767
-0.896005,5.62039,1.45343,-2.21481
-0.903677,5.60197,1.45482,-2.20194
-0.911349,5.58355,1.4562,-2.18907
-0.919021,5.56514,1.45758,-2.17621
-0.926694,5.54672,1.45897,-2.16334
-0.934366,5.5283,1.46035,-2.15047
-0.942038,5.50988,1.46174,-2.13761
-0.94971,5.49146,1.46312,-2.12474
-0.957382,5.47305,1.4645,-2.11187
-0.965055,5.45463,1.46589,-2.09901
-0.972727,5.43621,1.46727,-2.08614
-0.980399,5.41779,1.46866,-2.07327
-0.988071,5.39937,1.47004,-2.06041
-0.995744,5.38096,1.47142,-2.04754
-1.00342,5.36254,1.47281,-2.03467
-1.01109,5.34412,1.47419,-2.02181
-1.01876,5.3257,1.47558,-2.00894
-1.02643,5.30729,1.47696,-1.99607
-1.0341,5.28887,1.47834,-1.98321
-1.04178,5.27045,1.47973,-1.97034
-1.04945,5.25203,1.48111,-1.95748
-1.05712,5.23361,1.4825,-1.94461
-1.06479,5.2152,1.48388,-1.93174
-1.07247,5.19678,1.48526,-1.91888
-1.08014,5.17836,1.48665,-1.90601
-1.08781,5.15994,1.48803,-1.89314
-1.09548,5.14152,1.48942,-1.88028
-1.10315,5.12311,1.4908,-1.86741
-1.11083,5.10469,1.49218,-1.85454
-1.1185,5.08627,1.49357,-1.84168
-1.12617,5.06785,1.49495,-1.82881
-1.13384,5.04943,1.49634,-1.81594
-1.14152,5.03102,1.49772,-1.80308
-1.14919,5.0126,1.4991,-1.79021
-1.15686,4.99418,1.50049,-1.77734
-1.16453,4.97576,1.50187,-1.76448
-1.1722,4.95734,1.50326,-1.75161
-1.17988,4.93893,1.50464,-1.73874
-1.18755,4.92051,1.50602,-1.72588
-1.19522,4.90209,1.50741,-1.71301
-1.20289,4.88367,1.50879,-1.70014
-1.21057,4.86525,1.51018,-1.68728
-1.21824,4.84684,1.51156,-1.67441
-1.22591,4.82842,1.51294,-1.66154
-1.23358,4.81,1.51433,-1.64868
-1.24125,4.79158,1.51571,-1.63581
-1.24893,4.77316,1.5171,-1.62294
-1.2566,4.75475,1.51848,-1.61008
-1.26427,4.73633,1.51986,-1.59721
-1.27194,4.71791,1.52125,-1.58434
-1.27962,4.69949,1.52263,-1.57148
-1.28729,4.68107,1.52402,-1.55861
-1.29496,4.66266,1.5254,-1.54574
-1.30263,4.64424,1.52678,-1.53288
-1.3103,4.62582,1.52817,-1.52001
-1.31798,4.6074,1.52955,-1.50714
-1.32565,4.58898,1.53094,-1.49428
-1.33332,4.57057,1.53232,-1.48141
-1.34099,4.55215,1.5337,-1.46854
-1.34867,4.53373,1.53509,-1.45568
-1.35634,4.51531,1.53647,-1.44281
-1.36401,4.49689,1.53786,-1.42994
-1.37168,4.47848,1.53924,-1.41708
-1.37935,4.46006,1.54062,-1.40421
-1.38703,4.44164,1.54201,-1.39134
-1.3947,4.42322,1.54339,-1.37848
-1.40237,4.4048,1.54478,-1.36561
-1.41004,4.38639,1.54616,-1.35274
-1.41772,4.36797,1.54754,-1.33988
-1.42539,4.34955,1.54893,-1.32701
-1.43306,4.33113,1.55031,-1.31414
-1.44073,4.31271,1.5517,-1.30128
-1.4484,4.2943,1.55308,-1.28841
-1.45608,4.27588,1.55446,-1.27554
-1.46375,4.25746,1.55585,-1.26268
-1.47142,4.23904,1.55723,-1.24981
-1.47909,4.22062,1.55862,-1.23694
-1.48677,4.20221,1.56,-1.22408
-1.49444,4.18379,1.56138,-1.21121
-1.50211,4.16537,1.56277,-1.19834
-1.50978,4.14695,1.56415,-1.18548
-1.51745,4.12853,1.56554,-1.17261
-1.52513,4.11012,1.56692,-1.15974
-1.5328,4.0917,1.5683,-1.14688
-1.54047,4.07328,1.56969,-1.13401
-1.54814,4.05486,1.57107,-1.12114
-1.55582,4.03645,1.57246,-1.10828
-1.56349,4.01803,1.57384,-1.09541
-1.57116,3.99961,1.57522,-1.08254
-1.57883,3.98119,1.57661,-1.06968
-1.5865,3.96277,1.57799,-1.05681
-1.59418,3.94436,1.57938,-1.04394
-1.60185,3.92594,1.58076,-1.03108
-1.60952,3.90752,1.58214,-1.01821
-1.61719,3.8891,1.58353,-1.00534
-1.62487,3.87068,1.58491,-0.992477
-1.63254,3.85227,1.5863,-0.979611
-1.64021,3.83385,1.58768,-0.966744
-1.64788,3.81543,1.58906,-0.953877
-1.65555,3.79701,1.59045,-0.941011
-1.66323,3.77859,1.59183,-0.928144
-1.6709,3.76018,1.59322,-0.915277
-1.67857,3.74176,1.5946,-0.902411
-1.68624,3.72334,1.59598,-0.889544
-1.69392,3.70492,1.59737,-0.876677
-1.70159,3.6865,1.59875,-0.863811
-1.70926,3.66809,1.60014,-0.850944
-1.71693,3.64967,1.60152,-0.838078
-1.7246,3.63125,1.6029,-0.825211
-1.73228,3.61283,1.60429,-0.812344
-1.73995,3.59441,1.60567,-0.799478
-1.74762,3.576,1.60706,-0.786611
-1.75529,3.55758,1.60844,-0.773744
-1.76296,3.53916,1.60982,-0.760878
-1.77064,3.52074,1.61121,-0.748011
-1.77831,3.50232,1.61259,-0.735144
-1.78598,3.48391,1.61398,-0.722278
-1.79365,3.46549,1.61536,-0.709411
-1.80133,3.44707,1.61674,-0.696545
-1.809,3.42865,1.61813,-0.683678
-1.81667,3.41023,1.61951,-0.670811
-1.82434,3.39182,1.6209,-0.657945
-1.83201,3.3734,1.62228,-0.645078
-1.83969,3.35498,1.62366,-0.632211
-1.84736,3.33656,1.62505,-0.619345
-1.85503,3.31814,1.62643,-0.606478
-1.8627,3.29973,1.62782,-0.593611
-1.87038,3.28131,1.6292,-0.580745
-1.87805,3.26289,1.63058,-0.567878
-1.88572,3.24447,1.63197,-0.555011
-1.89339,3.22605,1.63335,-0.542145
-1.90106,3.20764,1.63474,-0.529278
-1.90874,3.18922,1.63612,-0.516412
-1.91641,3.1708,1.6375,-0.503545
-1.92408,3.15238,1.63889,-0.490678
-1.93175,3.13396,1.64027,-0.477812
-1.93943,3.11555,1.64166,-0.464945
-1.9471,3.09713,1.64304,-0.452078
-1.95477,3.07871,1.64442,-0.439212
-1.96244,3.06029,1.64581,-0.426345
-1.97011,3.04187,1.64719,-0.413478
-1.97779,3.02346,1.64858,-0.400612
-1.98546,3.00504,1.64996,-0.387745
-1.99313,2.98662,1.65134,-0.374879
-2.0008,2.9682,1.65273,-0.362012
-2.00848,2.94978,1.65411,-0.349145
-2.01615,2.93137,1.6555,-0.336279
-2.02382,2.91295,1.65688,-0.323412
-2.03149,2.89453,1.65826,-0.310545
-2.03916,2.87611,1.65965,-0.297679
-2.04684,2.85769,1.66103,-0.284812
-2.05451,2.83928,1.66242,-0.271945
-2.06218,2.82086,1.6638,-0.259079
-2.06985,2.80244,1.66518,-0.246212
-2.07753,2.78402,1.66657,-0.233346
-2.0852,2.7656,1.66795,-0.220479
-2.09287,2.74719,1.66934,-0.207612
-2.10054,2.72877,1.67072,-0.194746
-2.10821,2.71035,1.6721,-0.181879
-2.11589,2.69193,1.67349,-0.169012
-2.12356,2.67352,1.67487,-0.156146
-2.13123,2.6551,1.67625,-0.143279
-2.1389,2.63668,1.67764,-0.130412
-2.14658,2.61826,1.67902,-0.117546
-2.15425,2.59984,1.68041,-0.104679
-2.16192,2.58143,1.68179,-0.0918125
-2.16959,2.56301,1.68317,-0.0789459
-2.17726,2.54459,1.68456,-0.0660792
-2.18494,2.52617,1.68594,-0.0532126
-2.19261,2.50775,1.68733,-0.040346
-2.20028,2.48934,1.68871,-0.0274793
-2.20795,2.47092,1.69009,-0.0146127
-2.21563,2.4525,1.69148,-0.00174606
-2.34586,2.41471,1.74865,-2.90869
-2.34182,2.43428,1.7494,-2.89627
-2.33778,2.45385,1.75015,-2.88385
-2.33374,2.47343,1.75091,-2.87144
-2.32971,2.493,1.75166,-2.85902
-2.32567,2.51257,1.75241,-2.8466
-2.32163,2.53215,1.75316,-2.83419
-2.31759,2.55172,1.75392,-2.82177
-2.31356,2.5713,1.75467,-2.80935
-2.30952,2.59087