-0.633132,-0.499812,0.802861,3.14067
-0.652192,-0.495432,0.807049,-3.09489
-0.671252,-0.491052,0.811237,-3.04727
-0.690312,-0.486672,0.815425,-2.99965
-0.709371,-0.482292,0.819613,-2.95203
-0.728431,-0.477911,0.823801,-2.90441
-0.747491,-0.473531,0.827989,-2.85679
-0.766551,-0.469151,0.832177,-2.80917
-0.78561,-0.464771,0.836365,-2.76155
-0.80467,-0.460391,0.840553,-2.71393
-0.82373,-0.45601,0.844741,-2.66632
-0.84279,-0.45163,0.848929,-2.6187
-0.86185,-0.44725,0.853117,-2.57108
-0.880909,-0.44287,0.857305,-2.52346
-0.899969,-0.43849,0.861493,-2.47584
-0.919029,-0.434109,0.865681,-2.42822
-0.938089,-0.429729,0.869869,-2.3806
-0.957148,-0.425349,0.874056,-2.33298
-0.976208,-0.420969,0.878244,-2.28536
-0.995268,-0.416589,0.882432,-2.23774
-1.01433,-0.412208,0.88662,-2.19012
-1.03339,-0.407828,0.890808,-2.1425
-1.05245,-0.403448,0.894996,-2.09488
-1.07151,-0.399068,0.899184,-2.04726
-1.09057,-0.394688,0.903372,-1.99964
-1.10963,-0.390307,0.90756,-1.95202
-1.12869,-0.385927,0.911748,-1.9044
-1.14775,-0.381547,0.915936,-1.85678
-1.16681,-0.377167,0.920124,-1.80916
-1.18587,-0.372786,0.924312,-1.76154
-1.20493,-0.368406,0.9285,-1.71392
-1.22399,-0.364026,0.932688,-1.6663
-1.24304,-0.359646,0.936876,-1.61868
-1.2621,-0.355266,0.941064,-1.57106
-1.28116,-0.350885,0.945252,-1.52344
-1.30022,-0.346505,0.94944,-1.47582
-1.31928,-0.342125,0.953628,-1.4282
-1.33834,-0.337745,0.957816,-1.38058
-1.3574,-0.333365,0.962003,-1.33296
-1.37646,-0.328984,0.966191,-1.28534
-1.39552,-0.324604,0.970379,-1.23772
-1.41458,-0.320224,0.974567,-1.1901
-1.43364,-0.315844,0.978755,-1.14248
-1.4527,-0.311464,0.982943,-1.09487
-1.47176,-0.307083,0.987131,-1.04725
-1.49082,-0.302703,0.991319,-0.999626
-1.50988,-0.298323,0.995507,-0.952006
-1.52894,-0.293943,0.999695,-0.904386
-1.548,-0.289563,1.00388,-0.856767
-1.56706,-0.285182,1.00807,-0.809147
-1.58612,-0.280802,1.01226,-0.761527
-1.60383,-0.272882,1.01712,-0.765174
-1.62154,-0.264962,1.02198,-0.76882
-1.63925,-0.257042,1.02684,-0.772467
-1.65696,-0.249122,1.03169,-0.776113
-1.67467,-0.241202,1.03655,-0.77976
-1.69238,-0.233282,1.04141,-0.783407
-1.71009,-0.225362,1.04627,-0.787053
-1.72781,-0.217442,1.05113,-0.7907
-1.74552,-0.209522,1.05599,-0.794346
-1.76323,-0.201602,1.06085,-0.797993
-1.78094,-0.193682,1.06571,-0.801639
-1.79865,-0.185762,1.07057,-0.805286
-1.81636,-0.177842,1.07543,-0.808932
-1.83407,-0.169922,1.08029,-0.812579
-1.85178,-0.162002,1.08514,-0.816225
-1.86949,-0.154082,1.09,-0.819872
-1.8872,-0.146162,1.09486,-0.823518
-1.90491,-0.138242,1.09972,-0.827165
-1.92262,-0.130322,1.10458,-0.830811
-1.94033,-0.122402,1.10944,-0.834458
-1.95804,-0.114482,1.1143,-0.838104
-1.97575,-0.106562,1.11916,-0.841751
-1.99346,-0.0986419,1.12402,-0.845397
-2.01117,-0.0907219,1.12888,-0.849044
-2.02888,-0.0828019,1.13373,-0.852691
-2.04659,-0.0748819,1.13859,-0.856337
-2.06431,-0.0669619,1.14345,-0.859984
-2.08202,-0.0590419,1.14831,-0.86363
-2.09973,-0.0511219,1.15317,-0.867277
-2.11744,-0.0432019,1.15803,-0.870923
-2.13515,-0.0352819,1.16289,-0.87457
-2.15286,-0.0273619,1.16775,-0.878216
-2.17057,-0.0194418,1.17261,-0.881863
-2.18828,-0.0115218,1.17747,-0.885509
-2.20599,-0.00360182,1.18232,-0.889156
-2.2237,0.00431819,1.18718,-0.892802
-2.24141,0.0122382,1.19204,-0.896449
-2.25912,0.0201582,1.1969,-0.900095
-2.27683,0.0280782,1.20176,-0.903742
-2.29454,0.0359982,1.20662,-0.907388
-2.31225,0.0439182,1.21148,-0.911035
-2.32996,0.0518382,1.21634,-0.914682
-2.34767,0.0597583,1.2212,-0.918328
-2.36538,0.0676783,1.22606,-0.921975
-2.3831,0.0755983,1.23091,-0.925621
-2.40081,0.0835183,1.23577,-0.929268
-2.41852,0.0914383,1.24063,-0.932914
-2.43623,0.0993583,1.24549,-0.936561
-2.45394,0.107278,1.25035,-0.940207
-2.47165,0.115198,1.25521,-0.943854
-2.47157,0.134771,1.25932,-0.912724
-2.47149,0.154344,1.26343,-0.881595
-2.47141,0.173917,1.26754,-0.850466
-2.47133,0.193489,1.27165,-0.819336
-2.47126,0.213062,1.27576,-0.788207
-2.47118,0.232635,1.27988,-0.757078
-2.4711,0.252208,1.28399,-0.725949
-2.47102,0.271781,1.2881,-0.694819
-2.47094,0.291353,1.29221,-0.66369
-2.47086,0.310926,1.29632,-0.632561
-2.47079,0.330499,1.30043,-0.601431
-2.47071,0.350072,1.30454,-0.570302
-2.47063,0.369645,1.30865,-0.539173
-2.47055,0.389217,1.31276,-0.508043
-2.47047,0.40879,1.31687,-0.476914
-2.47039,0.428363,1.32098,-0.445785
-2.47032,0.447936,1.3251,-0.414655
-2.47024,0.467508,1.32921,-0.383526
-2.47016,0.487081,1.33332,-0.352397
-2.47008,0.506654,1.33743,-0.321267
-2.47,0.526227,1.34154,-0.290138
-2.46992,0.5458,1.34565,-0.259009
-2.46985,0.565372,1.34976,-0.227879
-2.46977,0.584945,1.35387,-0.19675
-2.46969,0.604518,1.35798,-0.165621
-2.46961,0.624091,1.36209,-0.134491
-2.46953,0.643663,1.36621,-0.103362
-2.46945,0.663236,1.37032,-0.0722327
-2.46938,0.682809,1.37443,-0.0411034
-2.4693,0.702382,1.37854,-0.00997408
-2.46922,0.721955,1.38265,0.0211552
-2.46914,0.741527,1.38676,0.0522846
-2.46906,0.7611,1.39087,0.0834139
-2.46898,0.780673,1.39498,0.114543
-2.46891,0.800246,1.39909,0.145673
-2.46883,0.819819,1.4032,0.176802
-2.46875,0.839391,1.40732,0.207931
-2.46867,0.858964,1.41143,0.239061
-2.46859,0.878537,1.41554,0.27019
-2.46851,0.89811,1.41965,0.301319
-2.46844,0.917682,1.42376,0.332448
-2.46836,0.937255,1.42787,0.363578
-2.46828,0.956828,1.43198,0.394707
-2.4682,0.976401,1.43609,0.425836
-2.46812,0.995974,1.4402,0.456966
-2.46804,1.01555,1.44431,0.488095
-2.46797,1.03512,1.44842,0.519224
-2.46789,1.05469,1.45254,0.550354
-2.46781,1.07426,1.45665,0.581483
-2.46773,1.09384,1.46076,0.612612
-2.47874,1.10929,1.45444,0.634773
-2.48975,1.12475,1.44812,0.656934
-2.50075,1.14021,1.4418,0.679096
-2.51176,1.15566,1.43548,0.701257
-2.52277,1.17112,1.42917,0.723418
-2.53378,1.18658,1.42285,0.745579
-2.54479,1.20203,1.41653,0.76774
-2.55579,1.21749,1.41021,0.789901
-2.5668,1.23295,1.40389,0.812062
-2.57781,1.2484,1.39757,0.834223
-2.58882,1.26386,1.39126,0.856384
-2.59982,1.27932,1.38494,0.878545
-2.61083,1.29477,1.37862,0.900706
-2.62184,1.31023,1.3723,0.922867
-2.63285,1.32569,1.36598,0.945028
-2.64386,1.34114,1.35966,0.967189
-2.65486,1.3566,1.35334,0.98935
-2.66587,1.37206,1.34703,1.01151
-2.67688,1.38751,1.34071,1.03367
-2.68789,1.40297,1.33439,1.05583
-2.6989,1.41843,1.32807,1.07799
-2.7099,1.43388,1.32175,1.10016
-2.72091,1.44934,1.31543,1.12232
-2.73192,1.46479,1.30912,1.14448
-2.74293,1.48025,1.3028,1.16664
-2.75393,1.49571,1.29648,1.1888
-2.76494,1.51116,1.29016,1.21096
-2.77595,1.52662,1.28384,1.23312
-2.78696,1.54208,1.27752,1.25528
-2.79797,1.55753,1.27121,1.27744
-2.80897,1.57299,1.26489,1.2996
-2.81998,1.58845,1.25857,1.32177
-2.83099,1.6039,1.25225,1.34393
-2.842,1.61936,1.24593,1.36609
-2.85301,1.63482,1.23961,1.38825
-2.86401,1.65027,1.23329,1.41041
-2.87502,1.66573,1.22698,1.43257
-2.88603,1.68119,1.22066,1.45473
-2.89704,1.69664,1.21434,1.47689
-2.90804,1.7121,1.20802,1.49905
-2.91905,1.72756,1.2017,1.52122
-2.93006,1.74301,1.19538,1.54338
-2.94107,1.75847,1.18907,1.56554
-2.95208,1.77393,1.18275,1.5877
-2.96308,1.78938,1.17643,1.60986
-2.97409,1.80484,1.17011,1.63202
-2.9851,1.8203,1.16379,1.65418
-2.99611,1.83575,1.15747,1.67634
-3.00711,1.85121,1.15116,1.6985
-3.01812,1.86667,1.14484,1.72066
-3.02265,1.8857,1.14071,1.72138
-3.02718,1.90474,1.13657,1.72209
-3.03171,1.92378,1.13244,1.7228
-3.03624,1.94281,1.12831,1.72352
-3.04077,1.96185,1.12418,1.72423
-3.0453,1.98089,1.12005,1.72494
-3.04983,1.99993,1.11592,1.72565
-3.05436,2.01896,1.11179,1.72637
-3.05889,2.038,1.10766,1.72708
-3.06342,2.05704,1.10353,1.72779
-3.06795,2.07607,1.0994,1.7285
-3.07248,2.09511,1.09526,1.72922
-3.07701,2.11415,1.09113,1.72993
-3.08154,2.13319,1.087,1.73064
-3.08607,2.15222,1.08287,1.73135
-3.0906,2.17126,1.07874,1.73207
-3.09513,2.1903,1.07461,1.73278
-3.09966,2.20933,1.07048,1.73349
-3.10419,2.22837,1.06635,1.7342
-3.10872,2.24741,1.06222,1.73492
-3.11325,2.26645,1.05808,1.73563
-3.11778,2.28548,1.05395,1.73634
-3.12231,2.30452,1.04982,1.73705
-3.12684,2.32356,1.04569,1.73777
-3.13137,2.3426,1.04156,1.73848
-3.1359,2.36163,1.03743,1.73919
-3.14043,2.38067,1.0333,1.7399
-3.14496,2.39971,1.02917,1.74062
-3.14949,2.41874,1.02504,1.74133
-3.15402,2.43778,1.02091,1.74204
-3.15855,2.45682,1.01677,1.74276
-3.16308,2.47586,1.01264,1.74347
-3.16761,2.49489,1.00851,1.74418
-3.17214,2.51393,1.00438,1.74489
-3.17667,2.53297,1.00025,1.74561
-3.1812,2.552,0.996119,1.74632
-3.18573,2.57104,0.991988,1.74703
-3.19026,2.59008,0.987857,1.74774
-3.19479,2.60912,0.983726,1.74846
-3.19932,2.62815,0.979595,1.74917
-3.20385,2.64719,0.975464,1.74988
-3.20838,2.66623,0.971333,1.75059
-3.21291,2.68527,0.967202,1.75131
-3.21743,2.7043,0.96307,1.75202
-3.22196,2.72334,0.958939,1.75273
-3.22649,2.74238,0.954808,1.75344
-3.23102,2.76141,0.950677,1.75416
-3.23555,2.78045,0.946546,1.75487
-3.24008,2.79949,0.942415,1.75558
-3.24461,2.81853,0.938284,1.75629
-3.2258,2.82525,0.939205,1.69459
-3.20699,2.83197,0.940127,1.63288
-3.18817,2.8387,0.941048,1.57118
-3.16936,2.84542,0.941969,1.50947
-3.15055,2.85214,0.94289,1.44776
-3.13173,2.85887,0.943811,1.38606
-3.11292,2.86559,0.944732,1.32435
-3.09411,2.87232,0.945654,1.26264
-3.07529,2.87904,0.946575,1.20094
-3.05648,2.88576,0.947496,1.13923
-3.03767,2.89249,0.948417,1.07752
-3.01885,2.89921,0.949338,1.01582
-3.00004,2.90593,0.950259,0.954111
-2.98123,2.91266,0.951181,0.892404
-2.96241,2.91938,0.952102,0.830698
-2.9436,2.92611,0.953023,0.768991
-2.92479,2.93283,0.953944,0.707285
-2.90597,2.93955,0.954865,0.645578
-2.88716,2.94628,0.955786,0.583872
-2.86835,2.953,0.956708,0.522166
-2.84953,2.95972,0.957629,0.460459
-2.83072,2.96645,0.95855,0.398753
-2.81191,2.97317,0.959471,0.337046
-2.79309,2.9799,0.960392,0.27534
-2.77428,2.98662,0.961314,0.213633
-2.75547,2.99334,0.962235,0.151927
-2.73665,3.00007,0.963156,0.0902204
-2.71784,3.00679,0.964077,0.028514
-2.69903,3.01351,0.964998,-0.0331924
-2.68021,3.02024,0.965919,-0.0948989
-2.6614,3.02696,0.966841,-0.156605
-2.64259,3.03369,0.967762,-0.218312
-2.62377,3.04041,0.968683,-0.280018
-2.60496,3.04713,0.969604,-0.341725
-2.58615,3.05386,0.970525,-0.403431
-2.56733,3.06058,0.971446,-0.465138
-2.54852,3.0673,0.972368,-0.526844
-2.52971,3.07403,0.973289,-0.58855
-2.51089,3.08075,0.97421,-0.650257
-2.49208,3.08747,0.975131,-0.711963
-2.47327,3.0942,0.976052,-0.77367
-2.45445,3.10092,0.976973,-0.835376
-2.43564,3.10765,0.977895,-0.897083
-2.41683,3.11437,0.978816,-0.958789
-2.39801,3.12109,0.979737,-1.0205
-2.3792,3.12782,0.980658,-1.0822
-2.36039,3.13454,0.981579,-1.14391
-2.34157,3.14126,0.9825,-1.20561
-2.32276,3.14799,0.983422,-1.26732
-2.30395,3.15471,0.984343,-1.32903
-2.28602,3.16345,0.985864,-1.33492
-2.26809,3.17219,0.987385,-1.34081
-2.25017,3.18092,0.988907,-1.3467
-2.23224,3.18966,0.990428,-1.35259
-2.21431,3.1984,0.991949,-1.35849
-2.19639,3.20714,0.993471,-1.36438
-2.17846,3.21587,0.994992,-1.37027
-2.16054,3.22461,0.996513,-1.37616
-2.14261,3.23335,0.998034,-1.38205
-2.12468,3.24208,0.999556,-1.38794
-2.10676,3.25082,1.00108,-1.39384
-2.08883,3.25956,1.0026,-1.39973
-2.07091,3.2683,1.00412,-1.40562
-2.05298,3.27703,1.00564,-1.41151
-2.03505,3.28577,1.00716,-1.4174
-2.01713,3.29451,1.00868,-1.42329
-1.9992,3.30325,1.0102,-1.42919
-1.98127,3.31198,1.01173,-1.43508
-1.96335,3.32072,1.01325,-1.44097
-1.94542,3.32946,1.01477,-1.44686
-1.9275,3.33819,1.01629,-1.45275
-1.90957,3.34693,1.01781,-1.45865
-1.89164,3.35567,1.01933,-1.46454
-1.87372,3.36441,1.02085,-1.47043
-1.85579,3.37314,1.02238,-1.47632
-1.83787,3.38188,1.0239,-1.48221
-1.81994,3.39062,1.02542,-1.4881
-1.80201,3.39935,1.02694,-1.494
-1.78409,3.40809,1.02846,-1.49989
-1.76616,3.41683,1.02998,-1.50578
-1.74823,3.42557,1.0315,-1.51167
-1.73031,3.4343,1.03302,-1.51756
-1.71238,3.44304,1.03455,-1.52345
-1.69446,3.45178,1.03607,-1.52935
-1.67653,3.46051,1.03759,-1.53524
-1.6586,3.46925,1.03911,-1.54113
-1.64068,3.47799,1.04063,-1.54702
-1.62275,3.48673,1.04215,-1.55291
-1.60483,3.49546,1.04367,-1.5588
-1.5869,3.5042,1.04519,-1.5647
-1.56897,3.51294,1.04672,-1.57059
-1.55105,3.52168,1.04824,-1.57648
-1.53312,3.53041,1.04976,-1.58237
-1.51519,3.53915,1.05128,-1.58826
-1.49727,3.54789,1.0528,-1.59415
-1.47934,3.55662,1.05432,-1.60005
-1.46142,3.56536,1.05584,-1.60594
-1.44349,3.5741,1.05736,-1.61183
-1.42556,3.58284,1.05889,-1.61772
-1.40764,3.59157,1.06041,-1.62361
-1.39339,3.60561,1.06066,-1.6117
-1.37915,3.61965,1.06091,-1.59978
-1.36491,3.63369,1.06116,-1.58787
-1.35066,3.64772,1.06141,-1.57596
-1.33642,3.66176,1.06167,-1.56404
-1.32217,3.6758,1.06192,-1.55213
-1.30793,3.68983,1.06217,-1.54021
-1.29369,3.70387,1.06242,-1.5283
-1.27944,3.71791,1.06267,-1.51639
-1.2652,3.73195,1.06293,-1.50447
-1.25095,3.74598,1.06318,-1.49256
-1.23671,3.76002,1.06343,-1.48064
-1.22247,3.77406,1.06368,-1.46873
-1.20822,3.7881,1.06393,-1.45682
-1.19398,3.80213,1.06419,-1.4449
-1.17973,3.81617,1.06444,-1.43299
-1.16549,3.83021,1.06469,-1.42107
-1.15125,3.84424,1.06494,-1.40916
-1.137,3.85828,1.06519,-1.39725
-1.12276,3.87232,1.06544,-1.38533
-1.10851,3.88636,1.0657,-1.37342
-1.09427,3.90039,1.06595,-1.3615
-1.08003,3.91443,1.0662,-1.34959
-1.06578,3.92847,1.06645,-1.33767
-1.05154,3.94251,1.0667,-1.32576
-1.03729,3.95654,1.06696,-1.31385
-1.02305,3.97058,1.06721,-1.30193
-1.00881,3.98462,1.06746,-1.29002
-0.994563,3.99865,1.06771,-1.2781
-0.980319,4.01269,1.06796,-1.26619
-0.966075,4.02673,1.06822,-1.25428
-0.951831,4.04077,1.06847,-1.24236
-0.937587,4.0548,1.06872,-1.23045
-0.923343,4.06884,1.06897,-1.21853
-0.909099,4.08288,1.06922,-1.20662
-0.894855,4.09692,1.06947,-1.19471
-0.880611,4.11095,1.06973,-1.18279
-0.866367,4.12499,1.06998,-1.17088
-0.852123,4.13903,1.07023,-1.15896
-0.837879,4.15306,1.07048,-1.14705
-0.823635,4.1671,1.07073,-1.13514
-0.809391,4.18114,1.07099,-1.12322
-0.795147,4.19518,1.07124,-1.11131
-0.780903,4.20921,1.07149,-1.09939
-0.766659,4.22325,1.07174,-1.08748
-0.752415,4.23729,1.07199,-1.07557
-0.738171,4.25133,1.07224,-1.06365
-0.723927,4.26536,1.0725,-1.05174
-0.709683,4.2794,1.07275,-1.03982
-0.695439,4.29344,1.073,-1.02791
-0.675854,4.29391,1.07703,-0.992939
-0.656269,4.29439,1.08105,-0.957968
-0.636684,4.29486,1.08508,-0.922998
-0.6171,4.29534,1.0891,-0.888028
-0.597515,4.29581,1.09313,-0.853058
-0.57793,4.29629,1.09716,-0.818087
-0.558345,4.29676,1.10118,-0.783117
-0.53876,4.29724,1.10521,-0.748147
-0.519176,4.29771,1.10924,-0.713176
-0.499591,4.29818,1.11326,-0.678206
-0.480006,4.29866,1.11729,-0.643236
-0.460421,4.29913,1.12131,-0.608266
-0.440836,4.29961,1.12534,-0.573295
-0.421251,4.30008,1.12937,-0.538325
-0.401667,4.30056,1.13339,-0.503355
-0.382082,4.30103,1.13742,-0.468384
-0.362497,4.30151,1.14144,-0.433414
-0.342912,4.30198,1.14547,-0.398444
-0.323327,4.30246,1.1495,-0.363474
-0.303743,4.30293,1.15352,-0.328503
-0.284158,4.30341,1.15755,-0.293533
-0.264573,4.30388,1.16157,-0.258563
-0.244988,4.30436,1.1656,-0.223592
-0.225403,4.30483,1.16963,-0.188622
-0.205818,4.30531,1.17365,-0.153652
-0.186234,4.30578,1.17768,-0.118681
-0.166649,4.30625,1.18171,-0.0837112
-0.147064,4.30673,1.18573,-0.0487409
-0.127479,4.3072,1.18976,-0.0137706
-0.107894,4.30768,1.19378,0.0211997
-0.0883095,4.30815,1.19781,0.05617
-0.0687247,4.30863,1.20184,0.0911403
-0.0491399,4.3091,1.20586,0.126111
-0.0295551,4.30958,1.20989,0.161081
-0.00997026,4.31005,1.21391,0.196051
0.00961456,4.31053,1.21794,0.231021
0.0291994,4.311,1.22197,0.265992
0.0487842,4.31148,1.22599,0.300962
0.068369,4.31195,1.23002,0.335932
0.0879538,4.31243,1.23404,0.370903
0.107539,4.3129,1.23807,0.405873
0.127123,4.31338,1.2421,0.440843
0.146708,4.31385,1.24612,0.475814
0.166293,4.31432,1.25015,0.510784
0.185878,4.3148,1.25417,0.545754
0.205463,4.31527,1.2582,0.580724
0.225048,4.31575,1.26223,0.615695
0.244632,4.31622,1.26625,0.650665
0.264217,4.3167,1.27028,0.685635
0.283802,4.31717,1.27431,0.720606
0.29676,4.30223,1.2773,0.716502
0.309718,4.2873,1.28029,0.712399
0.322676,4.27236,1.28328,0.708296
0.335634,4.25742,1.28627,0.704193
0.348592,4.24248,1.28926,0.70009
0.36155,4.22754,1.29225,0.695987
0.374508,4.21261,1.29524,0.691884
0.387466,4.19767,1.29823,0.687781
0.400424,4.18273,1.30122,0.683678
0.413382,4.16779,1.30421,0.679574
0.42634,4.15285,1.30721,0.675471
0.439298,4.13792,1.3102,0.671368
0.452256,4.12298,1.31319,0.667265
0.465215,4.10804,1.31618,0.663162
0.478173,4.0931,1.31917,0.659059
0.491131,4.07816,1.32216,0.654956
0.504089,4.06323,1.32515,0.650853
0.517047,4.04829,1.32814,0.64675
0.530005,4.03335,1.33113,0.642646
0.542963,4.01841,1.33412,0.638543
0.555921,4.00347,1.33711,0.63444
0.568879,3.98854,1.3401,0.630337
0.581837,3.9736,1.3431,0.626234
0.594795,3.95866,1.34609,0.622131
0.607753,3.94372,1.34908,0.618028
0.620711,3.92878,1.35207,0.613925
0.633669,3.91385,1.35506,0.609821
0.646627,3.89891,1.35805,0.605718
0.659585,3.88397,1.36104,0.601615
0.672543,3.86903,1.36403,0.597512
0.685501,3.85409,1.36702,0.593409
0.698459,3.83916,1.37001,0.589306
0.711417,3.82422,1.373,0.585203
0.724375,3.80928,1.376,0.5811
0.737333,3.79434,1.37899,0.576997
0.750291,3.7794,1.38198,0.572893
0.763249,3.76447,1.38497,0.56879
0.776207,3.74953,1.38796,0.564687
0.789165,3.73459,1.39095,0.560584
0.802123,3.71965,1.39394,0.556481
0.815081,3.70471,1.39693,0.552378
0.828039,3.68978,1.39992,0.548275
0.840997,3.67484,1.40291,0.544172
0.853955,3.6599,1.4059,0.540069
0.866914,3.64496,1.4089,0.535965
0.879872,3.63002,1.41189,0.531862
0.89283,3.61509,1.41488,0.527759
0.905788,3.60015,1.41787,0.523656
0.918746,3.58521,1.42086,0.519553
0.931704,3.57027,1.42385,0.51545
0.940667,3.55241,1.42472,0.543169
0.94963,3.53456,1.42558,0.570888
0.958593,3.5167,1.42645,0.598607
0.967556,3.49884,1.42731,0.626326
0.976519,3.48098,1.42818,0.654044
0.985482,3.46312,1.42904,0.681763
0.994445,3.44527,1.42991,0.709482
1.00341,3.42741,1.43078,0.737201
1.01237,3.40955,1.43164,0.76492
1.02133,3.39169,1.43251,0.792639
1.0303,3.37383,1.43337,0.820358
1.03926,3.35597,1.43424,0.848077
1.04822,3.33812,1.43511,0.875796
1.05719,3.32026,1.43597,0.903515
1.06615,3.3024,1.43684,0.931234
1.07511,3.28454,1.4377,0.958953
1.08407,3.26668,1.43857,0.986672
1.09304,3.24882,1.43943,1.01439
1.102,3.23097,1.4403,1.04211
1.11096,3.21311,1.44117,1.06983
1.11993,3.19525,1.44203,1.09755
1.12889,3.17739,1.4429,1.12527
1.13785,3.15953,1.44376,1.15299
1.14682,3.14168,1.44463,1.1807
1.15578,3.12382,1.4455,1.20842
1.16474,3.10596,1.44636,1.23614
1.1737,3.0881,1.44723,1.26386
1.18267,3.07024,1.44809,1.29158
1.19163,3.05238,1.44896,1.3193
1.20059,3.03453,1.44982,1.34702
1.20956,3.01667,1.45069,1.37474
1.21852,2.99881,1.45156,1.40246
1.22748,2.98095,1.45242,1.43017
1.23644,2.96309,1.45329,1.45789
1.24541,2.94524,1.45415,1.48561
1.25437,2.92738,1.45502,1.51333
1.26333,2.90952,1.45589,1.54105
1.2723,2.89166,1.45675,1.56877
1.28126,2.8738,1.45762,1.59649
1.29022,2.85594,1.45848,1.62421
1.29919,2.83809,1.45935,1.65193
1.30815,2.82023,1.46021,1.67964
1.31711,2.80237,1.46108,1.70736
1.32607,2.78451,1.46195,1.73508
1.33504,2.76665,1.46281,1.7628
1.344,2.7488,1.46368,1.79052
1.35296,2.73094,1.46454,1.81824
1.36193,2.71308,1.46541,1.84596
1.37089,2.69522,1.46628,1.87368
1.37985,2.67736,1.46714,1.9014
1.39762,2.68641,1.46558,1.83947
1.41539,2.69545,1.46402,1.77754
1.43316,2.70449,1.46246,1.71561
1.45093,2.71353,1.4609,1.65368
1.46871,2.72258,1.45934,1.59175
1.48648,2.73162,1.45778,1.52982
1.50425,2.74066,1.45622,1.4679
1.52202,2.7497,1.45466,1.40597
1.53979,2.75875,1.4531,1.34404
1.55756,2.76779,1.45154,1.28211
1.57533,2.77683,1.44998,1.22018
1.5931,2.78588,1.44842,1.15825
1.61087,2.79492,1.44686,1.09632
1.62864,2.80396,1.4453,1.0344
1.64641,2.813,1.44374,0.972467
1.66418,2.82205,1.44218,0.910538
1.68195,2.83109,1.44063,0.84861
1.69972,2.84013,1.43907,0.786681
1.71749,2.84918,1.43751,0.724753
1.73527,2.85822,1.43595,0.662824
1.75304,2.86726,1.43439,0.600895
1.77081,2.8763,1.43283,0.538967
1.78858,2.88535,1.43127,0.477038
1.80635,2.89439,1.42971,0.41511
1.82412,2.90343,1.42815,0.353181
1.84189,2.91247,1.42659,0.291252
1.85966,2.92152,1.42503,0.229324
1.87743,2.93056,1.42347,0.167395
1.8952,2.9396,1.42191,0.105466
1.91297,2.94865,1.42035,0.0435379
1.93074,2.95769,1.41879,-0.0183907
1.94851,2.96673,1.41723,-0.0803193
1.96628,2.97577,1.41567,-0.142248
1.98405,2.98482,1.41411,-0.204177
2.00182,2.99386,1.41255,-0.266105
2.0196,3.0029,1.41099,-0.328034
2.03737,3.01195,1.40943,-0.389962
2.05514,3.02099,1.40787,-0.451891
2.07291,3.03003,1.40631,-0.51382
2.09068,3.03907,1.40475,-0.575748
2.10845,3.04812,1.40319,-0.637677
2.12622,3.05716,1.40163,-0.699605
2.14399,3.0662,1.40007,-0.761534
2.16176,3.07524,1.39851,-0.823463
2.17953,3.08429,1.39695,-0.885391
2.1973,3.09333,1.39539,-0.94732
2.21507,3.10237,1.39383,-1.00925
2.23284,3.11142,1.39227,-1.07118
2.25061,3.12046,1.39071,-1.13311
2.26838,3.1295,1.38915,-1.19503
2.28734,3.13448,1.38519,-1.17735
2.30631,3.13947,1.38124,-1.15967
2.32527,3.14445,1.37728,-1.14199
2.34423,3.14943,1.37332,-1.12431
2.36319,3.15441,1.36936,-1.10662
2.38215,3.15939,1.3654,-1.08894
2.40111,3.16438,1.36144,-1.07126
2.42007,3.16936,1.35748,-1.05358
2.43903,3.17434,1.35352,-1.0359
2.45799,3.17932,1.34957,-1.01821
2.47695,3.18431,1.34561,-1.00053
2.49591,3.18929,1.34165,-0.982851
2.51487,3.19427,1.33769,-0.965169
2.53383,3.19925,1.33373,-0.947487
2.55279,3.20423,1.32977,-0.929805
2.57175,3.20922,1.32581,-0.912123
2.59072,3.2142,1.32186,-0.894441
2.60968,3.21918,1.3179,-0.876759
2.62864,3.22416,1.31394,-0.859077
2.6476,3.22915,1.30998,-0.841395
2.66656,3.23413,1.30602,-0.823713
2.68552,3.23911,1.30206,-0.806031
2.70448,3.24409,1.2981,-0.788349
2.72344,3.24907,1.29414,-0.770667
2.7424,3.25406,1.29019,-0.752985
2.76136,3.25904,1.28623,-0.735303
2.78032,3.26402,1.28227,-0.717621
2.79928,3.269,1.27831,-0.699939
2.81824,3.27399,1.27435,-0.682257
2.8372,3.27897,1.27039,-0.664575
2.85616,3.28395,1.26643,-0.646893
2.87512,3.28893,1.26247,-0.629212
2.89409,3.29391,1.25852,-0.61153
2.91305,3.2989,1.25456,-0.593848
2.93201,3.30388,1.2506,-0.576166
2.95097,3.30886,1.24664,-0.558484
2.96993,3.31384,1.24268,-0.540802
2.98889,3.31883,1.23872,-0.52312
3.00785,3.32381,1.23476,-0.505438
3.02681,3.32879,1.2308,-0.487756
3.04577,3.33377,1.22685,-0.470074
3.06473,3.33875,1.22289,-0.452392
3.08369,3.34374,1.21893,-0.43471
3.10265,3.34872,1.21497,-0.417028
3.12161,3.3537,1.21101,-0.399346
3.14057,3.35868,1.20705,-0.381664
3.15953,3.36367,1.20309,-0.363982
3.1785,3.36865,1.19914,-0.3463
3.19746,3.37363,1.19518,-0.328618
3.21642,3.37861,1.19122,-0.310936
3.19647,3.37983,1.19189,-0.338709
3.17651,3.38105,1.19257,-0.366482
3.15656,3.38227,1.19325,-0.394255
3.13661,3.38349,1.19392,-0.422027
3.11666,3.38472,1.1946,-0.4498
3.09671,3.38594,1.19527,-0.477573
3.07676,3.38716,1.19595,-0.505346
3.05681,3.38838,1.19663,-0.533119
3.03685,3.3896,1.1973,-0.560892
3.0169,3.39082,1.19798,-0.588664
2.99695,3.39204,1.19865,-0.616437
2.977,3.39326,1.19933,-0.64421
2.95705,3.39448,1.2,-0.671983
2.9371,3.3957,1.20068,-0.699756
2.91715,3.39692,1.20136,-0.727528
2.8972,3.39814,1.20203,-0.755301
2.87724,3.39936,1.20271,-0.783074
2.85729,3.40058,1.20338,-0.810847
2.83734,3.4018,1.20406,-0.83862
2.81739,3.40303,1.20474,-0.866392
2.79744,3.40425,1.20541,-0.894165
2.77749,3.40547,1.20609,-0.921938
2.75754,3.40669,1.20676,-0.949711
2.73759,3.40791,1.20744,-0.977484
2.71763,3.40913,1.20812,-1.00526
2.69768,3.41035,1.20879,-1.03303
2.67773,3.41157,1.20947,-1.0608
2.65778,3.41279,1.21014,-1.08857
2.63783,3.41401,1.21082,-1.11635
2.61788,3.41523,1.2115,-1.14412
2.59793,3.41645,1.21217,-1.17189
2.57798,3.41767,1.21285,-1.19967
2.55802,3.41889,1.21352,-1.22744
2.53807,3.42011,1.2142,-1.25521
2.51812,3.42133,1.21487,-1.28298
2.49817,3.42256,1.21555,-1.31076
2.47822,3.42378,1.21623,-1.33853
2.45827,3.425,1.2169,-1.3663
2.43832,3.42622,1.21758,-1.39408
2.41837,3.42744,1.21825,-1.42185
2.39841,3.42866,1.21893,-1.44962
2.37846,3.42988,1.21961,-1.47739
2.35851,3.4311,1.22028,-1.50517
2.33856,3.43232,1.22096,-1.53294
2.31861,3.43354,1.22163,-1.56071
2.29866,3.43476,1.22231,-1.58849
2.27871,3.43598,1.22299,-1.61626
2.25876,3.4372,1.22366,-1.64403
2.2388,3.43842,1.22434,-1.6718
2.21885,3.43964,1.22501,-1.69958
2.19886,3.44018,1.22544,-1.71999
2.17888,3.44071,1.22587,-1.7404
2.15889,3.44124,1.2263,-1.76082
2.1389,3.44177,1.22672,-1.78123
2.11891,3.4423,1.22715,-1.80164
2.09892,3.44283,1.22758,-1.82206
2.07893,3.44336,1.22801,-1.84247
2.05895,3.44389,1.22844,-1.86288
2.03896,3.44442,1.22886,-1.8833
2.01897,3.44496,1.22929,-1.90371
1.99898,3.44549,1.22972,-1.92412
1.97899,3.44602,1.23015,-1.94454
1.959,3.44655,1.23057,-1.96495
1.93902,3.44708,1.231,-1.98536
1.91903,3.44761,1.23143,-2.00577
1.89904,3.44814,1.23186,-2.02619
1.87905,3.44867,1.23229,-2.0466
1.85906,3.4492,1.23271,-2.06701
1.83907,3.44973,1.23314,-2.08743
1.81909,3.45027,1.23357,-2.10784
1.7991,3.4508,1.234,-2.12825
1.77911,3.45133,1.23443,-2.14867
1.75912,3.45186,1.23485,-2.16908
1.73913,3.45239,1.23528,-2.18949
1.71914,3.45292,1.23571,-2.20991
1.69916,3.45345,1.23614,-2.23032
1.67917,3.45398,1.23656,-2.25073
1.65918,3.45451,1.23699,-2.27115
1.63919,3.45505,1.23742,-2.29156
1.6192,3.45558,1.23785,-2.31197
1.59921,3.45611,1.23828,-2.33239
1.57923,3.45664,1.2387,-2.3528
1.55924,3.45717,1.23913,-2.37321
1.53925,3.4577,1.23956,-2.39363
1.51926,3.45823,1.23999,-2.41404
1.49927,3.45876,1.24041,-2.43445
1.47928,3.45929,1.24084,-2.45487
1.45929,3.45983,1.24127,-2.47528
1.43931,3.46036,1.2417,-2.49569
1.41932,3.46089,1.24213,-2.5161
1.39933,3.46142,1.24255,-2.53652
1.37934,3.46195,1.24298,-2.55693
1.35935,3.46248,1.24341,-2.57734
1.33936,3.46301,1.24384,-2.59776
1.31938,3.46354,1.24426,-2.61817
1.29939,3.46407,1.24469,-2.63858
1.2794,3.46461,1.24512,-2.659
1.25941,3.46514,1.24555,-2.67941
1.23942,3.46567,1.24598,-2.69982
1.21943,3.4662,1.2464,-2.72024
1.20061,3.47284,1.2452,-2.73186
1.18178,3.47948,1.244,-2.74349
1.16295,3.48612,1.2428,-2.75512
1.14413,3.49276,1.2416,-2.76675
1.1253,3.4994,1.2404,-2.77837
1.10647,3.50605,1.23919,-2.79
1.08765,3.51269,1.23799,-2.80163
1.06882,3.51933,1.23679,-2.81325
1.04999,3.52597,1.23559,-2.82488
1.03117,3.53261,1.23439,-2.83651
1.01234,3.53925,1.23319,-2.84814
0.993512,3.54589,1.23198,-2.85976
0.974685,3.55253,1.23078,-2.87139
0.955858,3.55918,1.22958,-2.88302
0.937031,3.56582,1.22838,-2.89464
0.918205,3.57246,1.22718,-2.90627
0.899378,3.5791,1.22598,-2.9179
0.880551,3.58574,1.22477,-2.92953
0.861724,3.59238,1.22357,-2.94115
0.842897,3.59902,1.22237,-2.95278
0.82407,3.60566,1.22117,-2.96441
0.805243,3.61231,1.21997,-2.97603
0.786417,3.61895,1.21877,-2.98766
0.76759,3.62559,1.21757,-2.99929
0.748763,3.63223,1.21636,-3.01092
0.729936,3.63887,1.21516,-3.02254
0.711109,3.64551,1.21396,-3.03417
0.692282,3.65215,1.21276,-3.0458
0.673456,3.65879,1.21156,-3.05743
0.654629,3.66543,1.21036,-3.06905
0.635802,3.67208,1.20915,-3.08068
0.616975,3.67872,1.20795,-3.09231
0.598148,3.68536,1.20675,-3.10393
0.579321,3.692,1.20555,-3.11556
0.560494,3.69864,1.20435,-3.12719
0.541668,3.70528,1.20315,-3.13882
0.522841,3.71192,1.20194,3.13274
0.504014,3.71856,1.20074,3.12112
0.485187,3.72521,1.19954,3.10949
0.46636,3.73185,1.19834,3.09786
0.447533,3.73849,1.19714,3.08623
0.428706,3.74513,1.19594,3.07461
0.40988,3.75177,1.19474,3.06298
0.391053,3.75841,1.19353,3.05135
0.372226,3.76505,1.19233,3.03973
0.353399,3.77169,1.19113,3.0281
0.334572,3.77834,1.18993,3.01647
0.315745,3.78498,1.18873,3.00484
0.296918,3.79162,1.18753,2.99322
0.278092,3.79826,1.18632,2.98159
0.267156,3.78156,1.18506,3.03684
0.25622,3.76486,1.1838,3.0921
0.245284,3.74817,1.18254,-3.13584
0.234348,3.73147,1.18128,-3.08058
0.223412,3.71477,1.18001,-3.02533
0.212476,3.69807,1.17875,-2.97007
0.20154,3.68138,1.17749,-2.91482
0.190604,3.66468,1.17623,-2.85957
0.179668,3.64798,1.17496,-2.80431
0.168732,3.63128,1.1737,-2.74906
0.157796,3.61458,1.17244,-2.69381
0.146861,3.59789,1.17118,-2.63855
0.135925,3.58119,1.16992,-2.5833
0.124989,3.56449,1.16865,-2.52805
0.114053,3.54779,1.16739,-2.47279
0.103117,3.5311,1.16613,-2.41754
0.0921809,3.5144,1.16487,-2.36229
0.081245,3.4977,1.1636,-2.30703
0.0703091,3.481,1.16234,-2.25178
0.0593732,3.46431,1.16108,-2.19652
0.0484373,3.44761,1.15982,-2.14127
0.0375014,3.43091,1.15856,-2.08602
0.0265655,3.41421,1.15729,-2.03076
0.0156295,3.39751,1.15603,-1.97551
0.00469363,3.38082,1.15477,-1.92026
-0.00624229,3.36412,1.15351,-1.865
-0.0171782,3.34742,1.15225,-1.80975
-0.0281141,3.33072,1.15098,-1.7545
-0.03905,3.31403,1.14972,-1.69924
-0.0499859,3.29733,1.14846,-1.64399
-0.0609219,3.28063,1.1472,-1.58874
-0.0718578,3.26393,1.14593,-1.53348
-0.0827937,3.24724,1.14467,-1.47823
-0.0937296,3.23054,1.14341,-1.42297
-0.104666,3.21384,1.14215,-1.36772
-0.115601,3.19714,1.14089,-1.31247
-0.126537,3.18044,1.13962,-1.25721
-0.137473,3.16375,1.13836,-1.20196
-0.148409,3.14705,1.1371,-1.14671
-0.159345,3.13035,1.13584,-1.09145
-0.170281,3.11365,1.13458,-1.0362
-0.181217,3.09696,1.13331,-0.980946
-0.192153,3.08026,1.13205,-0.925692
-0.203089,3.06356,1.13079,-0.870439
-0.214025,3.04686,1.12953,-0.815185
-0.224961,3.03017,1.12826,-0.759932
-0.235897,3.01347,1.127,-0.704678
-0.246832,2.99677,1.12574,-0.649424
-0.257768,2.98007,1.12448,-0.594171
-0.268704,2.96337,1.12322,-0.538917
-0.281192,2.94781,1.12191,-0.489324
-0.29368,2.93224,1.12061,-0.43973
-0.306168,2.91667,1.11931,-0.390136
-0.318656,2.9011,1.11801,-0.340542
-0.331144,2.88554,1.1167,-0.290949
-0.343632,2.86997,1.1154,-0.241355
-0.35612,2.8544,1.1141,-0.191761
-0.368607,2.83883,1.1128,-0.142168
-0.381095,2.82326,1.1115,-0.0925739
-0.393583,2.8077,1.11019,-0.0429802
-0.406071,2.79213,1.10889,0.00661353
-0.418559,2.77656,1.10759,0.0562072
-0.431047,2.76099,1.10629,0.105801
-0.443535,2.74543,1.10499,0.155395
-0.456023,2.72986,1.10368,0.204988
-0.468511,2.71429,1.10238,0.254582
-0.480998,2.69872,1.10108,0.304176
-0.493486,2.68315,1.09978,0.35377
-0.505974,2.66759,1.09848,0.403363
-0.518462,2.65202,1.09717,0.452957
-0.53095,2.63645,1.09587,0.502551
-0.543438,2.62088,1.09457,0.552144
-0.555926,2.60531,1.09327,0.601738
-0.568414,2.58975,1.09196,0.651332
-0.580902,2.57418,1.09066,0.700926
-0.59339,2.55861,1.08936,0.750519
-0.605877,2.54304,1.08806,0.800113
-0.618365,2.52748,1.08676,0.849707
-0.630853,2.51191,1.08545,0.8993
-0.643341,2.49634,1.08415,0.948894
-0.655829,2.48077,1.08285,0.998488
-0.668317,2.4652,1.08155,1.04808
-0.680805,2.44964,1.08025,1.09768
-0.693293,2.43407,1.07894,1.14727
-0.705781,2.4185,1.07764,1.19686
-0.718269,2.40293,1.07634,1.24646
-0.730756,2.38737,1.07504,1.29605
-0.743244,2.3718,1.07374,1.34564
-0.755732,2.35623,1.07243,1.39524
-0.76822,2.34066,1.07113,1.44483
-0.780708,2.32509,1.06983,1.49442
-0.793196,2.30953,1.06853,1.54402
-0.805684,2.29396,1.06722,1.59361
-0.818172,2.27839,1.06592,1.64321
-0.83066,2.26282,1.06462,1.6928
-0.843147,2.24725,1.06332,1.74239
-0.855635,2.23169,1.06202,1.79199
-0.868123,2.21612,1.06071,1.84158
-0.880611,2.20055,1.05941,1.89117
-0.893099,2.18498,1.05811,1.94077
-0.901778,2.16698,1.05889,1.88011
-0.910457,2.14898,1.05967,1.81946
-0.919136,2.13098,1.06045,1.7588
-0.927815,2.11298,1.06123,1.69815
-0.936494,2.09497,1.06201,1.63749
-0.945173,2.07697,1.06279,1.57683
-0.953853,2.05897,1.06357,1.51618
-0.962532,2.04097,1.06435,1.45552
-0.971211,2.02297,1.06513,1.39487
-0.97989,2.00497,1.0659,1.33421
-0.988569,1.98696,1.06668,1.27356
-0.997248,1.96896,1.06746,1.2129
-1.00593,1.95096,1.06824,1.15225
-1.01461,1.93296,1.06902,1.09159
-1.02329,1.91496,1.0698,1.03093
-1.03196,1.89695,1.07058,0.970279
-1.04064,1.87895,1.07136,0.909624
-1.04932,1.86095,1.07214,0.848968
-1.058,1.84295,1.07292,0.788313
-1.06668,1.82495,1.0737,0.727657
-1.07536,1.80695,1.07448,0.667001
-1.08404,1.78894,1.07526,0.606346
-1.09272,1.77094,1.07604,0.54569
-1.1014,1.75294,1.07682,0.485035
-1.11008,1.73494,1.0776,0.424379
-1.11875,1.71694,1.07838,0.363724
-1.12743,1.69893,1.07916,0.303068
-1.13611,1.68093,1.07993,0.242412
-1.14479,1.66293,1.08071,0.181757
-1.15347,1.64493,1.08149,0.121101
-1.16215,1.62693,1.08227,0.0604458
-1.17083,1.60892,1.08305,-0.00020978
-1.17951,1.59092,1.08383,-0.0608653
-1.18819,1.57292,1.08461,-0.121521
-1.19687,1.55492,1.08539,-0.182176
-1.20555,1.53692,1.08617,-0.242832
-1.21422,1.51892,1.08695,-0.303488
-1.2229,1.50091,1.08773,-0.364143
-1.23158,1.48291,1.08851,-0.424799
-1.24026,1.46491,1.08929,-0.485454
-1.24894,1.44691,1.09007,-0.54611
-1.25762,1.42891,1.09085,-0.606765
-1.2663,1.4109,1.09163,-0.667421
-1.27498,1.3929,1.09241,-0.728077
-1.28366,1.3749,1.09319,-0.788732
-1.29234,1.3569,1.09396,-0.849388
-1.30102,1.3389,1.09474,-0.910043
-1.30969,1.3209,1.09552,-0.970699
-1.31837,1.30289,1.0963,-1.03135
-1.32705,1.28489,1.09708,-1.09201
-1.32856,1.26498,1.09601,-1.14517
-1.33006,1.24506,1.09493,-1.19832
-1.33156,1.22515,1.09386,-1.25148
-1.33307,1.20523,1.09278,-1.30464
-1.33457,1.18532,1.09171,-1.3578
-1.33607,1.16541,1.09063,-1.41095
-1.33758,1.14549,1.08955,-1.46411
-1.33908,1.12558,1.08848,-1.51727
-1.34058,1.10566,1.0874,-1.57042
-1.34209,1.08575,1.08633,-1.62358
-1.34359,1.06583,1.08525,-1.67674
-1.3451,1.04592,1.08418,-1.7299
-1.3466,1.026,1.0831,-1.78305
-1.3481,1.00609,1.08203,-1.83621
-1.34961,0.986176,1.08095,-1.88937
-1.35111,0.966262,1.07988,-1.94252
-1.35261,0.946347,1.0788,-1.99568
-1.35412,0.926433,1.07772,-2.04884
-1.35562,0.906518,1.07665,-2.102
-1.35712,0.886604,1.07557,-2.15515
-1.35863,0.86669,1.0745,-2.20831
-1.36013,0.846775,1.07342,-2.26147
-1.36163,0.826861,1.07235,-2.31462
-1.36314,0.806947,1.07127,-2.36778
-1.36464,0.787032,1.0702,-2.42094
-1.36615,0.767118,1.06912,-2.4741
-1.36765,0.747203,1.06805,-2.52725
-1.36915,0.727289,1.06697,-2.58041
-1.37066,0.707375,1.06589,-2.63357
-1.37216,0.68746,1.06482,-2.68672
-1.37366,0.667546,1.06374,-2.73988
-1.37517,0.647631,1.06267,-2.79304
-1.37667,0.627717,1.06159,-2.8462
-1.37817,0.607803,1.06052,-2.89935
-1.37968,0.587888,1.05944,-2.95251
-1.38118,0.567974,1.05837,-3.00567
-1.38268,0.54806,1.05729,-3.05882
-1.38419,0.528145,1.05621,-3.11198
-1.38569,0.508231,1.05514,3.11805
-1.3872,0.488316,1.05406,3.06489
-1.3887,0.468402,1.05299,3.01173
-1.3902,0.448488,1.05191,2.95858
-1.39171,0.428573,1.05084,2.90542
-1.39321,0.408659,1.04976,2.85226
-1.39471,0.388744,1.04869,2.7991
-1.39622,0.36883,1.04761,2.74595
-1.39772,0.348916,1.04654,2.69279
-1.39922,0.329001,1.04546,2.63963
-1.40073,0.309087,1.04438,2.58648
-1.40223,0.289173,1.04331,2.53332
-1.41585,0.274563,1.0444,2.56892
-1.42946,0.259953,1.04549,2.60452
-1.44308,0.245344,1.04659,2.64012
-1.45669,0.230734,1.04768,2.67572
-1.47031,0.216124,1.04877,2.71132
-1.48392,0.201515,1.04986,2.74692
-1.49754,0.186905,1.05096,2.78252
-1.51115,0.172295,1.05205,2.81812
-1.52476,0.157685,1.05314,2.85372
-1.53838,0.143076,1.05423,2.88932
-1.55199,0.128466,1.05533,2.92492
-1.56561,0.113856,1.05642,2.96052
-1.57922,0.0992468,1.05751,2.99612
-1.59284,0.0846371,1.0586,3.03172
-1.60645,0.0700274,1.05969,3.06732
-1.62007,0.0554177,1.06079,3.10292
-1.63368,0.0408081,1.06188,3.13852
-1.6473,0.0261984,1.06297,-3.10906
-1.66091,0.0115887,1.06406,-3.07346
-1.67453,-0.00302098,1.06516,-3.03786
-1.68814,-0.0176307,1.06625,-3.00226
-1.70176,-0.0322403,1.06734,-2.96666
-1.71537,-0.04685,1.06843,-2.93106
-1.72899,-0.0614597,1.06953,-2.89546
-1.7426,-0.0760694,1.07062,-2.85986
-1.75622,-0.0906791,1.07171,-2.82426
-1.76983,-0.105289,1.0728,-2.78866
-1.78345,-0.119898,1.07389,-2.75306
-1.79706,-0.134508,1.07499,-2.71746
-1.81068,-0.149118,1.07608,-2.68186
-1.82429,-0.163727,1.07717,-2.64626
-1.83791,-0.178337,1.07826,-2.61066
-1.85152,-0.192947,1.07936,-2.57506
-1.86514,-0.207556,1.08045,-2.53946
-1.87875,-0.222166,1.08154,-2.50386
-1.89237,-0.236776,1.08263,-2.46826
-1.90598,-0.251386,1.08373,-2.43266
-1.9196,-0.265995,1.08482,-2.39706
-1.93321,-0.280605,1.08591,-2.36146
-1.94683,-0.295215,1.087,-2.32586
-1.96044,-0.309824,1.0881,-2.29026
-1.97405,-0.324434,1.08919,-2.25465
-1.98767,-0.339044,1.09028,-2.21905
-2.00128,-0.353653,1.09137,-2.18345
-2.0149,-0.368263,1.09246,-2.14785
-2.02851,-0.382873,1.09356,-2.11225
-2.04213,-0.397482,1.09465,-2.07665
-2.05574,-0.412092,1.09574,-2.04105
-2.06936,-0.426702,1.09683,-2.00545
-2.08297,-0.441311,1.09793,-1.96985
-2.10217,-0.44555,1.10162,-1.97517
-2.12136,-0.449788,1.10532,-1.98048
-2.14055,-0.454027,1.10902,-1.9858
-2.15974,-0.458265,1.11272,-1.99111
-2.17894,-0.462504,1.11642,-1.99643
-2.19813,-0.466742,1.12012,-2.00174
-2.21732,-0.470981,1.12382,-2.00706
-2.23651,-0.475219,1.12751,-2.01237
-2.25571,-0.479458,1.13121,-2.01768
-2.2749,-0.483696,1.13491,-2.023
-2.29409,-0.487935,1.13861,-2.02831
-2.31329,-0.492173,1.14231,-2.03363
-2.33248,-0.496412,1.14601,-2.03894
-2.35167,-0.50065,1.1497,-2.04426
-2.37086,-0.504889,1.1534,-2.04957
-2.39006,-0.509127,1.1571,-2.05489
-2.40925,-0.513366,1.1608,-2.0602
-2.42844,-0.517604,1.1645,-2.06552
-2.44763,-0.521843,1.1682,-2.07083
-2.46683,-0.526081,1.17189,-2.07615
-2.48602,-0.530319,1.17559,-2.08146
-2.50521,-0.534558,1.17929,-2.08677
-2.5244,-0.538796,1.18299,-2.09209
-2.5436,-0.543035,1.18669,-2.0974
-2.56279,-0.547273,1.19039,-2.10272
-2.58198,-0.551512,1.19409,-2.10803
-2.60117,-0.55575,1.19778,-2.11335
-2.62037,-0.559989,1.20148,-2.11866
-2.63956,-0.564227,1.20518,-2.12398
-2.65875,-0.568466,1.20888,-2.12929
-2.67795,-0.572704,1.21258,-2.13461
-2.69714,-0.576943,1.21628,-2.13992
-2.71633,-0.581181,1.21997,-2.14524
-2.73552,-0.58542,1.22367,-2.15055
-2.75472,-0.589658,1.22737,-2.15586
-2.77391,-0.593897,1.23107,-2.16118
-2.7931,-0.598135,1.23477,-2.16649
-2.81229,-0.602374,1.23847,-2.17181
-2.83149,-0.606612,1.24217,-2.17712
-2.85068,-0.610851,1.24586,-2.18244
-2.86987,-0.615089,1.24956,-2.18775
-2.88906,-0.619328,1.25326,-2.19307
-2.90826,-0.623566,1.25696,-2.19838
-2.92745,-0.627805,1.26066,-2.2037
-2.94664,-0.632043,1.26436,-2.20901
-2.96583,-0.636282,1.26805,-2.21433
-2.98503,-0.64052,1.27175,-2.21964
-3.00422,-0.644759,1.27545,-2.22495
-3.02341,-0.648997,1.27915,-2.23027
-3.04261,-0.653235,1.28285,-2.23558
-3.05109,-0.635141,1.28213,-2.27914
-3.05958,-0.617046,1.28141,-2.32269
-3.06807,-0.598952,1.2807,-2.36625
-3.07656,-0.580857,1.27998,-2.4098
-3.08505,-0.562763,1.27927,-2.45336
-3.09354,-0.544668,1.27855,-2.49691
-3.10203,-0.526574,1.27783,-2.54047
-3.11052,-0.508479,1.27712,-2.58402
-3.11901,-0.490385,1.2764,-2.62758
-3.1275,-0.47229,1.27568,-2.67113
-3.13599,-0.454196,1.27497,-2.71468
-3.14448,-0.436101,1.27425,-2.75824
-3.15297,-0.418007,1.27353,-2.80179
-3.16146,-0.399912,1.27282,-2.84535
-3.16995,-0.381818,1.2721,-2.8889
-3.17844,-0.363723,1.27139,-2.93246
-3.18693,-0.345629,1.27067,-2.97601
-3.19542,-0.327534,1.26995,-3.01957
-3.20391,-0.30944,1.26924,-3.06312
-3.2124,-0.291345,1.26852,-3.10668
-3.22089,-0.273251,1.2678,3.13295
-3.22938,-0.255156,1.26709,3.0894
-3.23787,-0.237062,1.26637,3.04585
-3.24636,-0.218967,1.26565,3.00229
-3.25485,-0.200873,1.26494,2.95874
-3.26334,-0.182778,1.26422,2.91518
-3.27183,-0.164684,1.26351,2.87163
-3.28032,-0.146589,1.26279,2.82807
-3.28881,-0.128495,1.26207,2.78452
-3.2973,-0.1104,1.26136,2.74096
-3.30579,-0.092306,1.26064,2.69741
-3.31428,-0.0742115,1.25992,2.65385
-3.32277,-0.056117,1.25921,2.6103
-3.33126,-0.0380225,1.25849,2.56674
-3.33975,-0.019928,1.25777,2.52319
-3.34824,-0.00183345,1.25706,2.47964
-3.35673,0.016261,1.25634,2.43608
-3.36522,0.0343556,1.25563,2.39253
-3.37371,0.0524501,1.25491,2.34897
-3.3822,0.0705446,1.25419,2.30542
-3.39068,0.0886391,1.25348,2.26186
-3.39917,0.106734,1.25276,2.21831
-3.40766,0.124828,1.25204,2.17475
-3.41615,0.142923,1.25133,2.1312
-3.42464,0.161017,1.25061,2.08764
-3.43313,0.179112,1.24989,2.04409
-3.44162,0.197206,1.24918,2.00054
-3.45011,0.215301,1.24846,1.95698
-3.4586,0.233395,1.24775,1.91343
-3.46709,0.25149,1.24703,1.86987
-3.4869,0.248916,1.248,1.878
-3.50671,0.246342,1.24897,1.88613
-3.52652,0.243768,1.24995,1.89426
-3.54633,0.241194,1.25092,1.9024
-3.56614,0.23862,1.25189,1.91053
-3.58595,0.236047,1.25286,1.91866
-3.60576,0.233473,1.25384,1.92679
-3.62557,0.230899,1.25481,1.93492
-3.64538,0.228325,1.25578,1.94305
-3.66519,0.225751,1.25675,1.95118
-3.685,0.223177,1.25772,1.95931
-3.70481,0.220604,1.2587,1.96744
-3.72462,0.21803,1.25967,1.97558
-3.74443,0.215456,1.26064,1.98371
-3.76424,0.212882,1.26161,1.99184
-3.78405,0.210308,1.26259,1.99997
-3.80386,0.207734,1.26356,2.0081
-3.82367,0.205161,1.26453,2.01623
-3.84348,0.202587,1.2655,2.02436
-3.86329,0.200013,1.26648,2.03249
-3.8831,0.197439,1.26745,2.04062
-3.90291,0.194865,1.26842,2.04876
-3.92272,0.192291,1.26939,2.05689
-3.94253,0.189718,1.27037,2.06502
-3.96234,0.187144,1.27134,2.07315
-3.98215,0.18457,1.27231,2.08128
-4.00196,0.181996,1.27328,2.08941
-4.02177,0.179422,1.27425,2.09754
-4.04158,0.176848,1.27523,2.10567
-4.06139,0.174275,1.2762,2.1138
-4.0812,0.171701,1.27717,2.12194
-4.10101,0.169127,1.27814,2.13007
-4.12082,0.166553,1.27912,2.1382
-4.14063,0.163979,1.28009,2.14633
-4.16044,0.161405,1.28106,2.15446
-4.18025,0.158832,1.28203,2.16259
-4.20006,0.156258,1.28301,2.17072
-4.21987,0.153684,1.28398,2.17885
-4.23968,0.15111,1.28495,2.18698
-4.25949,0.148536,1.28592,2.19512
-4.2793,0.145962,1.28689,2.20325
-4.29911,0.143389,1.28787,2.21138
-4.31892,0.140815,1.28884,2.21951
-4.33873,0.138241,1.28981,2.22764
-4.35854,0.135667,1.29078,2.23577
-4.37835,0.133093,1.29176,2.2439
-4.39816,0.130519,1.29273,2.25203
-4.41797,0.127946,1.2937,2.26016
-4.43778,0.125372,1.29467,2.2683
-4.45758,0.122798,1.29565,2.27643
-4.47627,0.118091,1.2903,2.23906
-4.49496,0.113384,1.28495,2.2017
-4.51365,0.108677,1.2796,2.16434
-4.53234,0.103971,1.27425,2.12697
-4.55102,0.0992637,1.2689,2.08961
-4.56971,0.0945569,1.26355,2.05225
-4.5884,0.08985,1.25821,2.01488
-4.60709,0.0851432,1.25286,1.97752
-4.62578,0.0804364,1.24751,1.94016
-4.64446,0.0757295,1.24216,1.90279
-4.66315,0.0710227,1.23681,1.86543
-4.68184,0.0663158,1.23146,1.82807
-4.70053,0.061609,1.22611,1.7907
-4.71922,0.0569022,1.22076,1.75334
-4.7379,0.0521953,1.21542,1.71598
-4.75659,0.0474885,1.21007,1.67861
-4.77528,0.0427816,1.20472,1.64125
-4.79397,0.0380748,1.19937,1.60389
-4.81266,0.033368,1.19402,1.56652
-4.83134,0.0286611,1.18867,1.52916
-4.85003,0.0239543,1.18332,1.4918
-4.86872,0.0192474,1.17798,1.45443
-4.88741,0.0145406,1.17263,1.41707
-4.90609,0.00983375,1.16728,1.37971
-4.92478,0.00512691,1.16193,1.34234
-4.94347,0.000420067,1.15658,1.30498
-4.96216,-0.00428677,1.15123,1.26762
-4.98085,-0.00899362,1.14588,1.23025
-4.99953,-0.0137005,1.14054,1.19289
-5.01822,-0.0184073,1.13519,1.15553
-5.03691,-0.0231141,1.12984,1.11816
-5.0556,-0.027821,1.12449,1.0808
-5.07429,-0.0325278,1.11914,1.04344
-5.09297,-0.0372347,1.11379,1.00607
-5.11166,-0.0419415,1.10844,0.96871
-5.13035,-0.0466483,1.1031,0.931347
-5.14904,-0.0513552,1.09775,0.893984
-5.16773,-0.056062,1.0924,0.85662
-5.18641,-0.0607689,1.08705,0.819257
-5.2051,-0.0654757,1.0817,0.781894
-5.22379,-0.0701825,1.07635,0.74453
-5.24248,-0.0748894,1.071,0.707167
-5.26117,-0.0795962,1.06566,0.669804
-5.27985,-0.0843031,1.06031,0.63244
-5.29854,-0.0890099,1.05496,0.595077
-5.31723,-0.0937168,1.04961,0.557714
-5.33592,-0.0984236,1.04426,0.52035
-5.3546,-0.10313,1.03891,0.482987
-5.37329,-0.107837,1.03356,0.445624
-5.39198,-0.112544,1.02822,0.40826
-5.39696,-0.13189,1.02916,0.444695
-5.40195,-0.151237,1.03011,0.481129
-5.40693,-0.170583,1.03106,0.517563
-5.41191,-0.189929,1.032,0.553998
-5.41689,-0.209276,1.03295,0.590432
-5.42187,-0.228622,1.0339,0.626866
-5.42686,-0.247968,1.03484,0.663301
-5.43184,-0.267314,1.03579,0.699735
-5.43682,-0.286661,1.03674,0.736169
-5.4418,-0.306007,1.03769,0.772604
-5.44679,-0.325353,1.03863,0.809038
-5.45177,-0.3447,1.03958,0.845472
-5.45675,-0.364046,1.04053,0.881907
-5.46173,-0.383392,1.04147,0.918341
-5.46672,-0.402739,1.04242,0.954775
-5.4717,-0.422085,1.04337,0.991209
-5.47668,-0.441431,1.04432,1.02764
-5.48166,-0.460777,1.04526,1.06408
-5.48665,-0.480124,1.04621,1.10051
-5.49163,-0.49947,1.04716,1.13695
-5.49661,-0.518816,1.0481,1.17338
-5.50159,-0.538163,1.04905,1.20982
-5.50657,-0.557509,1.05,1.24625
-5.51156,-0.576855,1.05095,1.28268
-5.51654,-0.596201,1.05189,1.31912
-5.52152,-0.615548,1.05284,1.35555
-5.5265,-0.634894,1.05379,1.39199
-5.53149,-0.65424,1.05473,1.42842
-5.53647,-0.673587,1.05568,1.46486
-5.54145,-0.692933,1.05663,1.50129
-5.54643,-0.712279,1.05757,1.53772
-5.55142,-0.731626,1.05852,1.57416
-5.5564,-0.750972,1.05947,1.61059
-5.56138,-0.770318,1.06042,1.64703
-5.56636,-0.789664,1.06136,1.68346
-5.57135,-0.809011,1.06231,1.7199
-5.57633,-0.828357,1.06326,1.75633
-5.58131,-0.847703,1.0642,1.79276
-5.58629,-0.86705,1.06515,1.8292
-5.59128,-0.886396,1.0661,1.86563
-5.59626,-0.905742,1.06705,1.90207
-5.60124,-0.925088,1.06799,1.9385
-5.60622,-0.944435,1.06894,1.97494
-5.6112,-0.963781,1.06989,2.01137
-5.61619,-0.983127,1.07083,2.0478
-5.62117,-1.00247,1.07178,2.08424
-5.62615,-1.02182,1.07273,2.12067
-5.63113,-1.04117,1.07368,2.15711
-5.63612,-1.06051,1.07462,2.19354
-5.6411,-1.07986,1.07557,2.22998
-5.65012,-1.09711,1.07099,2.21197
-5.65914,-1.11436,1.06641,2.19396
-5.66817,-1.13161,1.06182,2.17596
-5.67719,-1.14886,1.05724,2.15795
-5.68621,-1.16611,1.05266,2.13994
-5.69524,-1.18336,1.04808,2.12194
-5.70426,-1.20061,1.0435,2.10393
-5.71328,-1.21787,1.03892,2.08592
-5.72231,-1.23512,1.03433,2.06792
-5.73133,-1.25237,1.02975,2.04991
-5.74035,-1.26962,1.02517,2.03191
-5.74938,-1.28687,1.02059,2.0139
-5.7584,-1.30412,1.01601,1.99589
-5.76742,-1.32137,1.01143,1.97789
-5.77645,-1.33862,1.00684,1.95988
-5.78547,-1.35587,1.00226,1.94187
-5.79449,-1.37312,0.997681,1.92387
-5.80351,-1.39037,0.9931,1.90586
-5.81254,-1.40763,0.988518,1.88785
-5.82156,-1.42488,0.983936,1.86985
-5.83058,-1.44213,0.979355,1.85184
-5.83961,-1.45938,0.974773,1.83383
-5.84863,-1.47663,0.970191,1.81583
-5.85765,-1.49388,0.96561,1.79782
-5.86668,-1.51113,0.961028,1.77981
-5.8757,-1.52838,0.956446,1.76181
-5.88472,-1.54563,0.951865,1.7438
-5.89375,-1.56288,0.947283,1.7258
-5.90277,-1.58013,0.942702,1.70779
-5.91179,-1.59738,0.93812,1.68978
-5.92081,-1.61464,0.933538,1.67178
-5.92984,-1.63189,0.928957,1.65377
-5.93886,-1.64914,0.924375,1.63576
-5.94788,-1.66639,0.919793,1.61776
-5.95691,-1.68364,0.915212,1.59975
-5.96593,-1.70089,0.91063,1.58174
-5.97495,-1.71814,0.906048,1.56374
-5.98398,-1.73539,0.901467,1.54573
-5.993,-1.75264,0.896885,1.52772
-6.00202,-1.76989,0.892303,1.50972
-6.01105,-1.78714,0.887722,1.49171
-6.02007,-1.8044,0.88314,1.4737
-6.02909,-1.82165,0.878558,1.4557
-6.03811,-1.8389,0.873977,1.43769
-6.04714,-1.85615,0.869395,1.41969
-6.05616,-1.8734,0.864813,1.40168
-6.06518,-1.89065,0.860232,1.38367
-6.07421,-1.9079,0.85565,1.36567
-6.08323,-1.92515,0.851068,1.34766
-6.09225,-1.9424,0.846487,1.32965
-6.07576,-1.95371,0.846174,1.37637
-6.05926,-1.96501,0.845861,1.42309
-6.04277,-1.97631,0.845548,1.46981
-6.02627,-1.98762,0.845235,1.51653
-6.00977,-1.99892,0.844921,1.56325
-5.99328,-2.01023,0.844608,1.60997
-5.97678,-2.02153,0.844295,1.65669
-5.96029,-2.03284,0.843982,1.7034
-5.94379,-2.04414,0.843669,1.75012
-5.92729,-2.05545,0.843356,1.79684
-5.9108,-2.06675,0.843043,1.84356
-5.8943,-2.07805,0.84273,1.89028
-5.87781,-2.08936,0.842417,1.937
-5.86131,-2.10066,0.842104,1.98372
-5.84481,-2.11197,0.841791,2.03044
-5.82832,-2.12327,0.841478,2.07716
-5.81182,-2.13458,0.841165,2.12387
-5.79533,-2.14588,0.840851,2.17059
-5.77883,-2.15718,0.840538,2.21731
-5.76233,-2.16849,0.840225,2.26403
-5.74584,-2.17979,0.839912,2.31075
-5.72934,-2.1911,0.839599,2.35747
-5.71285,-2.2024,0.839286,2.40419
-5.69635,-2.21371,0.838973,2.45091
-5.67986,-2.22501,0.83866,2.49762
-5.66336,-2.23631,0.838347,2.54434
-5.64686,-2.24762,0.838034,2.59106
-5.63037,-2.25892,0.837721,2.63778
-5.61387,-2.27023,0.837408,2.6845
-5.59738,-2.28153,0.837095,2.73122
-5.58088,-2.29284,0.836781,2.77794
-5.56438,-2.30414,0.836468,2.82466
-5.54789,-2.31544,0.836155,2.87138
-5.53139,-2.32675,0.835842,2.91809
-5.5149,-2.33805,0.835529,2.96481
-5.4984,-2.34936,0.835216,3.01153
-5.4819,-2.36066,0.834903,3.05825
-5.46541,-2.37197,0.83459,3.10497
-5.44891,-2.38327,0.834277,-3.1315
-5.43242,-2.39457,0.833964,-3.08478
-5.41592,-2.40588,0.833651,-3.03806
-5.39942,-2.41718,0.833338,-2.99134
-5.38293,-2.42849,0.833025,-2.94462
-5.36643,-2.43979,0.832711,-2.8979
-5.34994,-2.4511,0.832398,-2.85118
-5.33344,-2.4624,0.832085,-2.80446
-5.31695,-2.4737,0.831772,-2.75775
-5.30045,-2.48501,0.831459,-2.71103
-5.28395,-2.49631,0.831146,-2.66431
-5.26746,-2.50762,0.830833,-2.61759
-5.26723,-2.52756,0.83226,-2.66448
-5.26699,-2.54751,0.833688,-2.71137
-5.26676,-2.56746,0.835115,-2.75826
-5.26653,-2.58741,0.836542,-2.80515
-5.2663,-2.60735,0.83797,-2.85204
-5.26606,-2.6273,0.839397,-2.89893
-5.26583,-2.64725,0.840824,-2.94582
-5.2656,-2.6672,0.842251,-2.99271
-5.26537,-2.68715,0.843679,-3.0396
-5.26514,-2.70709,0.845106,-3.08649
-5.2649,-2.72704,0.846533,-3.13338
-5.26467,-2.74699,0.847961,3.10291
-5.26444,-2.76694,0.849388,3.05602
-5.26421,-2.78688,0.850815,3.00913
-5.26398,-2.80683,0.852243,2.96224
-5.26374,-2.82678,0.85367,2.91535
-5.26351,-2.84673,0.855097,2.86846
-5.26328,-2.86667,0.856525,2.82157
-5.26305,-2.88662,0.857952,2.77468
-5.26282,-2.90657,0.859379,2.72779
-5.26258,-2.92652,0.860806,2.6809
-5.26235,-2.94647,0.862234,2.634
-5.26212,-2.96641,0.863661,2.58711
-5.26189,-2.98636,0.865088,2.54022
-5.26165,-3.00631,0.866516,2.49333
-5.26142,-3.02626,0.867943,2.44644
-5.26119,-3.0462,0.86937,2.39955
-5.26096,-3.06615,0.870798,2.35266
-5.26073,-3.0861,0.872225,2.30577
-5.26049,-3.10605,0.873652,2.25888
-5.26026,-3.12599,0.87508,2.21199
-5.26003,-3.14594,0.876507,2.1651
-5.2598,-3.16589,0.877934,2.11821
-5.25957,-3.18584,0.879362,2.07132
-5.25933,-3.20578,0.880789,2.02443
-5.2591,-3.22573,0.882216,1.97754
-5.25887,-3.24568,0.883643,1.93065
-5.25864,-3.26563,0.885071,1.88376
-5.2584,-3.28558,0.886498,1.83687
-5.25817,-3.30552,0.887925,1.78998
-5.25794,-3.32547,0.889353,1.74308
-5.25771,-3.34542,0.89078,1.69619
-5.25748,-3.36537,0.892207,1.6493
-5.25724,-3.38531,0.893635,1.60241
-5.25701,-3.40526,0.895062,1.55552
-5.25678,-3.42521,0.896489,1.50863
-5.25655,-3.44516,0.897917,1.46174
-5.25632,-3.4651,0.899344,1.41485
-5.25608,-3.48505,0.900771,1.36796
-5.25585,-3.505,0.902198,1.32107
-5.27236,-3.51629,0.901797,1.37309
-5.28886,-3.52758,0.901395,1.42511
-5.30536,-3.53887,0.900994,1.47713
-5.32187,-3.55016,0.900592,1.52915
-5.33837,-3.56145,0.900191,1.58117
-5.35487,-3.57274,0.899789,1.63319
-5.37138,-3.58403,0.899388,1.68521
-5.38788,-3.59532,0.898986,1.73723
-5.40438,-3.60661,0.898585,1.78925
-5.42089,-3.6179,0.898183,1.84127
-5.43739,-3.62919,0.897781,1.89329
-5.4539,-3.64048,0.89738,1.94531
-5.4704,-3.65177,0.896978,1.99733
-5.4869,-3.66306,0.896577,2.04935
-5.50341,-3.67435,0.896175,2.10137
-5.51991,-3.68564,0.895774,2.15339
-5.53641,-3.69693,0.895372,2.20541
-5.55292,-3.70822,0.894971,2.25743
-5.56942,-3.71951,0.894569,2.30945
-5.58592,-3.7308,0.894168,2.36147
-5.60243,-3.74209,0.893766,2.41349
-5.61893,-3.75338,0.893364,2.46552
-5.63544,-3.76467,0.892963,2.51754
-5.65194,-3.77596,0.892561,2.56956
-5.66844,-3.78725,0.89216,2.62158
-5.68495,-3.79854,0.891758,2.6736
-5.70145,-3.80983,0.891357,2.72562
-5.71795,-3.82112,0.890955,2.77764
-5.73446,-3.83241,0.890554,2.82966
-5.75096,-3.8437,0.890152,2.88168
-5.76746,-3.855,0.889751,2.9337
-5.78397,-3.86629,0.889349,2.98572
-5.80047,-3.87758,0.888947,3.03774
-5.81698,-3.88887,0.888546,3.08976
-5.83348,-3.90016,0.888144,-3.14141
-5.84998,-3.91145,0.887743,-3.08939
-5.86649,-3.92274,0.887341,-3.03737
-5.88299,-3.93403,0.88694,-2.98535
-5.89949,-3.94532,0.886538,-2.93333
-5.916,-3.95661,0.886137,-2.88131
-5.9325,-3.9679,0.885735,-2.82929
-5.949,-3.97919,0.885334,-2.77727
-5.96551,-3.99048,0.884932,-2.72525
-5.98201,-4.00177,0.88453,-2.67323
-5.99852,-4.01306,0.884129,-2.62121
-6.01502,-4.02435,0.883727,-2.56918
-6.03152,-4.03564,0.883326,-2.51716
-6.04803,-4.04693,0.882924,-2.46514
-6.06453,-4.05822,0.882523,-2.41312
-6.08103,-4.06951,0.882121,-2.3611
-6.08997,-4.08711,0.885304,-2.40824
-6.09891,-4.10472,0.888487,-2.45537
-6.10785,-4.12233,0.89167,-2.50251
-6.11679,-4.13993,0.894853,-2.54964
-6.12573,-4.15754,0.898036,-2.59677
-6.13467,-4.17514,0.901219,-2.64391
-6.14361,-4.19275,0.904402,-2.69104
-6.15255,-4.21035,0.907585,-2.73817
-6.16149,-4.22796,0.910768,-2.78531
-6.17043,-4.24556,0.913951,-2.83244
-6.17937,-4.26317,0.917133,-2.87957
-6.18831,-4.28078,0.920316,-2.92671
-6.19725,-4.29838,0.923499,-2.97384
-6.20619,-4.31599,0.926682,-3.02098
-6.21512,-4.33359,0.929865,-3.06811
-6.22406,-4.3512,0.933048,-3.11524
-6.233,-4.3688,0.936231,3.12081
-6.24194,-4.38641,0.939414,3.07367
-6.25088,-4.40401,0.942597,3.02654
-6.25982,-4.42162,0.94578,2.97941
-6.26876,-4.43923,0.948963,2.93227
-6.2777,-4.45683,0.952146,2.88514
-6.28664,-4.47444,0.955329,2.83801
-6.29558,-4.49204,0.958512,2.79087
-6.30452,-4.50965,0.961695,2.74374
-6.31346,-4.52725,0.964878,2.6966
-6.3224,-4.54486,0.968061,2.64947
-6.33134,-4.56246,0.971243,2.60234
-6.34028,-4.58007,0.974426,2.5552
-6.34922,-4.59768,0.977609,2.50807
-6.35816,-4.61528,0.980792,2.46094
-6.36709,-4.63289,0.983975,2.4138
-6.37603,-4.65049,0.987158,2.36667
-6.38497,-4.6681,0.990341,2.31954
-6.39391,-4.6857,0.993524,2.2724
-6.40285,-4.70331,0.996707,2.22527
-6.41179,-4.72091,0.99989,2.17813
-6.42073,-4.73852,1.00307,2.131
-6.42967,-4.75613,1.00626,2.08387
-6.43861,-4.77373,1.00944,2.03673
-6.44755,-4.79134,1.01262,1.9896
-6.45649,-4.80894,1.0158,1.94247
-6.46543,-4.82655,1.01899,1.89533
-6.47437,-4.84415,1.02217,1.8482
-6.48331,-4.86176,1.02535,1.80106
-6.49225,-4.87936,1.02854,1.75393
-6.50119,-4.89697,1.03172,1.7068
-6.51012,-4.91458,1.0349,1.65966
-6.51906,-4.93218,1.03809,1.61253
-6.528,-4.94979,1.04127,1.5654
-6.53076,-4.95975,1.05839,1.53925
-6.53352,-4.96972,1.07551,1.51311
-6.53628,-4.97969,1.09262,1.48696
-6.53904,-4.98966,1.10974,1.46082
-6.5418,-4.99962,1.12686,1.43467
-6.54456,-5.00959,1.14398,1.40853
-6.54732,-5.01956,1.1611,1.38238
-6.55008,-5.02952,1.17822,1.35624
-6.55284,-5.03949,1.19533,1.3301
-6.55559,-5.04946,1.21245,1.30395
-6.55835,-5.05943,1.22957,1.27781
-6.56111,-5.06939,1.24669,1.25166
-6.56387,-5.07936,1.26381,1.22552
-6.56663,-5.08933,1.28093,1.19937
-6.56939,-5.0993,1.29805,1.17323
-6.57215,-5.10926,1.31516,1.14708
-6.57491,-5.11923,1.33228,1.12094
-6.57767,-5.1292,1.3494,1.0948
-6.58043,-5.13916,1.36652,1.06865
-6.58319,-5.14913,1.38364,1.04251
-6.58594,-5.1591,1.40076,1.01636
-6.5887,-5.16907,1.41787,0.990218
-6.59146,-5.17903,1.43499,0.964073
-6.59422,-5.189,1.45211,0.937929
-6.59698,-5.19897,1.46923,0.911784
-6.59974,-5.20893,1.48635,0.88564
-6.6025,-5.2189,1.50347,0.859495
-6.60526,-5.22887,1.52059,0.833351
-6.60802,-5.23884,1.5377,0.807206
-6.61078,-5.2488,1.55482,0.781062
-6.61354,-5.25877,1.57194,0.754917
-6.61629,-5.26874,1.58906,0.728773
-6.61905,-5.2787,1.60618,0.702628
-6.62181,-5.28867,1.6233,0.676484
-6.62457,-5.29864,1.64042,0.650339
-6.62733,-5.30861,1.65753,0.624195
-6.63009,-5.31857,1.67465,0.598051
-6.63285,-5.32854,1.69177,0.571906
-6.63561,-5.33851,1.70889,0.545762
-6.63837,-5.34847,1.72601,0.519617
-6.64113,-5.35844,1.74313,0.493473
-6.64389,-5.36841,1.76024,0.467328
-6.64664,-5.37838,1.77736,0.441184
-6.6494,-5.38834,1.79448,0.415039
-6.65216,-5.39831,1.8116,0.388895
-6.65492,-5.40828,1.82872,0.36275
-6.65768,-5.41824,1.84584,0.336606
-6.66044,-5.42821,1.86296,0.310461
-6.6632,-5.43818,1.88007,0.284317
-6.66596,-5.44815,1.89719,0.258172
-6.66069,-5.46675,1.89209,0.257619
-6.65542,-5.48536,1.88699,0.257065
-6.65015,-5.50397,1.88189,0.256511
-6.64488,-5.52257,1.87679,0.255957
-6.63961,-5.54118,1.87169,0.255403
-6.63434,-5.55979,1.86659,0.25485
-6.62907,-5.57839,1.86149,0.254296
-6.6238,-5.597,1.85639,0.253742
-6.61853,-5.61561,1.85129,0.253188
-6.61326,-5.63422,1.84619,0.252634
-6.60799,-5.65282,1.84109,0.25208
-6.60272,-5.67143,1.83599,0.251527
-6.59745,-5.69004,1.83089,0.250973
-6.59218,-5.70864,1.82579,0.250419
-6.58691,-5.72725,1.82069,0.249865
-6.58164,-5.74586,1.81559,0.249311
-6.57637,-5.76446,1.81049,0.248758
-6.5711,-5.78307,1.80539,0.248204
-6.56583,-5.80168,1.80029,0.24765
-6.56056,-5.82028,1.79519,0.247096
-6.55529,-5.83889,1.79009,0.246542
-6.55002,-5.8575,1.78499,0.245989
-6.54475,-5.8761,1.77989,0.245435
-6.53948,-5.89471,1.77479,0.244881
-6.53421,-5.91332,1.76969,0.244327
-6.52894,-5.93193,1.76459,0.243773
-6.52367,-5.95053,1.75949,0.243219
-6.5184,-5.96914,1.75439,0.242666
-6.51313,-5.98775,1.74929,0.242112
-6.50786,-6.00635,1.74419,0.241558
-6.50259,-6.02496,1.73909,0.241004
-6.49732,-6.04357,1.73399,0.24045
-6.49205,-6.06217,1.72889,0.239897
-6.48678,-6.08078,1.72379,0.239343
-6.48151,-6.09939,1.71869,0.238789
-6.47624,-6.11799,1.71359,0.238235
-6.47097,-6.1366,1.70849,0.237681
-6.46569,-6.15521,1.70339,0.237128
-6.46042,-6.17382,1.69829,0.236574
-6.45515,-6.19242,1.69319,0.23602
-6.44988,-6.21103,1.68809,0.235466
-6.44461,-6.22964,1.68299,0.234912
-6.43934,-6.24824,1.67789,0.234358
-6.43407,-6.26685,1.67279,0.233805
-6.4288,-6.28546,1.66769,0.233251
-6.42353,-6.30406,1.66259,0.232697
-6.41826,-6.32267,1.65749,0.232143
-6.41299,-6.34128,1.65239,0.231589
-6.40772,-6.35988,1.64729,0.231036
-6.40245,-6.37849,1.64219,0.230482
-6.38686,-6.36633,1.63922,0.248056
-6.37126,-6.35417,1.63624,0.265631
-6.35566,-6.34201,1.63326,0.283206
-6.34007,-6.32985,1.63028,0.300781
-6.32447,-6.31769,1.6273,0.318355
-6.30887,-6.30553,1.62433,0.33593
-6.29328,-6.29337,1.62135,0.353505
-6.27768,-6.28121,1.61837,0.37108
-6.26208,-6.26905,1.61539,0.388654
-6.24649,-6.25689,1.61241,0.406229
-6.23089,-6.24473,1.60944,0.423804
-6.21529,-6.23257,1.60646,0.441378
-6.1997,-6.22041,1.60348,0.458953
-6.1841,-6.20825,1.6005,0.476528
-6.1685,-6.19608,1.59752,0.494103
-6.15291,-6.18392,1.59455,0.511677
-6.13731,-6.17176,1.59157,0.529252
-6.12171,-6.1596,1.58859,0.546827
-6.10612,-6.14744,1.58561,0.564402
-6.09052,-6.13528,1.58263,0.581976
-6.07492,-6.12312,1.57966,0.599551
-6.05933,-6.11096,1.57668,0.617126