-3.88685e-11,1.15919e-11,0.13,-9.78104e-18
-3.88685e-11,1.15919e-11,0.13,-1.23036e-17
-2.76773e-11,2.48133e-11,0.13,-1.50309e-17
-3.88685e-11,1.15919e-11,0.13,-1.71984e-17
-2.76773e-11,2.48133e-11,0.13,-1.99202e-17
-3.88685e-11,1.15919e-11,0.13,-2.20865e-17
-2.76773e-11,2.48133e-11,0.13,-2.47805e-17
-3.88685e-11,1.15919e-11,0.13,-2.69809e-17
-2.76773e-11,2.48133e-11,0.13,-2.96686e-17
-3.88685e-11,1.15919e-11,0.13,-3.18547e-17
-2.76773e-11,2.48133e-11,0.13,-3.45099e-17
-3.88685e-11,1.15919e-11,0.13,-3.66886e-17
-2.76773e-11,2.48133e-11,0.13,-3.93338e-17
-3.88685e-11,1.15919e-11,0.13,-4.15152e-17
-3.88685e-11,1.15919e-11,0.13,-4.40504e-17
-3.88685e-11,1.15919e-11,0.13,-4.64049e-17
-2.76773e-11,2.48133e-11,0.13,-4.90637e-17
-3.88686e-11,1.15919e-11,0.13,-5.12411e-17
-2.7764e-11,2.40313e-11,0.13,-5.3721e-17
0.00528911,1.06844e-06,0.18828,-3.83343e-07
0.0434117,2.53373e-05,0.328198,4.93831e-06
0.0922334,0.000133807,0.491968,1.03086e-05
0.111157,0.000233232,0.582665,8.99286e-06
0.123381,0.000268688,0.681471,-0.00589003
0.125251,-0.00275831,0.770323,-0.0427014
0.123099,-0.0067125,0.803375,-0.0782199
0.121215,-0.0128452,0.823038,-0.128181
0.121624,-0.0189472,0.828334,-0.183686
0.123003,-0.0282357,0.82682,-0.251873
0.123363,-0.0382816,0.822343,-0.322534
0.122692,-0.0467404,0.817359,-0.386683
0.121828,-0.0520835,0.814906,-0.435257
0.118179,-0.065293,0.811211,-0.548606
0.113929,-0.0738595,0.809389,-0.618545
0.108434,-0.0817436,0.807732,-0.689334
0.102428,-0.0889352,0.807965,-0.768867
0.0948403,-0.0976657,0.807955,-0.856144
0.0826029,-0.108101,0.807379,-0.969067
0.068386,-0.11708,0.808217,-1.1015
0.0680159,-0.117313,0.80824,-1.10486
0.0474372,-0.127498,0.808051,-1.26711
0.0470158,-0.12764,0.808027,-1.2702
0.0271845,-0.132741,0.808395,-1.42958
0.0267597,-0.132844,0.808405,-1.43292
-0.00100834,-0.135698,0.807467,-1.63095
-0.0014037,-0.135679,0.807433,-1.63377
-0.00179598,-0.135658,0.8074,-1.63658
-0.0288826,-0.13284,0.808278,-1.8431
-0.0293447,-0.132745,0.808264,-1.84634
-0.0572254,-0.122826,0.808391,-2.0668
-0.0576427,-0.122654,0.808401,-2.07012
-0.0580627,-0.12248,0.808411,-2.07345
-0.0860754,-0.104531,0.80803,-2.31387
-0.0863555,-0.10429,0.808065,-2.31704
-0.0866381,-0.104046,0.8081,-2.32023
-0.11164,-0.077008,0.807391,-2.58851
-0.111838,-0.0766891,0.807405,-2.59133
-0.112033,-0.0763723,0.80743,-2.59418
-0.112226,-0.0760574,0.807463,-2.59704
-0.129692,-0.0396363,0.807352,-2.89716
-0.129789,-0.0392642,0.807347,-2.89992
-0.129885,-0.0388973,0.807378,-2.90267
-0.129982,-0.0385373,0.807442,-2.90541
-0.509836,-0.387793,0.793986,-3.08959
-0.513543,-0.391308,0.794035,-3.09055
-0.517173,-0.394758,0.794091,-3.0915
-0.520729,-0.398144,0.794153,-3.09243
-0.632851,-0.499311,0.803677,3.13589
-0.632856,-0.499314,0.803663,3.13591
-0.63286,-0.499317,0.80365,3.13594
-0.632865,-0.49932,0.803636,3.13596
-0.63287,-0.499324,0.803623,3.13599
-0.632875,-0.499327,0.80361,3.13602
-0.63288,-0.499331,0.803597,3.13604
-0.632885,-0.499335,0.803584,3.13607
-0.632889,-0.499339,0.803571,3.1361
-0.633125,-0.499661,0.802952,3.13889
-0.633126,-0.499663,0.802949,3.13892
-0.633126,-0.499665,0.802946,3.13895
-0.633127,-0.499667,0.802944,3.13898
-0.633123,-0.499872,0.802871,3.14115
-0.633123,-0.499874,0.802872,3.14116
-0.633122,-0.499875,0.802872,3.14117
-0.633122,-0.499877,0.802872,3.14118
-0.766494,-0.496903,0.849403,-3.08634
-0.768752,-0.496815,0.850058,-3.0847
-0.771008,-0.496725,0.850714,-3.08303
-0.773259,-0.496632,0.851369,-3.08134
-0.775507,-0.496536,0.852024,-3.07962
-0.777751,-0.496438,0.852678,-3.07788
-0.779991,-0.496336,0.853333,-3.07611
-0.782227,-0.496231,0.853988,-3.07431
-0.977581,-0.479283,0.910534,-2.78863
-0.979339,-0.479134,0.911009,-2.78488
-0.981095,-0.478986,0.911483,-2.78112
-0.982847,-0.47884,0.911955,-2.77734
-1.13414,-0.46995,0.952524,-2.38246
-1.13561,-0.469846,0.952938,-2.37796
-1.13708,-0.46974,0.953352,-2.37345
-1.13854,-0.469632,0.953766,-2.36894
-1.24042,-0.457612,0.984425,-2.03208
-1.24174,-0.457374,0.984846,-2.02739
-1.24306,-0.457134,0.985268,-2.0227
-1.34994,-0.426229,1.02149,-1.61435
-1.35113,-0.425733,1.02191,-1.60963
-1.35233,-0.425234,1.02233,-1.60492
-1.35352,-0.424732,1.02275,-1.6002
-1.43523,-0.384175,1.0509,-1.28188
-1.43633,-0.383539,1.05125,-1.27744
-1.43742,-0.382905,1.0516,-1.27302
-1.47364,-0.335271,1.06556,-0.900656
-1.47349,-0.335068,1.06556,-0.898961
-1.47333,-0.334867,1.06555,-0.897285
-1.47318,-0.334669,1.06555,-0.89563
-1.47303,-0.334473,1.06555,-0.893994
-1.47182,-0.323105,1.06924,-0.821758
-1.47221,-0.322773,1.06944,-0.820868
-1.61287,-0.246847,1.1115,-0.781009
-1.6146,-0.246002,1.11198,-0.781074
-1.61633,-0.245155,1.11245,-0.781143
-1.61806,-0.244306,1.11293,-0.781218
-1.61979,-0.243457,1.11342,-0.781298
-1.7238,-0.193288,1.14201,-0.793013
-1.72555,-0.192458,1.1425,-0.793304
-1.8125,-0.151672,1.16666,-0.810019
-1.81425,-0.150862,1.16715,-0.810388
-1.92126,-0.101404,1.19686,-0.833647
-1.92307,-0.100574,1.19736,-0.834045
-1.92487,-0.0997434,1.19785,-0.834444
-2.03033,-0.0513749,1.22667,-0.857877
-2.03209,-0.0505672,1.22715,-0.858271
-2.14209,-0.000250433,1.25739,-0.882381
-2.14388,0.000567517,1.25788,-0.882765
-2.14567,0.00138595,1.25837,-0.88315
-2.25431,0.0512596,1.28773,-0.906026
-2.256,0.052041,1.28815,-0.906381
-2.34395,0.0910057,1.30837,-0.937527
-2.34397,0.0910052,1.30838,-0.93761
-2.34399,0.0910042,1.30838,-0.937691
-2.34401,0.0910029,1.30839,-0.937771
-2.34403,0.0910011,1.30839,-0.93785
-2.34405,0.090999,1.30839,-0.937928
-2.34815,0.092782,1.31099,-0.941035
-2.34846,0.0929889,1.31114,-0.941083
-2.39033,0.130325,1.3273,-0.943217
-2.39143,0.13138,1.32768,-0.943247
-2.46842,0.208569,1.35376,-0.944698
-2.46977,0.209943,1.35421,-0.944717
-2.47111,0.211319,1.35466,-0.944737
-2.54568,0.288373,1.37995,-0.945688
-2.54704,0.289785,1.38041,-0.945703
-2.6266,0.372575,1.40763,-0.946583
-2.62794,0.373966,1.40809,-0.946597
-2.62927,0.375357,1.40855,-0.946612
-2.71831,0.468064,1.43925,-0.947566
-2.71966,0.469472,1.43972,-0.947581
-2.81588,0.569628,1.47275,-0.948637
-2.81723,0.571036,1.47321,-0.948652
-2.81858,0.572444,1.47368,-0.948668
-2.91682,0.674717,1.50739,-0.949792
-2.91816,0.676111,1.50786,-0.949807
-2.91951,0.677506,1.50833,-0.949823
-3.00248,0.764177,1.53419,-0.950875
-3.00312,0.764841,1.53437,-0.950885
-3.00375,0.765491,1.53454,-0.950896
-3.02134,0.783904,1.53931,-0.951352
-3.02144,0.784016,1.53934,-0.951357
-3.02154,0.784123,1.53937,-0.951363
-3.02658,0.801643,1.54324,-0.930061
-3.02668,0.802486,1.5433,-0.928993
-3.02678,0.803353,1.54335,-0.927892
-3.03044,0.914269,1.54215,-0.774432
-3.0304,0.916366,1.54205,-0.771192
-3.02263,1.08847,1.53106,-0.469978
-3.0225,1.09097,1.53088,-0.465228
-3.02237,1.09347,1.53071,-0.460464
-3.04405,1.52182,1.504,0.408566
-3.04455,1.52458,1.50384,0.414412
-3.04505,1.52733,1.50368,0.420262
-3.04555,1.53008,1.50353,0.426115
-3.04606,1.53283,1.50337,0.431973
-3.04658,1.53558,1.50321,0.437836
-3.0471,1.53832,1.50306,0.443702
-3.08396,1.68953,1.49415,0.775171
-3.15912,1.89107,1.48139,1.26515
-3.16014,1.89334,1.48124,1.27107
-3.16117,1.89559,1.48109,1.27697
-3.16219,1.89784,1.48094,1.28286
-3.16322,1.90008,1.48079,1.28874
-3.25598,2.0109,1.47187,1.8867
-3.25625,2.01082,1.47183,1.88894
-3.25652,2.01074,1.4718,1.89116
-3.25679,2.01066,1.47177,1.89335
-3.25706,2.01058,1.47174,1.89552
-3.25732,2.01049,1.47171,1.89766
-3.28864,2.01771,1.47473,2.01461
-3.28956,2.01817,1.47489,2.01564
-3.29049,2.01864,1.47506,2.01665
-3.40114,2.06824,1.49936,2.06298
-3.4029,2.06898,1.4998,2.06326
-3.40465,2.06971,1.50024,2.06354
-3.5258,2.11974,1.53321,2.07019
-3.5276,2.1205,1.53371,2.07016
-3.63135,2.1651,1.56303,2.06463
-3.63312,2.16587,1.56353,2.0645
-3.63488,2.16664,1.56404,2.06436
-3.74418,2.21473,1.59462,2.05473
-3.74595,2.21552,1.59511,2.05456
-3.74771,2.2163,1.5956,2.0544
-3.88027,2.2753,1.63195,2.04235
-3.88204,2.27608,1.63243,2.0422
-3.8838,2.27687,1.63291,2.04205
-4.00457,2.33062,1.66589,2.03198
-4.00632,2.33141,1.66637,2.03184
-4.00807,2.3322,1.66685,2.0317
-4.14987,2.39492,1.70503,2.01851
-4.15014,2.39503,1.70512,2.01845
-4.15039,2.39514,1.70521,2.01838
-4.15063,2.39525,1.7053,2.01832
-4.15936,2.39823,1.70945,2.01811
-4.1597,2.39822,1.70959,2.01829
-4.16006,2.3982,1.70973,2.01848
-4.19925,2.37928,1.72227,2.045
-4.20042,2.37849,1.72262,2.0459
-4.27391,2.3213,1.74476,2.11337
-4.27549,2.31997,1.74524,2.11504
-4.38701,2.22395,1.77914,2.25187
-4.38867,2.22251,1.77965,2.25417
-4.39034,2.22107,1.78015,2.25647
-4.50902,2.11593,1.81618,2.43266
-4.51069,2.1144,1.81669,2.43527
-4.51236,2.11288,1.81719,2.43789
-4.58699,2.04331,1.84,2.55779
-4.6853,1.94743,1.87033,2.7214
-4.68689,1.94583,1.87083,2.72414
-4.68849,1.94422,1.87133,2.72687
-4.76878,1.86189,1.89685,2.86638
-4.77033,1.86027,1.89735,2.86912
-4.84197,1.78378,1.92081,2.9972
-4.84348,1.78214,1.92131,2.99993
-4.94772,1.65724,1.95579,-3.05177
-4.94803,1.65672,1.95591,-3.05019
-4.94832,1.65622,1.95604,-3.04863
-4.94861,1.65573,1.95616,-3.04708
-4.95438,1.64398,1.95903,-3.00193
-4.96771,1.62124,1.9546,-2.96547
-4.96824,1.6204,1.95433,-2.96496
-5.00015,1.57027,1.93666,-2.95656
-5.00103,1.5689,1.93615,-2.95666
-5.04409,1.50181,1.90988,-2.97294
-5.04509,1.50027,1.90926,-2.97352
-5.08545,1.43875,1.88336,-3.00302
-5.13092,1.37095,1.85329,-3.04675
-5.13193,1.36946,1.85263,-3.04781
-5.16193,1.32559,1.83275,-3.08064
-5.16292,1.32414,1.83209,-3.08177
-5.19464,1.27772,1.81105,-3.11864
-5.23016,1.22587,1.78741,3.12186
-5.25788,1.18546,1.76911,3.08839
-5.28619,1.1439,1.75025,3.05365
-5.28717,1.14246,1.7496,3.05246
-5.31254,1.10497,1.73259,3.02133
-5.34097,1.06276,1.71345,2.98663
-5.37918,1.00576,1.6878,2.94025
-5.41816,0.947761,1.66254,2.89236
-5.41898,0.946574,1.66204,2.89131
-5.45186,0.900435,1.64033,2.83043
-5.45199,0.900272,1.6402,2.82984
-5.45211,0.900116,1.64008,2.82926
-5.4548,0.896185,1.63551,2.80439
-5.45484,0.895987,1.63534,2.80367
-5.4543,0.877246,1.62299,2.76001
-5.45421,0.876477,1.62252,2.75842
-5.44765,0.836182,1.59738,2.6729
-5.43374,0.776641,1.55687,2.52303
-5.43338,0.775348,1.55592,2.51934
-5.40953,0.709207,1.50551,2.30978
-5.40897,0.70791,1.50451,2.30532
-5.37394,0.636584,1.4501,2.04997
-5.37321,0.635217,1.4491,2.04502
-5.31461,0.528735,1.37766,1.67557
-5.31375,0.527149,1.37668,1.6703
-5.31288,0.525561,1.37569,1.66503
-5.24576,0.394702,1.30275,1.26852
-5.24487,0.39278,1.30177,1.26312
-5.24398,0.390857,1.3008,1.25773
-5.18121,0.239647,1.2285,0.856117
-5.18041,0.23743,1.22752,0.850658
-5.17962,0.235207,1.22654,0.845201
-5.12418,0.0358758,1.15211,0.249339
-5.1241,0.0354741,1.15203,0.246994
-5.12401,0.0350782,1.15194,0.244673
-5.12394,0.0346881,1.15186,0.242377
-5.12386,0.0343035,1.15179,0.240106
-5.12378,0.0339243,1.15171,0.237858
-5.10801,-0.00787946,1.15101,0.0880813
-5.10734,-0.00888606,1.15106,0.0860443
-5.10665,-0.00990805,1.15111,0.0839953
-5.10594,-0.0109453,1.15116,0.0819339
-5.00865,-0.132377,1.16245,-0.132526
-5.00724,-0.134091,1.16267,-0.13569
-5.00582,-0.135807,1.16288,-0.138866
-4.87994,-0.291679,1.18438,-0.461941
-4.87859,-0.293447,1.18463,-0.465931
-4.87725,-0.295214,1.18488,-0.469926
-4.87591,-0.296981,1.18513,-0.473928
-4.77318,-0.442608,1.20558,-0.825463
-4.77206,-0.444297,1.20582,-0.829771
-4.77094,-0.445984,1.20605,-0.834081
-4.68157,-0.585139,1.2261,-1.21051
-4.6806,-0.586674,1.22633,-1.21493
-4.67963,-0.588206,1.22656,-1.21934
-4.67867,-0.589735,1.2268,-1.22376
-4.60033,-0.709071,1.24646,-1.59889
-4.59944,-0.710358,1.24668,-1.60326
-4.59855,-0.71164,1.2469,-1.60762
-4.55785,-0.779271,1.25937,-1.99474
-4.55796,-0.779229,1.25937,-1.99677
-4.55808,-0.779184,1.25937,-1.99878
-4.5582,-0.779136,1.25937,-2.00077
-4.55832,-0.779084,1.25937,-2.00274
-4.56566,-0.789918,1.25982,-2.08961
-4.56573,-0.790708,1.25979,-2.08971
-4.56581,-0.791523,1.25975,-2.08978
-4.57244,-0.887166,1.25441,-2.02272
-4.57256,-0.889054,1.25431,-2.02071
-4.57267,-0.890949,1.2542,-2.01866
-4.57855,-1.03056,1.24713,-1.8235
-4.5786,-1.03265,1.24703,-1.82005
-4.57865,-1.03474,1.24692,-1.81657
-4.57748,-1.17571,1.23967,-1.55083
-4.57741,-1.17771,1.23956,-1.5467
-4.56935,-1.31742,1.2313,-1.22885
-4.56923,-1.31922,1.23118,-1.22444
-4.56911,-1.32101,1.23106,-1.22002
-4.56208,-1.43275,1.22339,-0.9275
-4.56201,-1.43434,1.22328,-0.923048
-4.56195,-1.43594,1.22317,-0.918595
-4.5616,-1.5563,1.21422,-0.566446
-4.56169,-1.55776,1.21411,-0.561978
-4.56177,-1.55923,1.21399,-0.557512
-4.57073,-1.64533,1.20427,-0.120886
-4.57082,-1.64507,1.20419,-0.116785
-4.57086,-1.64493,1.20415,-0.114766
-4.5709,-1.64478,1.20412,-0.112768
-4.57094,-1.64463,1.20408,-0.110791
-4.57098,-1.64448,1.20405,-0.108835
-4.56307,-1.65011,1.20699,0.00666288
-4.56253,-1.65073,1.20712,0.00774494
-4.56198,-1.65137,1.20726,0.00882056
-4.45789,-1.75631,1.23125,0.091676
-4.45524,-1.75891,1.23192,0.0931373
-4.45392,-1.76021,1.23225,0.0938651
-4.4526,-1.76151,1.23258,0.0945914
-4.33665,-1.87651,1.26323,0.155901
-4.3353,-1.87785,1.26358,0.156594
-4.33395,-1.87919,1.26393,0.157288
-4.3326,-1.88053,1.26428,0.157982
-4.21964,-1.99289,1.29327,0.217129
-4.21696,-1.99556,1.29395,0.218563
-4.21562,-1.9969,1.29429,0.219281
-4.09904,-2.11348,1.3236,0.282758
-4.09771,-2.11481,1.32394,0.283494
-4.09638,-2.11614,1.32427,0.28423
-4.09504,-2.11747,1.3246,0.284966
-3.98792,-2.22494,1.35114,0.344843
-3.98666,-2.2262,1.35143,0.345557
-3.9854,-2.22745,1.35172,0.346268
-3.93264,-2.28041,1.36439,0.383874
-3.93224,-2.28082,1.3645,0.384343
-3.93186,-2.28121,1.36461,0.384808
-3.92293,-2.29032,1.36745,0.403499
-3.92289,-2.29036,1.36747,0.403774
-3.91534,-2.29191,1.3697,0.426877
-3.91484,-2.2919,1.36975,0.427667
-3.83581,-2.26733,1.37184,0.544221
-3.83428,-2.26665,1.37186,0.546773
-3.83275,-2.26598,1.37189,0.549351
-3.72395,-2.21217,1.37463,0.771067
-3.72232,-2.2113,1.37467,0.774981
-3.7207,-2.21044,1.37472,0.778912
-3.61243,-2.15137,1.37766,1.08643
-3.61102,-2.1506,1.3777,1.09107
-3.6096,-2.14983,1.37774,1.09572
-3.51293,-2.09995,1.38018,1.44338
-3.51165,-2.09935,1.38021,1.44834
-3.51038,-2.09875,1.38023,1.4533
-3.4275,-2.06664,1.38222,1.78564
-3.42626,-2.06627,1.38225,1.79073
-3.3329,-2.04875,1.38463,2.16383
-3.33158,-2.04864,1.38466,2.16896
-3.33026,-2.04852,1.38469,2.17409
-3.25241,-2.04736,1.38634,2.46491
-3.25123,-2.04742,1.38634,2.46956
-3.25006,-2.04748,1.38635,2.47419
-3.21149,-2.0567,1.38516,2.68967
-3.21118,-2.05698,1.38512,2.69296
-3.19858,-2.07424,1.38505,2.84856
-3.19809,-2.07444,1.38512,2.85047
-3.19758,-2.07464,1.3852,2.85235
-3.12445,-2.07439,1.39469,2.92371
-3.12279,-2.0742,1.39489,2.92414
-3.00249,-2.05519,1.4085,2.91581
-3.00054,-2.05482,1.40871,2.91522
-2.99859,-2.05445,1.40893,2.91462
-2.84896,-2.0229,1.42542,2.84477
-2.84698,-2.02245,1.42564,2.84362
-2.84499,-2.02201,1.42586,2.84247
-2.67783,-1.98284,1.44442,2.73801
-2.67583,-1.98237,1.44464,2.7367
-2.67382,-1.98189,1.44486,2.73538
-2.52855,-1.94705,1.46091,2.64062
-2.52653,-1.94657,1.46113,2.63931
-2.52451,-1.94609,1.46136,2.638
-2.3652,-1.90843,1.47895,2.53689
-2.36313,-1.90795,1.47918,2.53561
-2.36106,-1.90746,1.47941,2.53433
-2.22083,-1.87496,1.49232,2.4367
-2.22013,-1.87477,1.49236,2.43591
-2.20161,-1.86848,1.4933,2.40436
-2.20146,-1.86842,1.49331,2.4039
-2.20132,-1.86835,1.49332,2.40345
-2.20119,-1.86829,1.49332,2.403
-2.17084,-1.84405,1.49397,2.3711
-2.16999,-1.8432,1.49393,2.3707
-2.16913,-1.84234,1.49389,2.37031
-2.16826,-1.84146,1.49385,2.36991
-2.06957,-1.7268,1.48615,2.3268
-2.06827,-1.7252,1.48603,2.32618
-2.06698,-1.72361,1.48591,2.32556
-1.93546,-1.55954,1.47283,2.25417
-1.93416,-1.55793,1.4727,2.2534
-1.93287,-1.55632,1.47257,2.25264
-1.93157,-1.55471,1.47244,2.25187
-1.93028,-1.5531,1.47231,2.2511
-1.81571,-1.41158,1.46096,2.18195
-1.8144,-1.40997,1.46083,2.18114
-1.81309,-1.40837,1.4607,2.18033
-1.69173,-1.26002,1.44878,2.10629
-1.6904,-1.25839,1.44865,2.10548
-1.68906,-1.25676,1.44852,2.10466
-1.68772,-1.25514,1.44839,2.10385
-1.56951,-1.11163,1.43714,2.03109
-1.56759,-1.10935,1.43697,2.02975
-1.56665,-1.10823,1.43689,2.02909
-1.56573,-1.10713,1.43681,2.02843
-1.52632,-1.06411,1.43288,1.97565
-1.5263,-1.0641,1.43288,1.97554
-1.52628,-1.06409,1.43287,1.97544
-1.52626,-1.06409,1.43287,1.97533
-1.52623,-1.06408,1.43286,1.97523
-1.52621,-1.06408,1.43286,1.97513
-1.49804,-1.05153,1.43317,1.9459
-1.49693,-1.05117,1.43317,1.94493
-1.49579,-1.0508,1.43317,1.94393
-1.33646,-1.01688,1.43144,1.7858
-1.33421,-1.01648,1.4314,1.78319
-1.33196,-1.01608,1.43136,1.78057
-1.32971,-1.01568,1.43132,1.77794
-1.1149,-0.981543,1.42718,1.49244
-1.11248,-0.981223,1.42714,1.48893
-1.11006,-0.980905,1.42709,1.48542
-1.10764,-0.980589,1.42705,1.4819
-0.91529,-0.962028,1.4235,1.19152
-0.910415,-0.961721,1.4234,1.18395
-0.907977,-0.96157,1.42335,1.18017
-0.72803,-0.955657,1.41996,0.896736
-0.725611,-0.955643,1.41992,0.89287
-0.723194,-0.955631,1.41987,0.889004
-0.57807,-0.958108,1.4172,0.653198
-0.575753,-0.9582,1.41716,0.649338
-0.573439,-0.958294,1.41711,0.645478
-0.451434,-0.965492,1.4147,0.438229
-0.449487,-0.96568,1.41467,0.434725
-0.380313,-0.978291,1.41395,0.272387
-0.361717,-0.989101,1.41422,0.172732
-0.361386,-0.989394,1.41426,0.170924
-0.361048,-0.989698,1.4143,0.169123
-0.337925,-1.02298,1.419,0.0903991
-0.337302,-1.02418,1.41917,0.0887312
-0.314187,-1.07742,1.42695,0.0297736
-0.291608,-1.14103,1.43688,-0.0282758
-0.290923,-1.14306,1.43721,-0.0300806
-0.269977,-1.2074,1.44779,-0.0873107
-0.250829,-1.26823,1.4583,-0.143381
-0.22707,-1.34474,1.47152,-0.215969
-0.226424,-1.34686,1.47189,-0.218021
-0.206911,-1.41235,1.48321,-0.282518
-0.18921,-1.47348,1.49366,-0.343949
-0.175647,-1.52177,1.50187,-0.39328
-0.155013,-1.59733,1.51461,-0.471242
-0.140446,-1.65222,1.52385,-0.528184
-0.124004,-1.71576,1.53449,-0.594105
-0.123471,-1.71787,1.53485,-0.596308
-0.105754,-1.78909,1.5469,-0.671136
-0.0868023,-1.86766,1.56034,-0.754823
-0.0863096,-1.86973,1.56069,-0.757029
-0.058293,-2.01486,1.58531,-0.939919
-0.0582712,-2.01549,1.58546,-0.941243
-0.0582517,-2.01612,1.58561,-0.942557
-0.0582345,-2.01674,1.58575,-0.943859
-0.0595145,-2.04829,1.59053,-0.986022
-0.0691012,-2.11842,1.59615,-1.01576
-0.0693857,-2.12017,1.59628,-1.01614
-0.0839114,-2.20348,1.60325,-1.02578
-0.0842534,-2.2054,1.60342,-1.02584
-0.100644,-2.29842,1.61223,-1.02302
-0.10098,-2.30039,1.61242,-1.02286
-0.117607,-2.40043,1.62231,-1.0113
-0.11792,-2.40238,1.62251,-1.01102
-0.134029,-2.50338,1.63256,-0.995019
-0.134334,-2.50532,1.63275,-0.994691
-0.149138,-2.60009,1.64204,-0.978278
-0.149441,-2.60204,1.64222,-0.977939
-0.16141,-2.67991,1.64979,-0.96442
-0.161713,-2.68186,1.64998,-0.964082
-0.174303,-2.7638,1.65788,-0.950116
-0.184252,-2.82762,1.66411,-0.939348
-0.184554,-2.82956,1.6643,-0.939024
-0.196706,-2.90907,1.67169,-0.925974
-0.210439,-2.99822,1.68058,-0.905994
-0.210494,-2.99854,1.68063,-0.905822
-0.210547,-2.99884,1.6807,-0.905646
-0.210599,-2.99914,1.68076,-0.905464
-0.211432,-3.00654,1.68219,-0.897456
-0.206861,-3.0278,1.68227,-0.868326
-0.19276,-3.06322,1.68032,-0.815015
-0.192158,-3.06455,1.68024,-0.81285
-0.170892,-3.10761,1.67745,-0.7358
-0.140892,-3.16281,1.67366,-0.614612
-0.111767,-3.21385,1.66995,-0.478168
-0.110934,-3.2153,1.66984,-0.473895
-0.0907251,-3.2508,1.66712,-0.36287
-0.070346,-3.28763,1.66415,-0.235446
-0.0562852,-3.31385,1.66184,-0.137221
-0.0385393,-3.34936,1.6585,0.00464347
-0.0220007,-3.38726,1.65483,0.165242
-0.0133856,-3.41101,1.65243,0.270401
-0.00280228,-3.45106,1.6485,0.445964
0.00207912,-3.47853,1.64594,0.564279
0.00558745,-3.51114,1.64304,0.699439
0.0071944,-3.55025,1.6397,0.856474
0.0047754,-3.61066,1.63492,1.08459
0.00465834,-3.61218,1.63481,1.09
-0.0262155,-3.72494,1.62217,1.61734
-0.0266755,-3.72542,1.62197,1.6206
-0.027144,-3.7259,1.62176,1.62387
-0.0276211,-3.7264,1.62155,1.62713
-0.0281069,-3.72691,1.62133,1.6304
-0.0648369,-3.77451,1.59733,1.80795
-0.066646,-3.77708,1.59592,1.81528
-0.125061,-3.86082,1.54574,2.0364
-0.126237,-3.8625,1.54468,2.04076
-0.204703,-3.97724,1.47178,2.34187
-0.205936,-3.97915,1.47059,2.34688
-0.207168,-3.98106,1.46941,2.3519
-0.270724,-4.08974,1.40541,2.6338
-0.271825,-4.09184,1.40423,2.6392
-0.329618,-4.2191,1.3363,2.9595
-0.330489,-4.22136,1.33514,2.96513
-0.376876,-4.36825,1.26122,-2.95255
-0.377448,-4.37056,1.26006,-2.94678
-0.378016,-4.37287,1.25891,-2.94101
-0.401918,-4.49886,1.19549,-2.62111
-0.402223,-4.50112,1.19433,-2.61526
-0.412696,-4.64886,1.11667,-2.21335
-0.412691,-4.65081,1.11567,-2.20771
-0.412679,-4.65275,1.11467,-2.20208
-0.4022,-4.72959,1.07542,-1.9208
-0.401903,-4.73032,1.075,-1.9165
-0.366567,-4.74985,1.05932,-1.5931
-0.366356,-4.74984,1.05933,-1.59197
-0.366147,-4.74982,1.05934,-1.59086
-0.359691,-4.74985,1.06025,-1.55596
-0.359607,-4.74993,1.06034,-1.55523
-0.359532,-4.75001,1.06044,-1.5545
-0.359465,-4.7501,1.06056,-1.55378
-0.367179,-4.75971,1.07579,-1.53266
-0.367652,-4.76005,1.07645,-1.53236
-0.400233,-4.77631,1.11863,-1.52905
-0.401189,-4.77668,1.11985,-1.52919
-0.44387,-4.7905,1.17502,-1.54147
-0.491035,-4.80291,1.23789,-1.56443
-0.492245,-4.80321,1.23952,-1.56511
-0.529039,-4.81234,1.28891,-1.58745
-0.57999,-4.82477,1.3568,-1.62233
-0.581242,-4.82508,1.35844,-1.62323
-0.628772,-4.83667,1.42057,-1.65818
-0.667753,-4.84617,1.47114,-1.68769
-0.669024,-4.84648,1.47277,-1.68866
-0.716458,-4.85807,1.53318,-1.72447
-0.768689,-4.87051,1.59926,-1.76412
-0.769948,-4.87081,1.60087,-1.76508
-0.861989,-4.8923,1.71771,-1.83488
-0.863256,-4.8926,1.71931,-1.83583
-0.864523,-4.89289,1.72091,-1.83678
-0.958521,-4.91046,1.83356,-1.92027
-0.958797,-4.91046,1.83391,-1.92077
-0.959065,-4.91047,1.83425,-1.92127
-0.959326,-4.91048,1.83459,-1.92176
-0.969997,-4.91171,1.84643,-1.94616
-0.97039,-4.91183,1.84658,-1.94682
-1.00682,-4.92495,1.84798,-1.99309
-1.00815,-4.92543,1.84791,-1.99464
-1.11066,-4.95835,1.83848,-2.12034
-1.1127,-4.95895,1.83826,-2.12309
-1.11475,-4.95955,1.83804,-2.12586
-1.22998,-4.99224,1.82479,-2.29916
-1.23215,-4.99283,1.82454,-2.30274
-1.35373,-5.02229,1.80976,-2.51889
-1.35588,-5.02275,1.80949,-2.52295
-1.46604,-5.04331,1.79545,-2.74534
-1.46807,-5.04364,1.79519,-2.74964
-1.58063,-5.06021,1.78027,-2.99849
-1.58255,-5.06046,1.78001,-3.00291
-1.69169,-5.0746,1.76473,3.01713
-1.69348,-5.07483,1.76447,3.01264
-1.69527,-5.07507,1.76421,3.00815
-1.80118,-5.08993,1.74806,2.72537
-1.80275,-5.09019,1.7478,2.72088
-1.90422,-5.10227,1.72732,2.25775
-1.90413,-5.10219,1.72727,2.2557
-1.90402,-5.1021,1.72722,2.25368
-1.90392,-5.10201,1.72717,2.25167
-1.90381,-5.10192,1.72712,2.24968
-1.9037,-5.10183,1.72708,2.24771
-1.9134,-5.10352,1.72942,2.16972
-1.91424,-5.10384,1.72954,2.17004
-1.91511,-5.10418,1.72966,2.17041
-2.04358,-5.16335,1.74486,2.32939
-2.04564,-5.16438,1.7451,2.33281
-2.0477,-5.16542,1.74535,2.33627
-2.24451,-5.27198,1.76943,2.7429
-2.24669,-5.27333,1.76971,2.74819
-2.24887,-5.2747,1.76999,2.75349
-2.25104,-5.27606,1.77027,2.7588
-2.40578,-5.38841,1.79108,-3.09496
-2.40764,-5.38997,1.79135,-3.08907
-2.4095,-5.39153,1.79161,-3.08318
-2.54703,-5.52358,1.81432,-2.57067
-2.54843,-5.52508,1.81458,-2.56453
-2.54983,-5.52658,1.81485,-2.55839
-2.55123,-5.52809,1.81512,-2.55225
-2.60805,-5.59163,1.82692,-2.28149
-2.60924,-5.593,1.82719,-2.27531
-2.6644,-5.65599,1.84083,-1.96505
-2.66544,-5.65713,1.84109,-1.95885
-2.71275,-5.7166,1.85648,-1.49634
-2.71277,-5.71671,1.85658,-1.49183
-2.71279,-5.71681,1.85668,-1.48735
-2.71479,-5.71571,1.85623,-1.36096
-2.73089,-5.7059,1.84633,-1.29208
-2.73171,-5.70545,1.84586,-1.29074
-2.76943,-5.68635,1.82459,-1.27869
-2.82299,-5.66308,1.7944,-1.32738
-2.88614,-5.63969,1.75918,-1.4259
-2.88806,-5.63903,1.75814,-1.4293
-2.95936,-5.61455,1.72024,-1.56807
-3.03023,-5.58975,1.68396,-1.72245
-3.03237,-5.58897,1.68289,-1.72725
-3.11287,-5.55723,1.6436,-1.91249
-3.18271,-5.525,1.61035,-2.08111
-3.26627,-5.48032,1.57034,-2.29291
-3.26838,-5.4791,1.56932,-2.2984
-3.34503,-5.43127,1.53156,-2.50321
-3.34908,-5.42855,1.5295,-2.51437
-3.43156,-5.36832,1.48629,-2.74973
-3.49485,-5.31501,1.45041,-2.94666
-3.49658,-5.31346,1.44939,-2.95229
-3.54192,-5.27127,1.42175,-3.10446
-3.61886,-5.17857,1.37165,2.82832
-3.61928,-5.17771,1.37125,2.82415
-3.61968,-5.17687,1.37086,2.82
-3.62614,-5.15474,1.36055,2.68794
-3.61698,-5.12903,1.35301,2.58174
-3.6164,-5.1283,1.35289,2.58033
-3.55593,-5.07542,1.3488,2.56828
-3.55459,-5.07439,1.34876,2.56918
-3.47475,-5.01725,1.34679,2.66628
-3.4733,-5.01629,1.34677,2.66872
-3.47185,-5.01533,1.34674,2.67119
-3.32886,-4.93373,1.34414,2.97659
-3.32734,-4.93298,1.34411,2.98023
-3.32583,-4.93223,1.34408,2.98388
-3.24734,-4.89612,1.3423,-3.10754
-3.24576,-4.89544,1.34226,-3.10369
-3.24418,-4.89477,1.34223,-3.09984
-3.17712,-4.86704,1.34095,-2.94047
-3.09414,-4.83421,1.33949,-2.75192
-3.09235,-4.83351,1.33946,-2.74798
-3.0396,-4.81299,1.33857,-2.63374
-2.98164,-4.79037,1.33758,-2.51172
-2.97974,-4.78962,1.33754,-2.50778
-2.82296,-4.73031,1.33286,-2.15708
-2.82224,-4.73019,1.3328,-2.15462
-2.82153,-4.73006,1.33273,-2.15217
-2.82083,-4.72995,1.33267,-2.14975
-2.80615,-4.72902,1.33135,-2.09128
-2.78731,-4.72678,1.33071,-2.03348
-2.74637,-4.70856,1.33057,-1.99537
-2.74503,-4.70787,1.33056,-1.99474
-2.68741,-4.67698,1.32937,-1.98221
-2.68578,-4.67609,1.32932,-1.98216
-2.60838,-4.63252,1.32607,-1.99193
-2.51343,-4.57634,1.32089,-2.02729
-2.51175,-4.57533,1.3208,-2.02808
-2.51008,-4.57431,1.3207,-2.02887
-2.43041,-4.52524,1.31621,-2.07052
-2.42876,-4.52422,1.31612,-2.07145
-2.33025,-4.462,1.31095,-2.12927
-2.3286,-4.46095,1.31087,-2.13025
-2.23838,-4.40312,1.30617,-2.18462
-2.23674,-4.40206,1.30609,-2.18561
-2.14342,-4.34186,1.30133,-2.24139
-2.14179,-4.3408,1.30125,-2.24236
-2.14016,-4.33975,1.30116,-2.24332
-2.04385,-4.27735,1.29629,-2.29984
-2.04222,-4.27629,1.29622,-2.30076
-1.95589,-4.21711,1.28868,-2.37503
-1.95068,-4.21037,1.28922,-2.39439
-1.95035,-4.21005,1.28928,-2.39477
-1.95001,-4.20972,1.28934,-2.39515
-1.94966,-4.20938,1.2894,-2.39555
-1.94928,-4.20902,1.28947,-2.39594
-1.94889,-4.20864,1.28953,-2.39634
-1.89342,-4.15423,1.29547,-2.43631
-1.8922,-4.15301,1.29557,-2.43718
-1.89098,-4.15178,1.29566,-2.43806
-1.8015,-4.05915,1.30108,-2.51217
-1.80014,-4.0577,1.30115,-2.51348
-1.70324,-3.95222,1.30612,-2.61682
-1.70187,-3.95071,1.30619,-2.61839
-1.70049,-3.9492,1.30627,-2.61996
-1.62639,-3.86746,1.31038,-2.70768
-1.62502,-3.86594,1.31046,-2.70934
-1.62364,-3.86441,1.31054,-2.71101
-1.54804,-3.78086,1.31505,-2.80243
-1.54662,-3.77929,1.31513,-2.80414
-1.46129,-3.68555,1.32018,-2.90713
-1.45986,-3.68399,1.32027,-2.90885
-1.36644,-3.58224,1.32562,-3.02023
-1.36358,-3.57916,1.32577,-3.02362
-1.36215,-3.57762,1.32585,-3.02532
-1.25193,-3.45481,1.32928,3.09273
-1.25178,-3.45456,1.32927,3.09197
-1.25163,-3.45432,1.32926,3.09123
-1.25149,-3.45408,1.32925,3.0905
-1.25136,-3.45385,1.32924,3.08977
-1.23849,-3.42371,1.33339,3.04194
-1.23815,-3.4227,1.33352,3.04128
-1.23782,-3.42167,1.33366,3.04061
-1.19923,-3.26993,1.35079,2.96103
-1.19876,-3.26786,1.35102,2.95991
-1.19829,-3.26579,1.35124,2.95879
-1.19782,-3.26372,1.35146,2.95766
-1.15501,-3.07092,1.373,2.83883
-1.15454,-3.06881,1.37324,2.83741
-1.15406,-3.0667,1.37347,2.836
-1.15359,-3.06459,1.37371,2.83458
-1.09697,-2.82361,1.40015,2.6652
-1.09645,-2.82151,1.40037,2.66369
-1.09593,-2.81942,1.4006,2.66217
-1.09542,-2.81732,1.40083,2.66065
-1.0949,-2.81522,1.40106,2.65913
-1.05254,-2.64582,1.41957,2.53685
-1.052,-2.6437,1.4198,2.53532
-1.05146,-2.64158,1.42003,2.53379
-1.0049,-2.46531,1.43858,2.40513
-1.00444,-2.46371,1.43874,2.40383
-1.00399,-2.46213,1.4389,2.40254
-1.00355,-2.46058,1.43905,2.40126
-0.983145,-2.39966,1.44546,2.32478
-0.983044,-2.39944,1.44548,2.32415
-0.982946,-2.39923,1.4455,2.32352
-0.979772,-2.39396,1.44541,2.29992
-0.979733,-2.39391,1.4454,2.29961
-0.973998,-2.36187,1.45223,2.25401
-0.97387,-2.36066,1.45244,2.25274
-0.973739,-2.35944,1.45266,2.25145
-0.953416,-2.21136,1.47957,2.06895
-0.953071,-2.20924,1.47998,2.06585
-0.952725,-2.20713,1.4804,2.06272
-0.952378,-2.20501,1.48081,2.05959
-0.905748,-1.97458,1.52853,1.6395
-0.905224,-1.97258,1.52897,1.63511
-0.904701,-1.97058,1.52941,1.63072
-0.904176,-1.96858,1.52984,1.62632
-0.858643,-1.81326,1.5648,1.25597
-0.858055,-1.81146,1.56522,1.2513
-0.857467,-1.80967,1.56565,1.24662
-0.856879,-1.80789,1.56607,1.24194
-0.815487,-1.68234,1.59764,0.887106
-0.814975,-1.68078,1.59806,0.882355
-0.814466,-1.67922,1.59848,0.8776
-0.785393,-1.57946,1.62686,0.557862
-0.784671,-1.57661,1.62771,0.54832
-0.784313,-1.57518,1.62813,0.543552
-0.767218,-1.50623,1.64874,0.271364
-0.767072,-1.50563,1.64895,0.267573
-0.764908,-1.4954,1.65516,0.101457
-0.764925,-1.4955,1.6552,0.0989797
-0.765583,-1.50183,1.65711,0.00204584
-0.76556,-1.50182,1.65719,0.000185791
-0.757813,-1.48572,1.66145,-0.0774425
-0.757424,-1.48495,1.66157,-0.0794142
-0.735764,-1.44357,1.6677,-0.164909
-0.706507,-1.38739,1.67557,-0.268906
-0.705802,-1.38599,1.67577,-0.271561
-0.677524,-1.3272,1.68443,-0.387667
-0.676848,-1.32574,1.68464,-0.390653
-0.654602,-1.27602,1.69198,-0.495732
-0.627318,-1.20925,1.70182,-0.646377
-0.626766,-1.20781,1.70203,-0.649725
-0.600484,-1.1334,1.71259,-0.824286
-0.6,-1.1319,1.7128,-0.827771
-0.574421,-1.04642,1.72451,-1.02475
-0.573998,-1.04488,1.72472,-1.02829
-0.551684,-0.953865,1.73649,-1.23139
-0.551316,-0.952226,1.7367,-1.23496
-0.550949,-0.950586,1.7369,-1.23853
-0.529255,-0.844954,1.74967,-1.46269
-0.528936,-0.843263,1.74987,-1.46617
-0.517326,-0.752496,1.75736,-1.69061
-0.517397,-0.751963,1.75737,-1.69283
-0.517472,-0.751443,1.75737,-1.69503
-0.517551,-0.750935,1.75738,-1.69721
-0.526423,-0.736195,1.75713,-1.79556
-0.526586,-0.736104,1.75713,-1.7967
-0.530849,-0.715681,1.75826,-1.87579
-0.530677,-0.714812,1.75824,-1.87723
-0.530497,-0.713921,1.75822,-1.87869
-0.496378,-0.588942,1.74676,-2.06847
-0.495878,-0.587086,1.74651,-2.07156
-0.495378,-0.585226,1.74627,-2.07467
-0.494878,-0.583361,1.74602,-2.0778
-0.456731,-0.424302,1.72373,-2.36908
-0.456246,-0.42217,1.72345,-2.3732
-0.45576,-0.420037,1.72316,-2.37733
-0.40973,-0.229765,1.69881,-2.7558
-0.409116,-0.227485,1.69853,-2.76038
-0.4085,-0.225205,1.69826,-2.76496
-0.349978,-0.0356625,1.67646,-3.13995
-0.349102,-0.0332118,1.67619,3.13847
-0.348223,-0.0307601,1.67591,3.1337
-0.347339,-0.0283076,1.67564,3.12893
-0.276135,0.146551,1.6561,2.78399
-0.275047,0.148958,1.65582,2.77918
-0.273956,0.151364,1.65555,2.77437
-0.188238,0.316355,1.63725,2.42937
-0.187231,0.317961,1.63707,2.42532
-0.186235,0.319543,1.6369,2.42129
-0.140933,0.381831,1.62903,2.18543
-0.140631,0.382128,1.62898,2.18325
-0.12977,0.390383,1.62764,2.10452
-0.129587,0.390483,1.62763,2.10329
-0.129406,0.390582,1.62762,2.10208
-0.11264,0.414279,1.62494,2.06132
-0.112355,0.415171,1.6248,2.06183
-0.112071,0.416083,1.62466,2.06238
-0.0948628,0.544791,1.60345,2.23906
-0.0947563,0.546458,1.60315,2.24231
-0.0946511,0.548124,1.60286,2.24557
-0.0945473,0.549789,1.60257,2.24886
-0.0859638,0.686404,1.57568,2.6052
-0.0858355,0.687821,1.57536,2.60981
-0.0857061,0.689235,1.57505,2.61442
-0.0712687,0.785042,1.55225,2.96466
-0.0709808,0.786293,1.55193,2.9697
-0.0706899,0.787542,1.55161,2.97474
-0.0302841,0.895949,1.52381,-2.84913
-0.0296644,0.897171,1.5235,-2.84389
-0.0290412,0.898394,1.5232,-2.83865
-0.0284144,0.899618,1.52289,-2.83341
0.0209358,0.982288,1.50257,-2.48629
0.0218031,0.983592,1.50226,-2.48101
0.0789921,1.06577,1.48466,-2.16329
0.0798275,1.06691,1.48442,-2.1586
0.0806556,1.06803,1.48418,-2.15393
0.106534,1.09711,1.47649,-1.99801
0.107123,1.09757,1.47632,-1.99429
0.130439,1.10836,1.47123,-1.84938
0.176466,1.11294,1.47272,-1.72196
0.177913,1.11295,1.47281,-1.71944
0.29074,1.1068,1.48081,-1.5736
0.292965,1.10662,1.48098,-1.57113
0.295194,1.10644,1.48115,-1.56866
0.43114,1.09421,1.49221,-1.42073
0.433479,1.094,1.4924,-1.41817
0.554095,1.08352,1.50269,-1.28301
0.556412,1.08334,1.50289,-1.28036
0.663161,1.07588,1.51176,-1.15713
0.665469,1.07574,1.51195,-1.15443
0.759568,1.07118,1.51969,-1.0428
0.761853,1.07109,1.51988,-1.04005
0.807574,1.06943,1.5236,-0.985046
0.903719,1.06705,1.53139,-0.86873
0.971673,1.0664,1.53703,-0.785319
0.973921,1.06639,1.53721,-0.782534
1.03438,1.06645,1.54226,-0.707276
1.10316,1.06712,1.54799,-0.620813
1.21248,1.07067,1.55652,-0.478979
1.25477,1.07605,1.56064,-0.400697
1.25556,1.07622,1.56072,-0.398761
1.25633,1.0764,1.5608,-0.396833
1.28147,1.09628,1.56174,-0.320114
1.2929,1.16737,1.55696,-0.232301
1.29296,1.16923,1.55681,-0.230524
1.29254,1.27533,1.54737,-0.13744
1.29248,1.27752,1.54716,-0.135565
1.2894,1.39127,1.53625,-0.0373183
1.28933,1.39352,1.53603,-0.0353428
1.28904,1.40252,1.53517,-0.0274198
1.28255,1.55628,1.5208,0.111066
1.28243,1.55856,1.52059,0.113145
1.27333,1.70349,1.50767,0.247615
1.27317,1.70575,1.50747,0.249729
1.273,1.70801,1.50727,0.251842
1.26052,1.86064,1.49374,0.39617
1.26032,1.86289,1.49354,0.398301
1.26011,1.86514,1.49335,0.400434
1.24722,1.99558,1.48184,0.524249
1.24698,1.99783,1.48165,0.526387
1.21994,2.18656,1.46568,0.753567
1.21986,2.1868,1.46565,0.754446
1.21978,2.18703,1.46563,0.755315
1.2197,2.18726,1.4656,0.756173
1.21123,2.20025,1.46603,0.802514
1.21079,2.2007,1.46609,0.80344
1.21034,2.20115,1.46614,0.804379
1.20986,2.20162,1.46621,0.805331
1.12555,2.25042,1.47506,0.905648
1.12373,2.25124,1.47523,0.907641
1.1219,2.25207,1.47541,0.909651
0.962285,2.31844,1.49052,1.1038
0.960094,2.31932,1.49073,1.10675
0.957902,2.32019,1.49093,1.10971
0.819432,2.37328,1.50368,1.30692
0.817163,2.3741,1.50389,1.31028
0.814893,2.37492,1.5041,1.31364
0.632216,2.43529,1.52039,1.58955
0.629883,2.43599,1.5206,1.59313
0.627549,2.43668,1.5208,1.59671
0.412336,2.49316,1.53928,1.9291
0.409999,2.4937,1.53948,1.93274
0.407662,2.49423,1.53968,1.93637
0.234364,2.52948,1.55472,2.20771
0.232126,2.52988,1.5549,2.21121
0.229896,2.53027,1.55508,2.21471
0.227675,2.53066,1.55526,2.2182
0.0916383,2.52719,1.56371,2.59157
0.091544,2.52706,1.56368,2.59219
0.0914976,2.52699,1.56366,2.59249
0.0914518,2.52692,1.56364,2.59279
0.0914064,2.52686,1.56363,2.59308
0.0913616,2.5268,1.56361,2.59336
0.0913172,2.52673,1.56359,2.59364
0.0912733,2.52667,1.56357,2.59391
0.09123,2.52661,1.56356,2.59417
0.0757798,2.53495,1.56111,2.59106
0.075155,2.53555,1.56096,2.59038
0.0745177,2.53617,1.56079,2.58968
0.0143445,2.61639,1.54139,2.4845
0.0133334,2.61799,1.54101,2.4821
0.0123218,2.6196,1.54063,2.47967
-0.0483353,2.72372,1.51576,2.29833
-0.0493126,2.72551,1.51532,2.29481
-0.103387,2.83154,1.48872,2.06363
-0.104217,2.83327,1.48827,2.0595
-0.105047,2.83499,1.48782,2.05535
-0.148149,2.92896,1.46283,1.81857
-0.148876,2.93063,1.46238,1.81413
-0.191748,3.03017,1.43375,1.53003
-0.192394,3.03165,1.4333,1.52547
-0.222313,3.09672,1.41262,1.31414
-0.222974,3.09808,1.41217,1.30953
-0.273535,3.19103,1.37886,0.967022
-0.274263,3.19218,1.37841,0.962384
-0.274993,3.19333,1.37796,0.957748
-0.317882,3.23985,1.3431,0.381798
-0.317837,3.23972,1.34311,0.381131
-0.317792,3.23959,1.34313,0.380476
-0.317748,3.23946,1.34314,0.379831
-0.317704,3.23933,1.34315,0.379197
-0.317661,3.2392,1.34316,0.378574
-0.317619,3.23908,1.34318,0.377961
-0.317577,3.23895,1.34319,0.377359
-0.317535,3.23883,1.3432,0.376767
-0.320277,3.24182,1.34127,0.355281
-0.320506,3.24229,1.34113,0.355163
-0.320742,3.24278,1.34098,0.355059
-0.348006,3.32087,1.32195,0.380918
-0.34854,3.3226,1.32155,0.381801
-0.386636,3.45285,1.29174,0.468503
-0.387218,3.4549,1.29127,0.470142
-0.3878,3.45695,1.2908,0.47179
-0.459341,3.69862,1.23573,0.70086
-0.460667,3.7028,1.23479,0.705202
-0.461331,3.70488,1.23432,0.707375
-0.461996,3.70697,1.23385,0.709549
-0.462662,3.70906,1.23338,0.711725
-0.504103,3.83426,1.20524,0.844484
-0.505526,3.83842,1.20431,0.848937
-0.546902,3.95582,1.17784,0.976337
-0.547642,3.95787,1.17737,0.978572
-0.548381,3.95992,1.17691,0.980807
-0.579121,4.0436,1.15776,1.07236
-0.62548,4.16513,1.13035,1.20556
-0.626185,4.1669,1.12998,1.20758
-0.626884,4.16865,1.12962,1.20958
-0.64933,4.22014,1.11901,1.27949
-0.671843,4.25012,1.11135,1.39287
-0.671907,4.25013,1.11135,1.39318
-0.67197,4.25013,1.11135,1.39349
-0.672032,4.25014,1.11135,1.39379
-0.672094,4.25015,1.11135,1.39409
-0.677001,4.25485,1.11353,1.40131
-0.677225,4.25521,1.11369,1.40115
-0.677457,4.25557,1.11385,1.40097
-0.704283,4.29908,1.13367,1.35998
-0.704993,4.30021,1.13423,1.35864
-0.750531,4.37013,1.17335,1.25233
-0.751393,4.37142,1.17415,1.24993
-0.752256,4.3727,1.17496,1.24752
-0.79983,4.44154,1.22169,1.09421
-0.800681,4.44275,1.22257,1.09112
-0.847437,4.5076,1.2711,0.905752
-0.848268,4.50871,1.27196,0.902269
-0.895168,4.56866,1.3195,0.70156
-0.896021,4.56968,1.32033,0.697905
-0.951739,4.63132,1.37282,0.46483
-0.952669,4.63226,1.37366,0.461103
-0.953599,4.6332,1.37449,0.457374
-1.01585,4.69097,1.42725,0.22129
-1.0169,4.69187,1.42809,0.217535
-1.01794,4.69277,1.42893,0.213779
-1.08845,4.74888,1.48157,-0.0248078
-1.08956,4.7497,1.4823,-0.0283727
-1.15281,4.77944,1.51748,-0.308831
-1.15298,4.77931,1.51753,-0.310435
-1.15314,4.77917,1.51758,-0.312021
-1.1533,4.77904,1.51763,-0.313591
-1.15345,4.7789,1.51767,-0.315143
-1.16493,4.7753,1.52593,-0.380424
-1.16541,4.77549,1.52627,-0.38094
-1.23947,4.81636,1.56699,-0.359712
-1.24089,4.81719,1.56772,-0.358646
-1.24231,4.81803,1.56845,-0.357562
-1.35724,4.89043,1.62894,-0.230972
-1.35882,4.89149,1.62977,-0.228808
-1.36039,4.89254,1.63061,-0.226634
-1.47723,4.9737,1.69272,-0.0458423
-1.47882,4.97484,1.69356,-0.0432018
-1.48042,4.97597,1.6944,-0.040559
-1.57475,5.0426,1.74277,0.116928
-1.5764,5.04376,1.74359,0.11969
-1.57805,5.04492,1.74442,0.122452
-1.64643,5.09243,1.77836,0.2365
-1.73305,5.15092,1.82001,0.376616
-1.73481,5.15209,1.82085,0.379418
-1.836,5.21741,1.86809,0.538479
-1.83779,5.21854,1.86892,0.541261
-1.83959,5.21967,1.86975,0.544043
-1.97834,5.30253,1.92623,0.771842
-1.97909,5.30298,1.92649,0.773649
-1.97982,5.30342,1.92675,0.775442
-1.99975,5.317,1.93491,0.838766
-2.00401,5.33508,1.94059,0.872276
-2.00385,5.33585,1.94073,0.872894
-2.00369,5.33663,1.94086,0.873496
-1.99151,5.36614,1.94464,0.883641
-1.95955,5.41699,1.94967,0.877878
-1.92158,5.46863,1.9551,0.857607
-1.9204,5.47016,1.95527,0.856834
-1.86965,5.53441,1.96282,0.817066
-1.80814,5.60889,1.97182,0.757871
-1.80687,5.61041,1.972,0.75657
-1.74567,5.68216,1.98061,0.691416
-1.74439,5.68364,1.98079,0.690014
-1.68629,5.75061,1.98869,0.626051
-1.685,5.75209,1.98886,0.624618
-1.62739,5.81792,1.99657,0.560124
-1.62612,5.81937,1.99674,0.558693
-1.55529,5.90038,2.00632,0.478855
-1.55403,5.90182,2.0065,0.477436
-1.49352,5.9713,2.01474,0.409564
-1.49226,5.97274,2.0149,0.40817
-1.41118,6.05945,2.02581,0.282969
-1.41109,6.05947,2.02582,0.282417
-1.41099,6.05949,2.02583,0.281871
-1.4109,6.05951,2.02584,0.281332
-1.41081,6.05953,2.02584,0.280799
-1.40116,6.06443,2.02685,0.256545
-1.40065,6.06479,2.02688,0.256309
-1.40013,6.06517,2.02692,0.256078
-1.32829,6.11505,2.03123,0.251576
-1.32681,6.11606,2.03134,0.251653
-1.32533,6.11708,2.03145,0.251734
-1.20703,6.19831,2.04239,0.266401
-1.20539,6.19944,2.04256,0.266691
-1.20375,6.20056,2.04273,0.266983
-1.08525,6.28213,2.05465,0.291519
-1.08361,6.28327,2.05482,0.291895
-1.08198,6.2844,2.05498,0.292271
-0.976164,6.35792,2.06497,0.317165
-0.974524,6.35907,2.06512,0.31756
-0.893918,6.41534,2.07257,0.337039
-0.892261,6.4165,2.07272,0.337437
-0.790189,6.48783,2.08201,0.361914
-0.788558,6.48897,2.08216,0.362305
-0.786928,6.49011,2.08231,0.362696
-0.703529,6.54843,2.08992,0.38256
-0.701884,6.54958,2.09007,0.382946
-0.635605,6.59596,2.0956,0.398721
-0.634408,6.59681,2.09571,0.399043
-0.597791,6.62349,2.1,0.412545
-0.597441,6.62376,2.10006,0.412761
-0.586897,6.63144,2.10234,0.422169
-0.586585,6.63158,2.10241,0.422385
-0.53405,6.64129,2.10929,0.441803
-0.532579,6.64146,2.10947,0.442282
-0.43349,6.64992,2.12368,0.478062
-0.321964,6.65648,2.14257,0.528608
-0.320032,6.65659,2.1429,0.52957
-0.318101,6.6567,2.14323,0.530534
-0.316171,6.65681,2.14356,0.531501
-0.234753,6.66167,2.15787,0.574986
-0.232875,6.66178,2.1582,0.57604
-0.170347,6.66569,2.16904,0.611572
-0.0698044,6.67246,2.18604,0.670584
-0.0679288,6.67258,2.18636,0.671712
0.0278135,6.67892,2.20252,0.729499
0.0296949,6.67905,2.20284,0.730638
0.116049,6.6847,2.21728,0.782873
0.117914,6.68482,2.2176,0.784005
0.208549,6.69047,2.23303,0.839387
0.210404,6.69059,2.23335,0.840517
0.340405,6.69959,2.25473,0.933041
0.340878,6.69963,2.25482,0.93372
0.341336,6.69966,2.25492,0.934392
0.341779,6.6997,2.25502,0.935058
0.35488,6.70081,2.25761,0.960464
0.355262,6.70082,2.2576,0.960792
0.385941,6.70028,2.25294,0.964184
0.387128,6.70023,2.25273,0.964013
0.448124,6.69619,2.24132,0.946943
0.52678,6.68906,2.22595,0.911204
0.528802,6.68886,2.22555,0.910136
0.605153,6.68133,2.21029,0.865255
0.60724,6.68112,2.20987,0.863915
0.69712,6.67152,2.19165,0.801772
0.818151,6.65686,2.16706,0.708326
0.820257,6.65659,2.16663,0.706653
0.822364,6.65632,2.16621,0.704979
0.99567,6.63195,2.1314,0.563836
0.997738,6.63164,2.13099,0.56212
0.999806,6.63133,2.13057,0.560405
1.19809,6.60039,2.09039,0.395992
1.20015,6.60006,2.08997,0.394288
1.20221,6.59973,2.08955,0.392584
1.20427,6.5994,2.08913,0.390881
1.33857,6.57606,2.06338,0.274568
1.33976,6.5758,2.06317,0.273257
1.38234,6.55493,2.05427,0.163026
1.38234,6.55492,2.05426,0.163041
1.38235,6.55491,2.05426,0.163057
1.38235,6.55491,2.05426,0.163073
1.38235,6.5549,2.05426,0.16309
1.39941,6.54492,2.05269,0.177582
1.40013,6.54444,2.05263,0.178251
1.40086,6.54394,2.05257,0.178936
1.4016,6.54343,2.05251,0.179637
1.40236,6.54291,2.05245,0.180355
1.40313,6.54238,2.05239,0.181088
1.40392,6.54183,2.05232,0.181837
1.40472,6.54127,2.05226,0.182602
1.40553,6.54069,2.05219,0.183386
1.40636,6.54011,2.05213,0.184187
1.46418,6.49467,2.04845,0.254879
1.46542,6.49363,2.04839,0.256681
1.46665,6.49259,2.04832,0.258499
1.55518,6.41481,2.04353,0.422709
1.55643,6.41367,2.04347,0.425499
1.55768,6.41254,2.0434,0.428301
1.63649,6.33873,2.03877,0.630101
1.63762,6.33764,2.0387,0.63336
1.7055,6.2679,2.03406,0.84541
1.70653,6.26677,2.03398,0.84886
1.70757,6.26564,2.03391,0.852313
1.75876,6.20695,2.03021,1.03019
1.75974,6.20576,2.03014,1.03373
1.81304,6.13735,2.02629,1.22887
1.81399,6.13607,2.02622,1.23242
1.85293,6.0811,2.02321,1.38193
1.85384,6.07976,2.02314,1.38549
1.88422,6.03348,2.02072,1.50523
1.9164,5.9787,2.01699,1.66169
1.91673,5.97799,2.01691,1.66432
1.92147,5.96268,2.01488,1.73295
1.92151,5.96229,2.01482,1.73509
1.92948,5.94848,2.01299,1.81174
1.95919,5.94077,2.01152,1.8607
1.9604,5.94063,2.01147,1.86197
2.01957,5.93805,2.00904,1.9058
2.10282,5.93954,2.00536,1.94397
2.1047,5.9396,2.00527,1.94469
2.17887,5.94187,2.00179,1.97066
2.18076,5.94193,2.0017,1.97127
2.26928,5.94483,1.99745,1.99851
2.27118,5.9449,1.99736,1.99907
2.35548,5.9476,1.9935,2.0231
2.46206,5.95105,1.98857,2.05298
2.464,5.95112,1.98848,2.05353
2.46594,5.95118,1.98839,2.05407
2.55692,5.9541,1.98415,2.07999
2.55883,5.95416,1.98406,2.08055
2.65592,5.95724,1.97951,2.10905
2.65782,5.9573,1.97943,2.10962
2.74758,5.95997,1.97542,2.1362
2.74947,5.96002,1.97534,2.13675
2.85727,5.96343,1.96703,2.18042
2.8578,5.96349,1.96685,2.18072
2.85833,5.96356,1.96665,2.18102
2.85887,5.96364,1.96645,2.18133
2.90221,5.97867,1.9441,2.19474
2.90333,5.97919,1.94345,2.19496
2.97002,6.01449,1.90217,2.20451
2.97145,6.0153,1.90124,2.20468
3.04079,6.05598,1.85417,2.2117
3.04225,6.05684,1.85315,2.21183
3.12516,6.10617,1.79443,2.21905
3.12663,6.10704,1.79338,2.21917
3.21402,6.15846,1.73212,2.22635
3.21551,6.15933,1.73108,2.22648
3.217,6.1602,1.73005,2.2266
3.30464,6.21147,1.66956,2.23386
3.30612,6.21233,1.66854,2.23398
3.39052,6.26154,1.61079,2.24115
3.39199,6.26239,1.60978,2.24128
3.46836,6.30689,1.55734,2.24791
3.46983,6.30774,1.55633,2.24803
3.58168,6.37417,1.48244,2.259
3.5822,6.37451,1.48205,2.25909
3.58271,6.37484,1.48168,2.25918
3.58321,6.37516,1.4813,2.25926
3.59681,6.38346,1.46986,2.26025
3.59711,6.38357,1.46967,2.26005
3.63214,6.37716,1.4609,2.22121
3.63336,6.37674,1.46071,2.21971
3.70684,6.34617,1.44961,2.11682
3.70866,6.34536,1.44933,2.114
3.78565,6.31156,1.43699,1.98264
3.78766,6.31071,1.43666,1.97894
3.86045,6.28037,1.42454,1.83924
3.9429,6.24541,1.41095,1.67026
3.94511,6.24445,1.4106,1.66562
4.02564,6.20783,1.39778,1.49361
4.10848,6.16616,1.38513,1.31328
4.1108,6.16492,1.38479,1.30819
4.18478,6.12306,1.37373,1.14353
4.25798,6.07743,1.36267,0.976067
4.29403,6.05329,1.35713,0.891705
4.35141,6.0123,1.34816,0.753838
4.41967,5.9591,1.33704,0.583544
4.48671,5.90153,1.32574,0.407223
4.48869,5.89975,1.3254,0.401883
4.62054,5.7537,1.30176,-0.0596528
4.62097,5.75289,1.30165,-0.0632539
4.62139,5.75211,1.30154,-0.0668277
4.62818,5.73589,1.29937,-0.15107
4.62833,5.73538,1.29931,-0.154017
4.63407,5.70853,1.29433,-0.253086
4.63704,5.64798,1.28302,-0.29149
4.63706,5.64638,1.28272,-0.291528
4.63709,5.57103,1.26849,-0.266247
4.63709,5.5692,1.26814,-0.265105
4.63672,5.48446,1.25108,-0.189934
4.63671,5.48272,1.2507,-0.187945
4.63537,5.40299,1.23313,-0.0813534
4.63532,5.40132,1.23275,-0.0788468
4.63234,5.31317,1.2128,0.0627628
4.63227,5.31153,1.21242,0.0655515
4.62908,5.25322,1.19897,0.167735
4.62864,5.24681,1.19748,0.17923
4.62379,5.1894,1.18413,0.283433
4.61627,5.12231,1.16851,0.405729
4.61607,5.1207,1.16813,0.408647
4.60656,5.05228,1.15254,0.531143
4.59654,4.98971,1.13856,0.641404
4.59626,4.98807,1.13819,0.644287
4.58765,4.94029,1.128,0.728092
4.552,4.8812,1.11051,0.992135
4.552,4.8812,1.11051,0.992125
4.552,4.8812,1.11051,0.992114
4.55201,4.88119,1.11051,0.992104
4.55201,4.88119,1.11051,0.992094
4.55201,4.88119,1.11051,0.992084
4.55201,4.88119,1.11051,0.992075
4.55203,4.88081,1.11107,0.993438
4.55202,4.88075,1.11117,0.993645
4.55201,4.88068,1.11129,0.993871
4.552,4.8806,1.11142,0.994117
4.55199,4.88052,1.11155,0.994382
4.55197,4.88043,1.1117,0.994666
4.55195,4.88033,1.11187,0.99497
4.55193,4.88022,1.11204,0.995297
4.55191,4.88011,1.11224,0.995648
4.55188,4.87999,1.11245,0.996025
4.54878,4.87438,1.12401,1.01612
4.54856,4.8741,1.12466,1.01726
4.54835,4.87383,1.12533,1.01843
4.54812,4.87355,1.12602,1.01964
4.54789,4.87327,1.12673,1.02089
4.54765,4.87299,1.12746,1.02216
4.54741,4.87271,1.12821,1.02348
4.54716,4.87242,1.12898,1.02483
4.53977,4.86563,1.15011,1.06293
4.52296,4.85523,1.19133,1.14321
4.52164,4.85453,1.19434,1.14937
4.49656,4.84249,1.2493,1.26726
4.46624,4.829,1.31007,1.41037
4.43046,4.81204,1.3767,1.58226
4.4294,4.8115,1.37863,1.58743
4.3989,4.79514,1.43244,1.73627
4.36663,4.77488,1.48798,1.89766
4.3298,4.74716,1.55107,2.08822
4.27371,4.69144,1.6519,2.40445
4.27273,4.69027,1.65379,2.41049
4.22244,4.6162,1.76358,2.7651
4.2217,4.61483,1.76547,2.77127
4.22096,4.61345,1.76735,2.77744
4.18869,4.53513,1.87027,3.11737
4.18826,4.53368,1.87213,3.12357
4.17407,4.46074,1.96212,-2.84795
4.17399,4.45942,1.96361,-2.84212
4.1819,4.40798,2.01938,-2.56253
4.19463,4.38455,2.04223,-2.34667
4.19457,4.38421,2.04248,-2.34373
4.19449,4.38387,2.04274,-2.34082
4.19439,4.38353,2.04299,-2.33794
4.16415,4.3658,2.05144,-2.22756
4.16302,4.36542,2.05156,-2.22581
4.09131,4.34875,2.05703,-2.16423
4.08955,4.34844,2.05714,-2.16335
3.99068,4.33404,2.06318,-2.13476
3.98875,4.3338,2.0633,-2.1345
3.89136,4.3227,2.06919,-2.12977
3.8894,4.32249,2.06931,-2.12981
3.78302,4.31187,2.07573,-2.13608
3.78103,4.31168,2.07585,-2.13625
3.68706,4.30293,2.08136,-2.14521
3.68506,4.30275,2.08148,-2.14542
3.55129,4.29099,2.08929,-2.15866
3.54928,4.29081,2.0894,-2.15885
3.54727,4.29064,2.08952,-2.15903
3.42481,4.27988,2.09669,-2.16975
3.42282,4.27971,2.09681,-2.16992
3.30754,4.26941,2.10319,-2.17874
3.30605,4.26927,2.10327,-2.17887
3.30458,4.26914,2.10336,-2.17899
3.25024,4.26562,2.10713,-2.18563
3.25003,4.26561,2.10715,-2.18569
3.24982,4.26561,2.10716,-2.18575
3.23554,4.26551,2.10646,-2.19235
3.23491,4.2655,2.10638,-2.19264
3.16406,4.2668,2.09615,-2.22644
3.16232,4.26687,2.09589,-2.22735
3.15879,4.26702,2.09538,-2.22921
3.03543,4.27386,2.07692,-2.30624
3.03332,4.27399,2.0766,-2.30775
2.91161,4.28224,2.0578,-2.40448
2.90946,4.2824,2.05746,-2.40633
2.77216,4.2943,2.036,-2.53114
2.77003,4.29451,2.03566,-2.53317
2.76789,4.29473,2.03533,-2.53519
2.6378,4.30892,2.01483,-2.66225
2.63572,4.30916,2.0145,-2.66432
2.63364,4.30941,2.01417,-2.66639
2.51925,4.3234,1.99609,-2.78066
2.51717,4.32366,1.99575,-2.78274
2.39601,4.33989,1.9765,-2.90487
2.39401,4.34017,1.97618,-2.90693
2.24876,4.36199,1.95358,-3.06006
2.24749,4.36224,1.9534,-3.0617
2.24625,4.36249,1.95323,-3.06333
2.24504,4.36274,1.95306,-3.06495
2.18079,4.37162,1.94308,3.10775
2.17993,4.37108,1.94297,3.10853
2.17905,4.37052,1.94286,3.10933
2.17815,4.36994,1.94274,3.11017
2.17724,4.36934,1.94263,3.11104
2.17631,4.36872,1.94251,3.11194
2.08627,4.28739,1.93191,-3.03591
1.97575,4.16326,1.91861,-2.76749
1.97432,4.16152,1.91843,-2.76335
1.97288,4.15978,1.91824,-2.75919
1.97145,4.15805,1.91806,-2.75502
1.97003,4.15631,1.91788,-2.75085
1.86005,4.00862,1.90188,-2.36205
1.79121,3.9026,1.88981,-2.05063
1.79023,3.90103,1.88962,-2.04571
1.78925,3.89946,1.88944,-2.04078
1.78828,3.89789,1.88925,-2.03585
1.78731,3.89633,1.88906,-2.03092
1.73142,3.80779,1.87802,-1.73294
1.73052,3.8064,1.87784,-1.72795
1.72963,3.80501,1.87765,-1.72295
1.67948,3.73146,1.86705,-1.43777
1.67861,3.73027,1.86686,-1.43277
1.62654,3.66201,1.85179,-0.917175
1.62675,3.66229,1.8517,-0.91252
1.62685,3.66244,1.85165,-0.910227
1.62696,3.66258,1.85161,-0.907958
1.62707,3.66273,1.85157,-0.905712
1.62718,3.66288,1.85153,-0.90349
1.62826,3.66797,1.85221,-0.817351
1.62711,3.66756,1.85244,-0.81541
1.55774,3.63997,1.86138,-0.86117
1.55599,3.63928,1.86158,-0.863241
1.55423,3.63858,1.86177,-0.86535
1.43372,3.59091,1.87389,-1.04681
1.43142,3.59,1.87411,-1.05083
1.28832,3.53597,1.88712,-1.32322
1.28578,3.53509,1.88735,-1.32832
1.08513,3.47937,1.90473,-1.74958
1.08249,3.47882,1.90495,-1.75532
1.07984,3.47828,1.90518,-1.76106
0.899842,3.45313,1.9206,-2.16016
0.897225,3.45294,1.92082,-2.16612
0.89461,3.45274,1.92105,-2.17209
0.745387,3.44918,1.93442,-2.52656
0.742967,3.44923,1.93465,-2.5326
0.740552,3.44929,1.93488,-2.53865
0.593112,3.45935,1.94944,-2.93217
0.591024,3.45958,1.94966,-2.93819
0.483545,3.50872,1.96295,2.67167
0.483682,3.50896,1.96292,2.66965
0.48382,3.50921,1.96289,2.66765
0.483958,3.50945,1.96287,2.66567
0.484095,3.50969,1.96284,2.66372
0.484233,3.50994,1.96281,2.66179
0.48437,3.51018,1.96278,2.65989
0.482874,3.51368,1.96395,2.57611
0.482536,3.51323,1.964,2.57562
0.482189,3.51276,1.96406,2.57515
0.440002,3.42037,1.9706,2.61425
0.439288,3.41853,1.97071,2.61572
0.438571,3.41669,1.97081,2.6172
0.395465,3.30365,1.97698,2.73036
0.394666,3.30153,1.97709,2.73283
0.356535,3.19946,1.98216,2.86169
0.355726,3.19725,1.98227,2.86465
0.317339,3.08722,1.98738,3.01705
0.316586,3.08496,1.98749,3.02028
0.262505,2.90775,1.99527,-3.00714
0.261875,2.90545,1.99537,-3.00378
0.261247,2.90316,1.99546,-3.00042
0.213716,2.7129,2.00397,-2.72065
0.213204,2.71061,2.00407,-2.71728
0.212692,2.70832,2.00418,-2.71391
0.211674,2.70373,2.00439,-2.70717
0.176313,2.52606,2.0121,-2.44565
0.176,2.52408,2.01218,-2.44261
0.175693,2.52212,2.01226,-2.43959
0.178307,2.42497,2.01545,-2.16766
0.178395,2.42491,2.01543,-2.16704
0.178483,2.42484,2.01541,-2.16644
0.178571,2.42477,2.01539,-2.16584
0.178658,2.4247,2.01537,-2.16526
0.178744,2.42464,2.01535,-2.16468
0.179462,2.40954,2.01571,-2.14151
0.179278,2.40881,2.01572,-2.14144
0.179085,2.40807,2.01573,-2.14138
0.14348,2.30375,2.01801,-2.17058
0.142834,2.30201,2.01807,-2.17139
0.142186,2.30026,2.01814,-2.1722
0.0906795,2.16634,2.02411,-2.25456
0.0899645,2.16455,2.0242,-2.25592
0.0892493,2.16275,2.02428,-2.25727
0.0301998,2.01872,2.03087,-2.37896
0.0287186,2.01519,2.03102,-2.38217
0.0279771,2.01343,2.0311,-2.38377
-0.0369164,1.86056,2.03734,-2.52719
-0.0391059,1.85542,2.03756,-2.53218
-0.0398337,1.8537,2.03763,-2.53385
-0.0405605,1.85199,2.0377,-2.53551
-0.0992932,1.71183,2.04348,-2.6718
-0.160047,1.56765,2.04919,-2.81938
-0.160417,1.56682,2.04923,-2.82061
-0.160778,1.566,2.04928,-2.82183
-0.161132,1.5652,2.04932,-2.82304
-0.161478,1.56442,2.04936,-2.82423
-0.161815,1.56366,2.0494,-2.82542
-0.1927,1.53934,2.04407,-2.90331
-0.193566,1.5392,2.0438,-2.903
-0.194452,1.53906,2.04352,-2.90267
-0.195357,1.53892,2.04324,-2.90233
-0.196282,1.53878,2.04295,-2.90196
-0.197226,1.53865,2.04265,-2.90158
-0.310874,1.53073,2.00859,-2.82088
-0.312673,1.53066,2.00805,-2.81923
-0.314477,1.53059,2.00751,-2.81756
-0.471733,1.52443,1.95876,-2.63675
-0.47353,1.52435,1.95818,-2.63432
-0.475325,1.52426,1.9576,-2.63189
-0.477118,1.52417,1.95702,-2.62945
-0.641656,1.51521,1.9021,-2.381
-0.643326,1.51513,1.90152,-2.37831
-0.644998,1.51504,1.90093,-2.37561
-0.64667,1.51496,1.90035,-2.37291
-0.804902,1.50881,1.84527,-2.11216
-0.806496,1.50878,1.84471,-2.10945
-0.808089,1.50875,1.84414,-2.10674
-0.80968,1.50873,1.84358,-2.10403
-0.952054,1.50947,1.79309,-1.86002
-0.953411,1.50947,1.79263,-1.85754
-0.954752,1.50948,1.79217,-1.85508
-0.956076,1.50948,1.79172,-1.85262
-1.00513,1.50985,1.77071,-1.69843
-1.00517,1.50987,1.77061,-1.69714
-1.00198,1.51044,1.76829,-1.64744
-1.00187,1.51045,1.76828,-1.64674
-1.00166,1.51047,1.76827,-1.64539
-1.0069,1.50813,1.76859,-1.62196
-1.00747,1.50789,1.76859,-1.62213
-1.00805,1.50764,1.7686,-1.62232
-1.11238,1.45165,1.77073,-1.70776
-1.11419,1.45066,1.77079,-1.70967
-1.11601,1.44966,1.77085,-1.71159
-1.26367,1.36993,1.77768,-1.90316
-1.26566,1.36889,1.77779,-1.90614
-1.26766,1.36785,1.77789,-1.90913
-1.41773,1.29475,1.78561,-2.1526
-1.41976,1.29382,1.78571,-2.15604
-1.42179,1.2929,1.78581,-2.15948
-1.54284,1.24111,1.79176,-2.37017
-1.54483,1.2403,1.79185,-2.37374
-1.54682,1.23949,1.79195,-2.37731
-1.70278,1.17895,1.7993,-2.6646
-1.70467,1.17824,1.79939,-2.66819
-1.88234,1.11338,1.80797,-3.01904
-1.88387,1.11288,1.80804,-3.0223
-1.88539,1.11239,1.80811,-3.02554
-1.88689,1.11191,1.80818,-3.02877
-1.88838,1.11144,1.80825,-3.03199
-1.94603,1.11334,1.81019,2.9547
-1.94602,1.11345,1.81017,2.95419
-1.946,1.11356,1.81015,2.9537
-1.94598,1.11367,1.81014,2.95321
-1.94597,1.11377,1.81012,2.95274
-1.94595,1.11388,1.8101,2.95227
-1.94593,1.11398,1.81009,2.9518
-1.98436,1.08027,1.79467,2.91641
-1.98532,1.07925,1.79428,2.91614
-1.98628,1.07823,1.7939,2.91587
-1.98725,1.07719,1.79351,2.9156
-1.98823,1.07615,1.79311,2.91533
-2.07656,0.977134,1.75526,2.89666
-2.07781,0.975713,1.7547,2.89643
-2.07906,0.974291,1.75414,2.8962
-2.18967,0.848218,1.70308,2.87646
-2.19091,0.846803,1.7025,2.87624
-2.19216,0.845389,1.70192,2.87602
-2.1934,0.843975,1.70134,2.8758
-2.31627,0.703576,1.64465,2.85385
-2.31751,0.70216,1.64408,2.85363
-2.31875,0.700745,1.64351,2.8534
-2.31999,0.69933,1.64294,2.85318
-2.44652,0.554304,1.585,2.83006
-2.44901,0.551451,1.58386,2.82961
-2.45025,0.550025,1.58329,2.82938
-2.4515,0.548599,1.58272,2.82915
-2.55275,0.43376,1.5387,2.80907
-2.5533,0.433148,1.53846,2.80891
-2.55383,0.432551,1.53823,2.80875
-2.55436,0.431968,1.538,2.80859
-2.56879,0.416347,1.53081,2.80162
-2.59531,0.40146,1.53637,2.83335
-2.59744,0.400452,1.53684,2.83621
-2.59854,0.399935,1.53709,2.83769
-2.59965,0.399408,1.53733,2.8392
-2.60078,0.398871,1.53758,2.84074
-2.72416,0.337239,1.56809,3.04691
-2.72793,0.335251,1.56912,3.05448
-2.72982,0.334253,1.56963,3.0583
-2.87147,0.253243,1.61171,-2.88028
-2.87325,0.25212,1.61228,-2.87517
-2.87503,0.250997,1.61285,-2.87005
-3.00484,0.158891,1.65867,-2.42296
-3.00623,0.157817,1.65922,-2.41727
-3.00762,0.156745,1.65977,-2.41157
-3.10163,0.0831061,1.70147,-1.96505
-3.10275,0.0822905,1.70202,-1.95914
-3.10387,0.0814782,1.70258,-1.95324
-3.10498,0.0806692,1.70313,-1.94733
-3.17942,0.0338434,1.74139,-1.53041
-3.18044,0.0333503,1.74193,-1.52442
-3.25265,0.012407,1.77939,-1.08965
-3.25341,0.0123422,1.77976,-1.08424
-3.25415,0.0122843,1.78012,-1.07885
-3.27485,0.0281334,1.79341,-0.732358
-3.27477,0.0284618,1.79343,-0.729269
-3.27469,0.02879,1.79345,-0.726208
-3.2679,0.0442628,1.79315,-0.601871
-3.26776,0.044502,1.79313,-0.600175
-3.26762,0.0447391,1.79312,-0.5985
-3.26448,0.0494549,1.79699,-0.514052
-3.2645,0.0490878,1.79714,-0.513113
-3.26451,0.0486975,1.79728,-0.512182
-3.25127,-0.0263833,1.81126,-0.4648
-3.25091,-0.0280095,1.81152,-0.46429
-3.25054,-0.0296446,1.81179,-0.463784
-3.21794,-0.169044,1.83555,-0.434155
-3.21749,-0.170945,1.83588,-0.433855
-3.21705,-0.172846,1.83621,-0.433556
-3.18421,-0.312984,1.86032,-0.413954
-3.18378,-0.314866,1.86064,-0.413708
-3.18334,-0.316748,1.86096,-0.413462
-3.15034,-0.459035,1.88466,-0.395052
-3.14945,-0.462839,1.88527,-0.394556
-3.14901,-0.464739,1.88558,-0.394308
-3.11392,-0.616643,1.91046,-0.373775
-3.11349,-0.618539,1.91077,-0.373515
-3.11305,-0.620435,1.91107,-0.373254
-3.07931,-0.765974,1.9345,-0.352908
-3.07888,-0.767795,1.93477,-0.352646
-3.07845,-0.769604,1.93504,-0.352385
-3.05923,-0.854144,1.94857,-0.336348
-3.05915,-0.854549,1.94865,-0.336196
-3.05907,-0.854942,1.94872,-0.336045
-3.05714,-0.863601,1.95041,-0.329888
-3.05712,-0.863633,1.95041,-0.3298
-3.05711,-0.863664,1.95041,-0.329712
-3.05659,-0.865277,1.95034,-0.326373
-3.07033,-0.904547,1.94449,-0.311727
-3.07087,-0.9057,1.9443,-0.311308
-3.07141,-0.906866,1.94411,-0.310882
-3.09951,-0.961698,1.93434,-0.288983
-3.15094,-1.05346,1.9153,-0.242482
-3.15187,-1.05507,1.91494,-0.241554
-3.21903,-1.16904,1.8889,-0.167767
-3.21999,-1.17063,1.88854,-0.166647
-3.22094,-1.17223,1.88817,-0.165525
-3.2219,-1.17382,1.8878,-0.164401
-3.28916,-1.28504,1.8621,-0.0818627
-3.2901,-1.28658,1.86175,-0.0806778
-3.29104,-1.28812,1.86139,-0.0794927
-3.3621,-1.403,1.83515,0.00931809
-3.36406,-1.40614,1.83444,0.01173
-3.36503,-1.4077,1.83409,0.0129363
-3.44351,-1.53249,1.80578,0.109372
-3.44449,-1.53405,1.80542,0.110575
-3.44548,-1.5356,1.80507,0.111777
-3.51849,-1.64727,1.77779,0.222971
-3.51864,-1.64742,1.77771,0.223553
-3.51879,-1.64757,1.77763,0.224129
-3.51893,-1.6477,1.77755,0.224698
-3.51907,-1.64783,1.77748,0.225262
-3.52193,-1.65601,1.77662,0.260407
-3.52176,-1.65641,1.77666,0.261236
-3.48263,-1.69598,1.77951,0.335844
-3.48153,-1.69686,1.77958,0.337622
-3.48042,-1.69773,1.77965,0.339417
-3.39647,-1.75858,1.78552,0.486829
-3.39512,-1.75954,1.78562,0.489522
-3.31532,-1.81784,1.792,0.668791
-3.31401,-1.81882,1.7921,0.67202
-3.31271,-1.81981,1.79221,0.675253
-3.23247,-1.88301,1.79865,0.894528
-3.2313,-1.884,1.79874,0.898017
-3.23013,-1.88498,1.79884,0.901509
-3.15643,-1.95135,1.80488,1.1324
-3.15532,-1.95242,1.80498,1.13601
-3.08154,-2.02886,1.81166,1.38252
-3.08048,-2.03003,1.81175,1.38615
-3.07943,-2.03121,1.81184,1.38979
-3.01893,-2.10238,1.81729,1.60068
-3.0179,-2.10365,1.81739,1.60429
-2.96236,-2.20197,1.81961,1.97459
-2.9625,-2.2021,1.81961,1.97582
-2.96278,-2.20236,1.81959,1.97823
-2.96293,-2.20248,1.81958,1.97942
-2.96307,-2.2026,1.81958,1.98058
-2.96322,-2.20272,1.81957,1.98174
-2.95562,-2.23771,1.81515,2.06782
-2.9551,-2.23882,1.81496,2.06898
-2.95458,-2.23994,1.81476,2.07014
-2.95404,-2.24108,1.81455,2.07132
-2.90177,-2.35194,1.78905,2.18071
-2.90097,-2.35368,1.78859,2.18252
-2.90018,-2.35543,1.78813,2.18433
-2.84036,-2.49455,1.74984,2.34318
-2.83958,-2.49642,1.74934,2.34544
-2.8388,-2.49828,1.74883,2.34771
-2.78245,-2.63414,1.71281,2.51934
-2.78006,-2.63986,1.71133,2.52674
-2.77926,-2.64176,1.71084,2.52921
-2.71604,-2.79097,1.67334,2.72243
-2.71521,-2.79291,1.67286,2.72495
-2.71437,-2.79484,1.67238,2.72748
-2.64054,-2.96107,1.63197,2.94079
-2.63962,-2.96306,1.63148,2.94334
-2.6387,-2.96506,1.631,2.94589
-2.63778,-2.96705,1.63052,2.94843
-2.56293,-3.12452,1.59405,-3.12579
-2.54629,-3.17043,1.583,-3.00703
-2.54626,-3.17058,1.58299,-3.00631
-2.54623,-3.17072,1.58298,-3.0056
-2.5462,-3.17086,1.58297,-3.00489
-2.54617,-3.171,1.58296,-3.0042
-2.54614,-3.17113,1.58296,-3.00351
-2.54496,-3.17595,1.58357,-2.97895
-2.53943,-3.20035,1.57324,-2.9744
-2.53936,-3.2012,1.57279,-2.9748
-2.53929,-3.20207,1.57234,-2.97522
-2.53923,-3.20295,1.57188,-2.97565
-2.53917,-3.20385,1.5714,-2.97609
-2.54436,-3.30088,1.51709,-3.05072
-2.54453,-3.3024,1.51617,-3.05224
-2.5447,-3.30393,1.51526,-3.05378
-2.55826,-3.41937,1.44233,3.08458
-2.55842,-3.42085,1.44135,3.08238
-2.55874,-3.42381,1.43939,3.07796
-2.5704,-3.5602,1.34824,2.85263
-2.57048,-3.5616,1.34728,2.85012
-2.57056,-3.56301,1.34633,2.84761
-2.57065,-3.56442,1.34537,2.8451
-2.57419,-3.71079,1.24833,2.58638
-2.57419,-3.71227,1.24737,2.5838
-2.57419,-3.71375,1.24641,2.58122
-2.57418,-3.71523,1.24546,2.57864
-2.57012,-3.85493,1.15609,2.33575
-2.57004,-3.85633,1.15527,2.33334
-2.56996,-3.85771,1.15446,2.33094
-2.56988,-3.85908,1.15366,2.32855
-2.56259,-3.91713,1.11348,2.17614
-2.56247,-3.9173,1.11327,2.17481
-2.56234,-3.91745,1.11306,2.1735
-2.55489,-3.91885,1.10827,2.11503
-2.55468,-3.91879,1.10829,2.1138
-2.53786,-3.93898,1.10052,2.06083
-2.5373,-3.93982,1.10024,2.05981
-2.53673,-3.94067,1.09994,2.05878
-2.53614,-3.94154,1.09964,2.05774
-2.53236,-3.94708,1.09774,2.05119
-2.45696,-4.04714,1.06105,1.92405
-2.45576,-4.04862,1.06046,1.92187
-2.45456,-4.0501,1.05986,1.91968
-2.34732,-4.1752,1.00777,1.70587
-2.34597,-4.17673,1.00714,1.70299
-2.34462,-4.17827,1.00651,1.70011
-2.23227,-4.30805,0.956058,1.45365
-2.23087,-4.3097,0.955439,1.4505
-2.22947,-4.31136,0.95482,1.44734
-2.22807,-4.31302,0.954202,1.44418
-2.1186,-4.4464,0.906635,1.19502
-2.1172,-4.44816,0.906032,1.19181
-2.1158,-4.44992,0.905429,1.1886
-2.02202,-4.57261,0.864544,0.970005
-2.02065,-4.57447,0.863939,0.966788
-2.01928,-4.57634,0.863334,0.963572
-1.93527,-4.6964,0.826654,0.758975
-1.93426,-4.69792,0.826225,0.756198
-1.89287,-4.75927,0.808046,0.606444
-1.8833,-4.77346,0.80598,0.541693
-1.88304,-4.77379,0.806099,0.540448
-1.88277,-4.77412,0.806227,0.539199
-1.88249,-4.77446,0.806364,0.537949
-1.84852,-4.79531,0.825576,0.469161
-1.84737,-4.79584,0.826236,0.467483
-1.7528,-4.83465,0.885586,0.335483
-1.75116,-4.8353,0.886716,0.333046
-1.74951,-4.83596,0.887849,0.330597
-1.63408,-4.88249,0.971973,0.137398
-1.63248,-4.88316,0.973204,0.134379
-1.63087,-4.88384,0.974435,0.131353
-1.54097,-4.92343,1.04401,-0.0490039
-1.53943,-4.92415,1.04523,-0.0522891
-1.47188,-4.95639,1.09878,-0.199814
-1.47035,-4.95714,1.09999,-0.20322
-1.40347,-4.99105,1.15448,-0.358172
-1.40203,-4.9918,1.15569,-0.361643
-1.34052,-5.02416,1.20853,-0.51478
-1.26901,-5.06196,1.27346,-0.704018
-1.2677,-5.06264,1.27467,-0.707537
-1.26638,-5.06333,1.27587,-0.711055
-1.2165,-5.08951,1.32242,-0.847736
-1.15657,-5.12655,1.38836,-1.1063
-1.15642,-5.1267,1.38872,-1.10819
-1.15626,-5.12686,1.38907,-1.11005
-1.1561,-5.12701,1.38942,-1.11188
-1.05971,-5.17422,1.3936,-1.09058
-1.0579,-5.17494,1.39343,-1.08827
-1.05608,-5.17566,1.39326,-1.08593
-1.05424,-5.17639,1.39308,-1.08355
-0.821187,-5.2503,1.36936,-0.649316
-0.819006,-5.25082,1.36914,-0.644334
-0.816827,-5.25134,1.36891,-0.639339
-0.81465,-5.25185,1.36869,-0.634331
-0.731343,-5.26874,1.36017,-0.431073
-0.729258,-5.2691,1.35995,-0.425692
-0.649046,-5.28068,1.35147,-0.206076
-0.647138,-5.2809,1.35126,-0.200489
-0.558057,-5.29075,1.34114,0.0784961
-0.491496,-5.29749,1.33269,0.310913
-0.489945,-5.29765,1.33248,0.316745
-0.437931,-5.30429,1.32502,0.52781
-0.436575,-5.30452,1.32481,0.533692
-0.392879,-5.31377,1.31785,0.733935
-0.344608,-5.32964,1.30934,0.984986
-0.343637,-5.33003,1.30916,0.990618
-0.315042,-5.34436,1.30224,1.24021
-0.314873,-5.34457,1.30213,1.24466
-0.318238,-5.353,1.29948,1.42237
-0.318454,-5.35324,1.29952,1.42568
-0.348072,-5.39829,1.31708,1.58337
-0.348803,-5.39951,1.31758,1.58511
-0.409589,-5.50267,1.36164,1.65859
-0.410538,-5.50431,1.36236,1.6591
-0.411487,-5.50595,1.36308,1.65959
-0.478346,-5.62555,1.41719,1.66945
-0.479242,-5.62722,1.41795,1.66932
-0.480138,-5.62889,1.41872,1.66919
-0.543131,-5.74878,1.47363,1.65019
-0.543975,-5.75042,1.47438,1.64985
-0.544819,-5.75206,1.47514,1.64951
-0.65609,-5.97167,1.57519,1.60159
-0.656904,-5.97328,1.5759,1.60125
-0.657715,-5.9749,1.57661,1.60091
-0.658525,-5.97651,1.57731,1.60058
-0.659332,-5.97812,1.57801,1.60025
-0.660137,-5.97972,1.5787,1.59991
-0.704879,-6.07179,1.61613,1.57132
-0.704891,-6.07183,1.61615,1.57121
-0.704902,-6.07188,1.61618,1.57111
-0.704911,-6.07192,1.61621,1.571
-0.70492,-6.07196,1.61623,1.5709
-0.701891,-6.07808,1.6183,1.5552
-0.701561,-6.07844,1.6183,1.55446
-0.701212,-6.0788,1.61829,1.55369
-0.626567,-6.12843,1.60683,1.43424
-0.624835,-6.12942,1.60652,1.43153
-0.62309,-6.13042,1.6062,1.42878
-0.483054,-6.20599,1.5785,1.18601
-0.480864,-6.20715,1.57805,1.18185
-0.344946,-6.2825,1.55012,0.903571
-0.34269,-6.28385,1.54966,0.898678
-0.340435,-6.2852,1.5492,0.893778
-0.204768,-6.37646,1.52105,0.578214
-0.202689,-6.37802,1.52061,0.572976
-0.0762575,-6.48175,1.49259,0.237196
-0.07437,-6.48347,1.49215,0.231814
-0.0724866,-6.48519,1.49172,0.226432
0.0123257,-6.56862,1.47087,-0.0325443
0.0139813,-6.57036,1.47043,-0.0379523
0.0883396,-6.65263,1.44983,-0.293319
0.0898514,-6.65439,1.44939,-0.298769
0.158483,-6.74055,1.42838,-0.566893
0.159599,-6.74214,1.42803,-0.571989
0.192965,-6.81007,1.41378,-0.860564
0.192979,-6.81054,1.41367,-0.863972
0.192985,-6.81099,1.41357,-0.867353
0.188697,-6.8241,1.4106,-0.994389
0.188709,-6.8243,1.41056,-0.996424
0.21288,-6.82989,1.40833,-1.03938
0.265831,-6.82482,1.40622,-1.00649
0.267664,-6.82453,1.40616,-1.00474
0.330064,-6.81254,1.40442,-0.930437
0.42104,-6.79138,1.40247,-0.786474
0.423415,-6.79079,1.40242,-0.782327
0.528522,-6.76115,1.40016,-0.580458
0.538033,-6.75812,1.39996,-0.560528
0.653842,-6.71556,1.39755,-0.296877
0.65607,-6.71462,1.39751,-0.291374
0.779576,-6.65597,1.39484,0.0372321
0.781561,-6.65489,1.3948,0.0430258
0.892452,-6.59031,1.39189,0.395382
0.894171,-6.58924,1.39184,0.401325
0.989406,-6.52749,1.38899,0.76499
0.990806,-6.52657,1.38895,0.77098
0.992204,-6.52566,1.38891,0.776972
1.06437,-6.48085,1.38657,1.1052
1.06552,-6.48013,1.38652,1.11098
1.10289,-6.45185,1.38338,1.63551
1.10313,-6.45172,1.38336,1.63842
1.10339,-6.45158,1.38333,1.64131
1.10366,-6.45142,1.3833,1.64417
1.10394,-6.45125,1.38328,1.64701
1.19465,-6.38836,1.38205,1.82311
1.1961,-6.38738,1.38206,1.82419
1.19756,-6.38639,1.38207,1.82525
1.19902,-6.38539,1.38208,1.82631
1.32779,-6.30024,1.38411,1.8803
1.32942,-6.29918,1.38414,1.88068
1.33104,-6.29813,1.38417,1.88105
1.60663,-6.12168,1.38794,1.91596
1.60828,-6.12063,1.38796,1.91613
1.60993,-6.11958,1.38798,1.9163
1.61158,-6.11853,1.388,1.91648
1.61323,-6.11748,1.38801,1.91665
1.61488,-6.11643,1.38803,1.91682
1.61653,-6.11538,1.38805,1.917
1.74229,-6.03542,1.38957,1.93126
1.74396,-6.03436,1.38959,1.93146
1.74563