3.51128,-2.36794,0.793901,-3.08362
3.53023,-2.36164,0.79508,-3.06598
3.54917,-2.35534,0.796259,-3.04833
3.56811,-2.34904,0.797439,-3.03069
3.58706,-2.34274,0.798618,-3.01304
3.606,-2.33643,0.799797,-2.9954
3.62495,-2.33013,0.800976,-2.97776
3.64389,-2.32383,0.802156,-2.96011
3.66284,-2.31753,0.803335,-2.94247
3.68178,-2.31123,0.804514,-2.92482
3.70073,-2.30493,0.805693,-2.90718
3.71967,-2.29863,0.806873,-2.88954
3.73862,-2.29233,0.808052,-2.87189
3.75756,-2.28602,0.809231,-2.85425
3.77651,-2.27972,0.81041,-2.8366
3.79545,-2.27342,0.81159,-2.81896
3.8144,-2.26712,0.812769,-2.80132
3.83334,-2.26082,0.813948,-2.78367
3.85229,-2.25452,0.815128,-2.76603
3.87123,-2.24822,0.816307,-2.74838
3.89017,-2.24191,0.817486,-2.73074
3.90912,-2.23561,0.818665,-2.7131
3.92806,-2.22931,0.819845,-2.69545
3.94701,-2.22301,0.821024,-2.67781
3.96595,-2.21671,0.822203,-2.66016
3.9849,-2.21041,0.823382,-2.64252
4.00384,-2.20411,0.824562,-2.62488
4.02279,-2.19781,0.825741,-2.60723
4.04173,-2.1915,0.82692,-2.58959
4.06068,-2.1852,0.8281,-2.57194
4.07962,-2.1789,0.829279,-2.5543
4.09857,-2.1726,0.830458,-2.53666
4.11751,-2.1663,0.831637,-2.51901
4.13646,-2.16,0.832817,-2.50137
4.1554,-2.1537,0.833996,-2.48372
4.17435,-2.14739,0.835175,-2.46608
4.19329,-2.14109,0.836354,-2.44844
4.21224,-2.13479,0.837534,-2.43079
4.23118,-2.12849,0.838713,-2.41315
4.25012,-2.12219,0.839892,-2.3955
4.26907,-2.11589,0.841072,-2.37786
4.28801,-2.10959,0.842251,-2.36022
4.30696,-2.10329,0.84343,-2.34257
4.3259,-2.09698,0.844609,-2.32493
4.34485,-2.09068,0.845789,-2.30728
4.36379,-2.08438,0.846968,-2.28964
4.38274,-2.07808,0.848147,-2.272
4.40168,-2.07178,0.849326,-2.25435
4.42063,-2.06548,0.850506,-2.23671
4.43957,-2.05918,0.851685,-2.21906
4.45852,-2.05287,0.852864,-2.20142
4.47746,-2.04657,0.854043,-2.18378
4.49641,-2.04027,0.855223,-2.16613
4.51535,-2.03397,0.856402,-2.14849
4.5343,-2.02767,0.857581,-2.13084
4.55324,-2.02137,0.858761,-2.1132
4.57218,-2.01507,0.85994,-2.09556
4.59113,-2.00877,0.861119,-2.07791
4.61007,-2.00246,0.862298,-2.06027
4.62902,-1.99616,0.863478,-2.04262
4.64796,-1.98986,0.864657,-2.02498
4.66691,-1.98356,0.865836,-2.00734
4.68585,-1.97726,0.867015,-1.98969
4.7048,-1.97096,0.868195,-1.97205
4.72374,-1.96466,0.869374,-1.9544
4.74269,-1.95835,0.870553,-1.93676
4.76163,-1.95205,0.871733,-1.91911
4.78058,-1.94575,0.872912,-1.90147
4.79952,-1.93945,0.874091,-1.88383
4.81847,-1.93315,0.87527,-1.86618
4.83741,-1.92685,0.87645,-1.84854
4.85636,-1.92055,0.877629,-1.83089
4.8753,-1.91425,0.878808,-1.81325
4.89425,-1.90794,0.879987,-1.79561
4.91319,-1.90164,0.881167,-1.77796
4.93213,-1.89534,0.882346,-1.76032
4.95108,-1.88904,0.883525,-1.74267
4.97002,-1.88274,0.884704,-1.72503
4.98897,-1.87644,0.885884,-1.70739
5.00791,-1.87014,0.887063,-1.68974
5.02686,-1.86383,0.888242,-1.6721
5.0458,-1.85753,0.889422,-1.65445
5.06475,-1.85123,0.890601,-1.63681
5.08369,-1.84493,0.89178,-1.61917
5.10264,-1.83863,0.892959,-1.60152
5.12158,-1.83233,0.894139,-1.58388
5.14053,-1.82603,0.895318,-1.56623
5.15947,-1.81973,0.896497,-1.54859
5.17842,-1.81342,0.897676,-1.53095
5.19736,-1.80712,0.898856,-1.5133
5.21631,-1.80082,0.900035,-1.49566
5.23525,-1.79452,0.901214,-1.47801
5.25419,-1.78822,0.902394,-1.46037
5.27314,-1.78192,0.903573,-1.44273
5.29208,-1.77562,0.904752,-1.42508
5.31103,-1.76931,0.905931,-1.40744
5.32997,-1.76301,0.907111,-1.38979
5.34892,-1.75671,0.90829,-1.37215
5.36786,-1.75041,0.909469,-1.35451
5.38681,-1.74411,0.910648,-1.33686
5.40575,-1.73781,0.911828,-1.31922
5.4247,-1.73151,0.913007,-1.30157
5.44364,-1.72521,0.914186,-1.28393
5.46259,-1.7189,0.915366,-1.26629
5.48153,-1.7126,0.916545,-1.24864
5.50048,-1.7063,0.917724,-1.231
5.51942,-1.7,0.918903,-1.21335
5.53837,-1.6937,0.920083,-1.19571
5.55731,-1.6874,0.921262,-1.17807
5.57626,-1.6811,0.922441,-1.16042
5.5952,-1.67479,0.92362,-1.14278
5.61414,-1.66849,0.9248,-1.12513
5.63309,-1.66219,0.925979,-1.10749
5.65203,-1.65589,0.927158,-1.08985
5.67098,-1.64959,0.928337,-1.0722
5.68992,-1.64329,0.929517,-1.05456
5.70887,-1.63699,0.930696,-1.03691
5.72781,-1.63069,0.931875,-1.01927
5.74676,-1.62438,0.933055,-1.00163
5.7657,-1.61808,0.934234,-0.983982
5.78465,-1.61178,0.935413,-0.966338
5.80359,-1.60548,0.936592,-0.948694
5.82254,-1.59918,0.937772,-0.93105
5.84148,-1.59288,0.938951,-0.913406
5.86043,-1.58658,0.94013,-0.895762
5.87937,-1.58027,0.941309,-0.878118
5.89832,-1.57397,0.942489,-0.860474
5.91726,-1.56767,0.943668,-0.842829
5.9362,-1.56137,0.944847,-0.825185
5.95515,-1.55507,0.946027,-0.807541
5.97409,-1.54877,0.947206,-0.789897
5.99304,-1.54247,0.948385,-0.772253
6.01198,-1.53617,0.949564,-0.754609
6.03093,-1.52986,0.950744,-0.736965
6.04987,-1.52356,0.951923,-0.719321
6.06882,-1.51726,0.953102,-0.701677
6.08776,-1.51096,0.954281,-0.684033
6.10671,-1.50466,0.955461,-0.666389
6.12565,-1.49836,0.95664,-0.648745
6.1446,-1.49206,0.957819,-0.631101
6.16354,-1.48575,0.958998,-0.613457
6.18249,-1.47945,0.960178,-0.595813
6.20143,-1.47315,0.961357,-0.578169
6.22038,-1.46685,0.962536,-0.560525
6.23932,-1.46055,0.963716,-0.542881
6.25827,-1.45425,0.964895,-0.525237
6.27721,-1.44795,0.966074,-0.507593
6.29615,-1.44165,0.967253,-0.489949
6.3151,-1.43534,0.968433,-0.472305
6.33404,-1.42904,0.969612,-0.454661
6.35299,-1.42274,0.970791,-0.437017
6.37193,-1.41644,0.97197,-0.419373
6.39088,-1.41014,0.97315,-0.401729
6.40982,-1.40384,0.974329,-0.384085
6.42877,-1.39754,0.975508,-0.366441
6.44771,-1.39123,0.976688,-0.348797
6.46666,-1.38493,0.977867,-0.331153
6.4856,-1.37863,0.979046,-0.313509
6.50455,-1.37233,0.980225,-0.295865
6.52349,-1.36603,0.981405,-0.278221
6.54244,-1.35973,0.982584,-0.260577
6.56138,-1.35343,0.983763,-0.242933
6.58033,-1.34713,0.984942,-0.225289
6.59927,-1.34082,0.986122,-0.207645
6.61821,-1.33452,0.987301,-0.190001
6.63716,-1.32822,0.98848,-0.172357
6.6561,-1.32192,0.98966,-0.154713
6.67505,-1.31562,0.990839,-0.137069
6.69399,-1.30932,0.992018,-0.119425
6.71294,-1.30302,0.993197,-0.101781
6.73188,-1.29671,0.994377,-0.0841365
6.75083,-1.29041,0.995556,-0.0664925
6.76977,-1.28411,0.996735,-0.0488484
6.78872,-1.27781,0.997914,-0.0312044
6.80766,-1.27151,0.999094,-0.0135604
6.93506,-1.28423,1.05411,-0.0610326
6.93414,-1.30355,1.05921,-0.0608051
6.93323,-1.32287,1.06431,-0.0605776
6.93231,-1.34219,1.06941,-0.0603501
6.93139,-1.3615,1.07451,-0.0601226
6.93047,-1.38082,1.07961,-0.0598951
6.92956,-1.40014,1.08471,-0.0596677
6.92864,-1.41945,1.08981,-0.0594402
6.92772,-1.43877,1.09491,-0.0592127
6.9268,-1.45809,1.10001,-0.0589852
6.92589,-1.47741,1.10511,-0.0587577
6.92497,-1.49672,1.11021,-0.0585302
6.92405,-1.51604,1.11531,-0.0583027
6.92313,-1.53536,1.12041,-0.0580752
6.92222,-1.55467,1.12551,-0.0578477
6.9213,-1.57399,1.13061,-0.0576202
6.92038,-1.59331,1.13571,-0.0573927
6.91946,-1.61263,1.14081,-0.0571652
6.91855,-1.63194,1.14591,-0.0569377
6.91763,-1.65126,1.15101,-0.0567102
6.91671,-1.67058,1.1561,-0.0564827
6.91579,-1.68989,1.1612,-0.0562552
6.91487,-1.70921,1.1663,-0.0560277
6.91396,-1.72853,1.1714,-0.0558002
6.91304,-1.74785,1.1765,-0.0555727
6.91212,-1.76716,1.1816,-0.0553452
6.9112,-1.78648,1.1867,-0.0551178
6.91029,-1.8058,1.1918,-0.0548903
6.90937,-1.82511,1.1969,-0.0546628
6.90845,-1.84443,1.202,-0.0544353
6.90753,-1.86375,1.2071,-0.0542078
6.90662,-1.88307,1.2122,-0.0539803
6.9057,-1.90238,1.2173,-0.0537528
6.90478,-1.9217,1.2224,-0.0535253
6.90386,-1.94102,1.2275,-0.0532978
6.90295,-1.96033,1.2326,-0.0530703
6.90203,-1.97965,1.2377,-0.0528428
6.90111,-1.99897,1.2428,-0.0526153
6.90019,-2.01829,1.2479,-0.0523878
6.89928,-2.0376,1.253,-0.0521603
6.89836,-2.05692,1.2581,-0.0519328
6.89744,-2.07624,1.26319,-0.0517053
6.89652,-2.09556,1.26829,-0.0514778
6.89561,-2.11487,1.27339,-0.0512503
6.89469,-2.13419,1.27849,-0.0510228
6.89377,-2.15351,1.28359,-0.0507953
6.89285,-2.17282,1.28869,-0.0505679
6.89194,-2.19214,1.29379,-0.0503404
6.89102,-2.21146,1.29889,-0.0501129
6.8901,-2.23078,1.30399,-0.0498854
6.88918,-2.25009,1.30909,-0.0496579
6.88826,-2.26941,1.31419,-0.0494304
6.88735,-2.28873,1.31929,-0.0492029
6.88643,-2.30804,1.32439,-0.0489754
6.88551,-2.32736,1.32949,-0.0487479
6.88459,-2.34668,1.33459,-0.0485204
6.88368,-2.366,1.33969,-0.0482929
6.88276,-2.38531,1.34479,-0.0480654
6.88184,-2.40463,1.34989531