-0.510286,-2.38739,0.793464,-3.08791
-0.500884,-2.39027,0.792377,-3.01071
-0.491482,-2.39315,0.791291,-2.93352
-0.48208,-2.39603,0.790204,-2.85632
-0.472679,-2.39891,0.789117,-2.77912
-0.463277,-2.40179,0.788031,-2.70192
-0.453875,-2.40468,0.786944,-2.62472
-0.444473,-2.40756,0.785858,-2.54753
-0.435071,-2.41044,0.784771,-2.47033
-0.425669,-2.41332,0.783684,-2.39313
-0.416267,-2.4162,0.782598,-2.31593
-0.406865,-2.41908,0.781511,-2.23874
-0.397463,-2.42196,0.780425,-2.16154
-0.388062,-2.42484,0.779338,-2.08434
-0.37866,-2.42772,0.778251,-2.00714
-0.369258,-2.43061,0.777165,-1.92994
-0.359856,-2.43349,0.776078,-1.85275
-0.350454,-2.43637,0.774992,-1.77555
-0.341052,-2.43925,0.773905,-1.69835
-0.33165,-2.44213,0.772818,-1.62115
-0.322248,-2.44501,0.771732,-1.54396
-0.312846,-2.44789,0.770645,-1.46676
-0.303445,-2.45077,0.769559,-1.38956
-0.294043,-2.45365,0.768472,-1.31236
-0.284641,-2.45653,0.767385,-1.23516
-0.275239,-2.45942,0.766299,-1.15797
-0.265837,-2.4623,0.765212,-1.08077
-0.256435,-2.46518,0.764126,-1.00357
-0.247033,-2.46806,0.763039,-0.926374
-0.237631,-2.47094,0.761953,-0.849176
-0.228229,-2.47382,0.760866,-0.771978
-0.218828,-2.4767,0.759779,-0.69478
-0.209426,-2.47958,0.758693,-0.617582
-0.200024,-2.48246,0.757606,-0.540385
-0.190622,-2.48535,0.75652,-0.463187
-0.18122,-2.48823,0.755433,-0.385989
-0.171818,-2.49111,0.754346,-0.308791
-0.162416,-2.49399,0.75326,-0.231593
-0.153014,-2.49687,0.752173,-0.154396
-0.143612,-2.49975,0.751087,-0.0771978
-0.166876,-2.62334,0.815457,-1.24007
-0.164426,-2.61429,0.810548,-1.14707
-0.161976,-2.60524,0.805639,-1.05406
-0.159526,-2.59618,0.800729,-0.961056
-0.157076,-2.58713,0.79582,-0.868051
-0.154627,-2.57808,0.790911,-0.775045
-0.152177,-2.56902,0.786001,-0.68204
-0.149727,-2.55997,0.781092,-0.589034
-0.147277,-2.55092,0.776183,-0.496029
-0.144827,-2.54186,0.771274,-0.403023
-0.142377,-2.53281,0.766364,-0.310018
-0.139927,-2.52376,0.761455,-0.217013
-0.137477,-2.5147,0.756546,-0.124007
-0.135027,-2.50565,0.751636,-0.0310018
-0.0545169,-2.65997,0.846452,-0.671566
-0.0624459,-2.64431,0.836856,-0.604749
-0.0703749,-2.62866,0.827259,-0.537933
-0.0783039,-2.61301,0.817663,-0.471117
-0.0862328,-2.59735,0.808067,-0.4043
-0.0941618,-2.5817,0.79847,-0.337484
-0.102091,-2.56604,0.788874,-0.270668
-0.11002,-2.55039,0.779278,-0.203852
-0.117949,-2.53474,0.769681,-0.137035
-0.125878,-2.51908,0.760085,-0.070219
-0.133807,-2.50343,0.750489,-0.00340274
0.0316228,-2.63673,0.854568,-0.379467
0.0176592,-2.62544,0.845763,-0.347515
0.00369565,-2.61415,0.836958,-0.315563
-0.0102679,-2.60285,0.828154,-0.283611
-0.0242315,-2.59156,0.819349,-0.251659
-0.0381951,-2.58027,0.810544,-0.219707
-0.0521586,-2.56898,0.801739,-0.187755
-0.0661222,-2.55769,0.792934,-0.155803
-0.0800858,-2.5464,0.784129,-0.123851
-0.0940494,-2.53511,0.775324,-0.0918986
-0.108013,-2.52382,0.766519,-0.0599465
-0.121977,-2.51252,0.757714,-0.0279944
0.0879048,-2.6075,0.858921,-0.218841
0.0713719,-2.5997,0.850814,-0.202552
0.0548391,-2.59189,0.842706,-0.186263
0.0383062,-2.58409,0.834599,-0.169974
0.0217734,-2.57628,0.826492,-0.153685
0.00524051,-2.56847,0.818384,-0.137396
-0.0112924,-2.56067,0.810277,-0.121106
-0.0278252,-2.55286,0.802169,-0.104817
-0.0443581,-2.54506,0.794062,-0.0885281
-0.0608909,-2.53725,0.785955,-0.0722389
-0.0774238,-2.52944,0.777847,-0.0559497
-0.0939566,-2.52164,0.76974,-0.0396606
-0.110489,-2.51383,0.761632,-0.0233714
-0.127022,-2.50603,0.753525,-0.00708223
0.116264,-2.57645,0.857833,-0.123392
0.0985325,-2.57123,0.850199,-0.114657
0.0808008,-2.566,0.842565,-0.105922
0.063069,-2.56077,0.834932,-0.0971863
0.0453373,-2.55555,0.827298,-0.0884511
0.0276055,-2.55032,0.819664,-0.0797158
0.00987378,-2.5451,0.81203,-0.0709806
-0.00785797,-2.53987,0.804397,-0.0622454
-0.0255897,-2.53464,0.796763,-0.0535101
-0.0433215,-2.52942,0.789129,-0.0447749
-0.0610532,-2.52419,0.781495,-0.0360397
-0.078785,-2.51897,0.773862,-0.0273044
-0.0965167,-2.51374,0.766228,-0.0185692
-0.114248,-2.50851,0.758594,-0.00983396
-0.13198,-2.50329,0.75096,-0.00109872
0.126022,-2.54973,0.854449,-0.065063
0.107718,-2.54641,0.847102,-0.0604866
0.0894136,-2.5431,0.839755,-0.0559102
0.0711091,-2.53979,0.832408,-0.0513337
0.0528047,-2.53648,0.825062,-0.0467573
0.0345003,-2.53316,0.817715,-0.0421808
0.0161959,-2.52985,0.810368,-0.0376044
-0.00210851,-2.52654,0.803021,-0.0330279
-0.0204129,-2.52323,0.795675,-0.0284515
-0.0387173,-2.51991,0.788328,-0.0238751
-0.0570218,-2.5166,0.780981,-0.0192986
-0.0753262,-2.51329,0.773634,-0.0147222
-0.0936306,-2.50998,0.766287,-0.0101457
-0.111935,-2.50666,0.758941,-0.0055693
-0.130239,-2.50335,0.751594,-0.000992853
0.132832,-2.53188,0.853107,-0.0353587
0.114271,-2.52985,0.845941,-0.032901
0.0957102,-2.52782,0.838774,-0.0304434
0.0771493,-2.52578,0.831608,-0.0279858
0.0585884,-2.52375,0.824441,-0.0255282
0.0400275,-2.52172,0.817275,-0.0230706
0.0214666,-2.51968,0.810108,-0.0206129
0.00290565,-2.51765,0.802942,-0.0181553
-0.0156553,-2.51562,0.795775,-0.0156977
-0.0342162,-2.51358,0.788609,-0.0132401
-0.0527771,-2.51155,0.781442,-0.0107825
-0.071338,-2.50952,0.774276,-0.00832485
-0.0898989,-2.50749,0.767109,-0.00586723
-0.10846,-2.50545,0.759943,-0.00340961
-0.127021,-2.50342,0.752776,-0.000951989
0.130918,-2.51968,0.850993,-0.0180182
0.112262,-2.51848,0.843887,-0.0167503
0.0936056,-2.51728,0.83678,-0.0154824
0.0749493,-2.51608,0.829673,-0.0142145
0.056293,-2.51488,0.822567,-0.0129467
0.0376367,-2.51368,0.81546,-0.0116788
0.0189804,-2.51248,0.808354,-0.0104109
0.000324091,-2.51128,0.801247,-0.00914299
-0.0183322,-2.51008,0.79414,-0.00787511
-0.0369885,-2.50888,0.787034,-0.00660722
-0.0556448,-2.50768,0.779927,-0.00533934
-0.0743011,-2.50648,0.772821,-0.00407145
-0.0929575,-2.50528,0.765714,-0.00280356
-0.111614,-2.50408,0.758608,-0.00153568
-0.13027,-2.50288,0.751501,-0.000267794
0.134375,-2.51252,0.850863,-0.00894103
0.115663,-2.51183,0.843836,-0.00831812
0.096951,-2.51114,0.836809,-0.0076952
0.0782388,-2.51045,0.829782,-0.00707229
0.0595266,-2.50976,0.822755,-0.00644937
0.0408144,-2.50908,0.815728,-0.00582646
0.0221022,-2.50839,0.808701,-0.00520354
0.00339007,-2.5077,0.801674,-0.00458063
-0.0153221,-2.50701,0.794647,-0.00395771
-0.0340343,-2.50632,0.78762,-0.0033348
-0.0527465,-2.50563,0.780593,-0.00271188
-0.0714586,-2.50494,0.773566,-0.00208897
-0.0901708,-2.50425,0.766538,-0.00146605
-0.108883,-2.50356,0.759511,-0.000843136
-0.127595,-2.50287,0.752484,-0.00022022
0.137426,-2.50827,0.851493,-0.0049339
0.118695,-2.50788,0.844494,-0.00459367
0.0999636,-2.50749,0.837496,-0.00425344
0.0812321,-2.5071,0.830497,-0.00391321
0.0625007,-2.50671,0.823498,-0.00357298
0.0437693,-2.50633,0.8165,-0.00323275
0.0250378,-2.50594,0.809501,-0.00289252
0.00630639,-2.50555,0.802502,-0.00255229
-0.012425,-2.50516,0.795503,-0.00221206
-0.0311565,-2.50477,0.788505,-0.00187183
-0.0498879,-2.50438,0.781506,-0.0015316
-0.0686193,-2.50399,0.774507,-0.00119137
-0.0873508,-2.5036,0.767508,-0.00085114
-0.106082,-2.50322,0.76051,-0.000510911
-0.124814,-2.50283,0.753511,-0.000170681
0.133749,-2.50564,0.850826,-0.00260329
0.115032,-2.50543,0.843783,-0.00242144
0.0963139,-2.50522,0.83674,-0.0022396
0.0775962,-2.50501,0.829697,-0.00205775
0.0588785,-2.5048,0.822654,-0.0018759
0.0401608,-2.50459,0.815611,-0.00169406
0.021443,-2.50438,0.808568,-0.00151221
0.00272535,-2.50417,0.801525,-0.00133036
-0.0159924,-2.50396,0.794482,-0.00114852
-0.0347101,-2.50375,0.787439,-0.000966669
-0.0534278,-2.50354,0.780396,-0.000784823
-0.0721455,-2.50333,0.773353,-0.000602976
-0.0908632,-2.50312,0.76631,-0.000421129
-0.109581,-2.50291,0.759267,-0.000239283
-0.128299,-2.5027,0.752225,-5.7436e-05
0.12224,-2.50406,0.847799,-0.00133087
0.103553,-2.50396,0.840672,-0.00123389
0.0848665,-2.50385,0.833546,-0.00113692
0.0661795,-2.50375,0.82642,-0.00103994
0.0474925,-2.50365,0.819293,-0.000942961
0.0288055,-2.50354,0.812167,-0.000845983
0.0101185,-2.50344,0.80504,-0.000749005
-0.00856855,-2.50333,0.797914,-0.000652028
-0.0272556,-2.50323,0.790788,-0.00055505
-0.0459426,-2.50312,0.783661,-0.000458073
-0.0646296,-2.50302,0.776535,-0.000361095
-0.0833166,-2.50292,0.769409,-0.000264118
-0.102004,-2.50281,0.762282,-0.00016714
-0.120691,-2.50271,0.755156,-7.01629e-05
0.137544,-2.50327,0.850254,-0.000648309
0.11878,-2.50322,0.843331,-0.000603545
0.100017,-2.50318,0.836409,-0.000558782
0.0812528,-2.50313,0.829487,-0.000514018
0.0624889,-2.50309,0.822564,-0.000469254
0.0437251,-2.50305,0.815642,-0.00042449
0.0249612,-2.503,0.80872,-0.000379727
0.00619741,-2.50296,0.801798,-0.000334963
-0.0125664,-2.50292,0.794876,-0.000290199
-0.0313303,-2.50287,0.787954,-0.000245435
-0.0500941,-2.50283,0.781031,-0.000200671
-0.0688579,-2.50278,0.774109,-0.000155908
-0.0876218,-2.50274,0.767187,-0.000111144
-0.106386,-2.5027,0.760265,-6.63802e-05
-0.125149,-2.50265,0.753343,-2.16165e-05
0.136195,-2.5028,0.851299,-0.000330283
0.117466,-2.50279,0.844283,-0.000307407
0.0987375,-2.50278,0.837267,-0.000284531
0.0800085,-2.50277,0.83025,-0.000261655
0.0612796,-2.50276,0.823234,-0.000238779
0.0425507,-2.50274,0.816218,-0.000215902
0.0238218,-2.50273,0.809202,-0.000193026
0.00509283,-2.50272,0.802186,-0.00017015
-0.0136361,-2.50271,0.795169,-0.000147274
-0.032365,-2.5027,0.788153,-0.000124398
-0.0510939,-2.50268,0.781137,-0.000101522
-0.0698229,-2.50267,0.774121,-7.86453e-05
-0.0885518,-2.50266,0.767105,-5.57692e-05
-0.107281,-2.50265,0.760088,-3.2893e-05
-0.12601,-2.50264,0.753072,-1.00168e-05
0.137937,-2.50247,0.851353,-0.000134352
0.119195,-2.50248,0.844373,-0.000125099
0.100452,-2.50249,0.837393,-0.000115847
0.0817098,-2.5025,0.830413,-0.000106594
0.0629673,-2.50252,0.823433,-9.73413e-05
0.0442249,-2.50253,0.816453,-8.80887e-05
0.0254825,-2.50254,0.809473,-7.8836e-05
0.00674002,-2.50255,0.802493,-6.95834e-05
-0.0120024,-2.50256,0.795513,-6.03308e-05
-0.0307448,-2.50257,0.788533,-5.10782e-05
-0.0494873,-2.50258,0.781553,-4.18255e-05
-0.0682297,-2.50259,0.774573,-3.25729e-05
-0.0869721,-2.5026,0.767593,-2.33203e-05
-0.105715,-2.50261,0.760612,-1.40677e-05
-0.124457,-2.50263,0.753632,-4.81505e-06
0.138355,-2.50238,0.852294,-4.72216e-05
0.11963,-2.5024,0.845266,-4.39776e-05
0.100906,-2.50242,0.838239,-4.07335e-05
0.082181,-2.50243,0.831212,-3.74895e-05
0.0634563,-2.50245,0.824184,-3.42455e-05
0.0447315,-2.50247,0.817157,-3.10014e-05
0.0260068,-2.50249,0.810129,-2.77574e-05
0.00728206,-2.5025,0.803102,-2.45134e-05
-0.0114427,-2.50252,0.796075,-2.12693e-05
-0.0301674,-2.50254,0.789047,-1.80253e-05
-0.0488921,-2.50255,0.78202,-1.47813e-05
-0.0676169,-2.50257,0.774993,-1.15373e-05
-0.0863416,-2.50259,0.767965,-8.29322e-06
-0.105066,-2.5026,0.760938,-5.04919e-06
-0.123791,-2.50262,0.75391,-1.80516e-06
0.140113,-2.50226,0.852402,7.04227e-06
0.121375,-2.50228,0.845408,6.56126e-06
0.102638,-2.50231,0.838413,6.08025e-06
0.0839013,-2.50233,0.831419,5.59925e-06
0.0651642,-2.50236,0.824425,5.11824e-06
0.0464272,-2.50238,0.81743,4.63723e-06
0.0276901,-2.50241,0.810436,4.15622e-06
0.00895299,-2.50244,0.803442,3.67521e-06
-0.00978409,-2.50246,0.796447,3.19421e-06
-0.0285212,-2.50249,0.789453,2.7132e-06
-0.0472582,-2.50251,0.782458,2.23219e-06
-0.0659953,-2.50254,0.775464,1.75118e-06
-0.0847324,-2.50256,0.76847,1.27017e-06
-0.103469,-2.50259,0.761475,7.89167e-07
-0.122207,-2.50262,0.754481,3.08159e-07
0.143224,-2.50221,0.853431,3.72571e-05
0.124484,-2.50223,0.846445,3.47405e-05
0.105744,-2.50226,0.839458,3.22239e-05
0.0870036,-2.50229,0.832472,2.97072e-05
0.0682636,-2.50232,0.825485,2.71906e-05
0.0495236,-2.50235,0.818499,2.4674e-05
0.0307836,-2.50238,0.811512,2.21574e-05
0.0120436,-2.50241,0.804526,1.96407e-05
-0.00669636,-2.50244,0.797539,1.71241e-05
-0.0254364,-2.50246,0.790553,1.46075e-05
-0.0441764,-2.50249,0.783566,1.20909e-05
-0.0629164,-2.50252,0.776579,9.57422e-06
-0.0816564,-2.50255,0.769593,7.05759e-06
-0.100396,-2.50258,0.762606,4.54097e-06
-0.119136,-2.50261,0.75562,2.02434e-06
0.146275,-2.50217,0.854192,5.42541e-05
0.127527,-2.5022,0.847227,5.06276e-05
0.108778,-2.50224,0.840263,4.70011e-05
0.09003,-2.50227,0.833299,4.33747e-05
0.0712818,-2.5023,0.826334,3.97482e-05
0.0525336,-2.50233,0.81937,3.61218e-05
0.0337853,-2.50236,0.812405,3.24953e-05
0.0150371,-2.50239,0.805441,2.88689e-05
-0.00371112,-2.50242,0.798477,2.52424e-05
-0.0224593,-2.50245,0.791512,2.16159e-05
-0.0412076,-2.50248,0.784548,1.79895e-05
-0.0599558,-2.50251,0.777583,1.4363e-05
-0.078704,-2.50254,0.770619,1.07366e-05
-0.0974523,-2.50257,0.763655,7.11012e-06
-0.116201,-2.5026,0.75669,3.48366e-06
0.142646,-2.5022,0.853864,6.28183e-05
0.123921,-2.50223,0.846839,5.85695e-05
0.105195,-2.50226,0.839814,5.43207e-05
0.0864693,-2.50229,0.832789,5.00719e-05
0.0677437,-2.50231,0.825764,4.58231e-05
0.0490181,-2.50234,0.818739,4.15743e-05
0.0302925,-2.50237,0.811714,3.73255e-05
0.0115669,-2.5024,0.804689,3.30767e-05
-0.0071587,-2.50243,0.797664,2.88279e-05
-0.0258843,-2.50246,0.790639,2.45791e-05
-0.0446099,-2.50249,0.783614,2.03302e-05
-0.0633355,-2.50252,0.776589,1.60814e-05
-0.0820611,-2.50255,0.769564,1.18326e-05
-0.100787,-2.50258,0.762539,7.58381e-06
-0.119512,-2.50261,0.755514,3.335e-06
0.144686,-2.50218,0.854119,6.59339e-05
0.12595,-2.50221,0.847124,6.15043e-05
0.107213,-2.50224,0.840129,5.70747e-05
0.0884758,-2.50227,0.833134,5.26451e-05
0.0697389,-2.5023,0.826139,4.82156e-05
0.051002,-2.50233,0.819144,4.3786e-05
0.0322652,-2.50236,0.812149,3.93564e-05
0.0135283,-2.50239,0.805154,3.49269e-05
-0.00520859,-2.50242,0.798159,3.04973e-05
-0.0239455,-2.50245,0.791165,2.60677e-05
-0.0426823,-2.50248,0.78417,2.16381e-05
-0.0614192,-2.50251,0.777175,1.72086e-05
-0.0801561,-2.50254,0.77018,1.2779e-05
-0.0988929,-2.50257,0.763185,8.34941e-06
-0.11763,-2.5026,0.75619,3.91984e-06
0.147965,-2.50218,0.855251,7.07373e-05
0.129226,-2.50221,0.848262,6.60398e-05
0.110487,-2.50224,0.841272,6.13422e-05
0.0917481,-2.50227,0.834282,5.66446e-05
0.0730093,-2.5023,0.827293,5.19471e-05
0.0542704,-2.50233,0.820303,4.72495e-05
0.0355315,-2.50236,0.813314,4.25519e-05
0.0167927,-2.50239,0.806324,3.78544e-05
-0.00194617,-2.50242,0.799335,3.31568e-05
-0.020685,-2.50245,0.792345,2.84592e-05
-0.0394239,-2.50248,0.785355,2.37617e-05
-0.0581627,-2.50251,0.778366,1.90641e-05
-0.0769016,-2.50254,0.771376,1.43665e-05
-0.0956405,-2.50257,0.764387,9.66897e-06
-0.114379,-2.5026,0.757397,4.9714e-06
-0.133118,-2.50263,0.750407,2.73834e-07
0.136831,-2.5022,0.85284,6.92836e-05
0.118132,-2.50223,0.845745,6.45037e-05
0.0994327,-2.50226,0.83865,5.97238e-05
0.0807334,-2.50229,0.831555,5.49439e-05
0.0620342,-2.50232,0.82446,5.0164e-05
0.043335,-2.50235,0.817365,4.53842e-05
0.0246358,-2.50238,0.81027,4.06043e-05
0.00593654,-2.50241,0.803175,3.58244e-05
-0.0127627,-2.50244,0.79608,3.10445e-05
-0.0314619,-2.50247,0.788985,2.62646e-05
-0.0501611,-2.5025,0.78189,2.14847e-05
-0.0688604,-2.50253,0.774795,1.67048e-05
-0.0875596,-2.50256,0.7677,1.19249e-05
-0.106259,-2.50259,0.760606,7.14501e-06
-0.124958,-2.50262,0.753511,2.36512e-06
0.135015,-2.50216,0.851527,6.79757e-05
0.116301,-2.5022,0.84447,6.32508e-05
0.0975874,-2.50223,0.837413,5.85259e-05
0.0788739,-2.50226,0.830356,5.3801e-05
0.0601603,-2.50229,0.823299,4.90761e-05
0.0414468,-2.50233,0.816242,4.43511e-05
0.0227332,-2.50236,0.809185,3.96262e-05
0.0040197,-2.50239,0.802128,3.49013e-05
-0.0146938,-2.50242,0.795071,3.01764e-05
-0.0334074,-2.50246,0.788014,2.54515e-05
-0.0521209,-2.50249,0.780957,2.07265e-05
-0.0708345,-2.50252,0.7739,1.60016e-05
-0.089548,-2.50255,0.766843,1.12767e-05
-0.108262,-2.50259,0.759786,6.55176e-06
-0.126975,-2.50262,0.752729,1.82684e-06
0.12916,-2.50219,0.849759,6.7513e-05
0.110456,-2.50222,0.842675,6.27186e-05
0.0917533,-2.50225,0.835591,5.79242e-05
0.07305,-2.50229,0.828506,5.31297e-05
0.0543468,-2.50232,0.821422,4.83353e-05
0.0356436,-2.50235,0.814337,4.35409e-05
0.0169404,-2.50238,0.807253,3.87464e-05
-0.00176281,-2.50241,0.800169,3.3952e-05
-0.020466,-2.50244,0.793084,2.91576e-05
-0.0391692,-2.50247,0.786,2.43631e-05
-0.0578724,-2.5025,0.778915,1.95687e-05
-0.0765757,-2.50254,0.771831,1.47743e-05
-0.0952789,-2.50257,0.764747,9.97984e-06
-0.113982,-2.5026,0.757662,5.18541e-06
-0.132685,-2.50263,0.750578,3.90983e-07
0.13284,-2.50218,0.84989,6.75958e-05
0.114107,-2.50221,0.842883,6.28542e-05
0.0953747,-2.50224,0.835876,5.81127e-05
0.0766423,-2.50227,0.828869,5.33711e-05
0.0579099,-2.50231,0.821862,4.86296e-05
0.0391775,-2.50234,0.814856,4.3888e-05
0.0204451,-2.50237,0.807849,3.91465e-05
0.00171267,-2.5024,0.800842,3.44049e-05
-0.0170197,-2.50243,0.793835,2.96634e-05
-0.0357521,-2.50246,0.786828,2.49218e-05
-0.0544846,-2.5025,0.779821,2.01803e-05
-0.073217,-2.50253,0.772815,1.54387e-05
-0.0919494,-2.50256,0.765808,1.06972e-05
-0.110682,-2.50259,0.758801,5.9556e-06
-0.129414,-2.50262,0.751794,1.21405e-06
0.136242,-2.50216,0.850714,6.96163e-05
0.1175,-2.50219,0.843734,6.47918e-05
0.098757,-2.50222,0.836755,5.99674e-05
0.0800144,-2.50225,0.829775,5.51429e-05
0.0612718,-2.50229,0.822795,5.03184e-05
0.0425292,-2.50232,0.815816,4.5494e-05
0.0237866,-2.50235,0.808836,4.06695e-05
0.00504397,-2.50239,0.801857,3.5845e-05
-0.0136986,-2.50242,0.794877,3.10206e-05
-0.0324412,-2.50245,0.787898,2.61961e-05
-0.0511838,-2.50249,0.780918,2.13716e-05
-0.0699264,-2.50252,0.773939,1.65472e-05
-0.088669,-2.50255,0.766959,1.17227e-05
-0.107412,-2.50258,0.75998,6.89822e-06
-0.126154,-2.50262,0.753,2.07375e-06
0.13425,-2.50216,0.850672,7.00844e-05
0.115523,-2.50219,0.843649,6.51956e-05
0.0967967,-2.50223,0.836627,6.03068e-05
0.0780701,-2.50226,0.829604,5.54181e-05
0.0593435,-2.50229,0.822582,5.05293e-05
0.0406169,-2.50232,0.81556,4.56405e-05
0.0218904,-2.50236,0.808537,4.07518e-05
0.00316378,-2.50239,0.801515,3.5863e-05
-0.0155628,-2.50242,0.794492,3.09742e-05
-0.0342894,-2.50246,0.78747,2.60855e-05
-0.053016,-2.50249,0.780448,2.11967e-05
-0.0717425,-2.50252,0.773425,1.63079e-05
-0.0904691,-2.50255,0.766403,1.14191e-05
-0.109196,-2.50259,0.75938,6.53038e-06
-0.127922,-2.50262,0.752358,1.64161e-06
0.136693,-2.50211,0.851001,6.6623e-05
0.117953,-2.50214,0.844014,6.20143e-05
0.0992131,-2.50218,0.837028,5.74056e-05
0.0804732,-2.50222,0.830041,5.27969e-05
0.0617333,-2.50225,0.823054,4.81883e-05
0.0429935,-2.50229,0.816067,4.35796e-05
0.0242536,-2.50233,0.80908,3.89709e-05
0.00551369,-2.50236,0.802094,3.43622e-05
-0.0132262,-2.5024,0.795107,2.97536e-05
-0.0319661,-2.50243,0.78812,2.51449e-05
-0.050706,-2.50247,0.781133,2.05362e-05
-0.0694458,-2.50251,0.774146,1.59275e-05
-0.0881857,-2.50254,0.767159,1.13188e-05
-0.106926,-2.50258,0.760173,6.71016e-06
-0.125665,-2.50261,0.753186,2.10148e-06
0.139519,-2.50213,0.851842,7.0242e-05
0.120775,-2.50216,0.844868,6.54319e-05
0.10203,-2.5022,0.837894,6.06218e-05
0.0832853,-2.50223,0.83092,5.58118e-05
0.0645406,-2.50227,0.823946,5.10017e-05
0.045796,-2.5023,0.816972,4.61916e-05
0.0270513,-2.50234,0.809998,4.13815e-05
0.00830668,-2.50237,0.803024,3.65714e-05
-0.010438,-2.5024,0.79605,3.17614e-05
-0.0291826,-2.50244,0.789076,2.69513e-05
-0.0479273,-2.50247,0.782102,2.21412e-05
-0.0666719,-2.50251,0.775128,1.73311e-05
-0.0854166,-2.50254,0.768154,1.2521e-05
-0.104161,-2.50258,0.76118,7.71096e-06
-0.122906,-2.50261,0.754206,2.90088e-06
0.141933,-2.50214,0.852525,7.08011e-05
0.123183,-2.50217,0.845563,6.59939e-05
0.104434,-2.5022,0.838602,6.11867e-05
0.0856846,-2.50224,0.831641,5.63795e-05
0.0669351,-2.50227,0.82468,5.15723e-05
0.0481857,-2.5023,0.817719,4.6765e-05
0.0294363,-2.50234,0.810758,4.19578e-05
0.0106868,-2.50237,0.803796,3.71506e-05
-0.00806258,-2.50241,0.796835,3.23434e-05
-0.026812,-2.50244,0.789874,2.75362e-05
-0.0455614,-2.50247,0.782913,2.2729e-05
-0.0643109,-2.50251,0.775952,1.79218e-05
-0.0830603,-2.50254,0.768991,1.31145e-05
-0.10181,-2.50257,0.76203,8.30732e-06
-0.120559,-2.50261,0.755068,3.50011e-06
0.144616,-2.50211,0.853339,7.07218e-05
0.125863,-2.50215,0.846388,6.59652e-05
0.107109,-2.50218,0.839438,6.12085e-05
0.0883558,-2.50222,0.832487,5.64519e-05
0.0696023,-2.50225,0.825537,5.16953e-05
0.0508489,-2.50229,0.818587,4.69386e-05
0.0320955,-2.50232,0.811636,4.2182e-05
0.0133421,-2.50236,0.804686,3.74254e-05
-0.00541136,-2.50239,0.797736,3.26687e-05
-0.0241648,-2.50243,0.790785,2.79121e-05
-0.0429182,-2.50246,0.783835,2.31555e-05
-0.0616716,-2.5025,0.776884,1.83988e-05
-0.080425,-2.50253,0.769934,1.36422e-05
-0.0991785,-2.50257,0.762984,8.88556e-06
-0.117932,-2.5026,0.756033,4.12893e-06
0.148552,-2.50216,0.85525,7.46084e-05
0.129808,-2.50219,0.848273,6.96627e-05
0.111065,-2.50222,0.841296,6.47171e-05
0.092321,-2.50225,0.834319,5.97715e-05
0.0735774,-2.50228,0.827343,5.48259e-05
0.0548337,-2.50231,0.820366,4.98803e-05
0.0360901,-2.50235,0.813389,4.49347e-05
0.0173464,-2.50238,0.806412,3.99891e-05
-0.00139721,-2.50241,0.799436,3.50435e-05
-0.0201409,-2.50244,0.792459,3.00979e-05
-0.0388845,-2.50247,0.785482,2.51523e-05
-0.0576281,-2.5025,0.778505,2.02067e-05
-0.0763718,-2.50253,0.771529,1.52611e-05
-0.0951154,-2.50257,0.764552,1.03155e-05
-0.113859,-2.5026,0.757575,5.36984e-06
-0.132603,-2.50263,0.750598,4.24234e-07
0.137799,-2.50218,0.852771,7.2258e-05
0.11909,-2.50221,0.845703,6.7288e-05
0.100381,-2.50224,0.838634,6.2318e-05
0.0816716,-2.50227,0.831565,5.7348e-05
0.0629625,-2.5023,0.824496,5.2378e-05
0.0442533,-2.50234,0.817428,4.7408e-05
0.0255442,-2.50237,0.810359,4.2438e-05
0.00683502,-2.5024,0.80329,3.7468e-05
-0.0118741,-2.50243,0.796221,3.24981e-05
-0.0305833,-2.50246,0.789153,2.75281e-05
-0.0492924,-2.50249,0.782084,2.25581e-05
-0.0680016,-2.50252,0.775015,1.75881e-05
-0.0867107,-2.50255,0.767946,1.26181e-05
-0.10542,-2.50258,0.760878,7.6481e-06
-0.124129,-2.50261,0.753809,2.67811e-06
0.140826,-2.50219,0.852687,7.18531e-05
0.12209,-2.50222,0.845692,6.69582e-05
0.103353,-2.50225,0.838696,6.20633e-05
0.0846164,-2.50228,0.831701,5.71683e-05
0.0658797,-2.50231,0.824705,5.22734e-05
0.0471431,-2.50234,0.81771,4.73785e-05
0.0284064,-2.50237,0.810714,4.24835e-05
0.00966977,-2.5024,0.803719,3.75886e-05
-0.00906689,-2.50243,0.796723,3.26937e-05
-0.0278035,-2.50246,0.789728,2.77987e-05
-0.0465402,-2.50249,0.782732,2.29038e-05
-0.0652769,-2.50252,0.775737,1.80089e-05
-0.0840135,-2.50255,0.768741,1.31139e-05
-0.10275,-2.50258,0.761746,8.21898e-06
-0.121487,-2.50261,0.75475,3.32405e-06
0.144351,-2.50221,0.854283,7.25768e-05
0.125621,-2.50223,0.847271,6.76967e-05
0.10689,-2.50226,0.840259,6.28166e-05
0.0881598,-2.50229,0.833247,5.79366e-05
0.0694293,-2.50232,0.826235,5.30565e-05
0.0506988,-2.50235,0.819223,4.81765e-05
0.0319683,-2.50238,0.812211,4.32964e-05
0.0132378,-2.50241,0.805199,3.84163e-05
-0.00549269,-2.50243,0.798187,3.35363e-05
-0.0242232,-2.50246,0.791175,2.86562e-05
-0.0429537,-2.50249,0.784163,2.37761e-05
-0.0616842,-2.50252,0.777151,1.88961e-05
-0.0804147,-2.50255,0.770139,1.4016e-05
-0.0991452,-2.50258,0.763127,9.13597e-06
-0.117876,-2.50261,0.756115,4.2559e-06
0.148473,-2.50216,0.855198,7.33846e-05
0.129729,-2.50219,0.848223,6.85186e-05
0.110985,-2.50222,0.841248,6.36526e-05
0.092241,-2.50225,0.834272,5.87867e-05
0.0734969,-2.50228,0.827297,5.39207e-05
0.0547528,-2.50231,0.820321,4.90548e-05
0.0360086,-2.50235,0.813346,4.41888e-05
0.0172645,-2.50238,0.80637,3.93228e-05
-0.00147959,-2.50241,0.799395,3.44569e-05
-0.0202237,-2.50244,0.792419,2.95909e-05
-0.0389678,-2.50247,0.785444,2.4725e-05
-0.0577119,-2.5025,0.778468,1.9859e-05
-0.076456,-2.50253,0.771493,1.4993e-05
-0.0952002,-2.50257,0.764517,1.01271e-05
-0.113944,-2.5026,0.757542,5.26111e-06
-0.132688,-2.50263,0.750566,3.95145e-07
0.137551,-2.50221,0.852876,7.23716e-05
0.118847,-2.50224,0.845795,6.73904e-05
0.100142,-2.50227,0.838714,6.24093e-05
0.0814374,-2.5023,0.831634,5.74282e-05
0.0627327,-2.50232,0.824553,5.2447e-05
0.0440281,-2.50235,0.817472,4.74659e-05
0.0253235,-2.50238,0.810392,4.24847e-05
0.00661883,-2.50241,0.803311,3.75036e-05
-0.0120858,-2.50244,0.79623,3.25224e-05
-0.0307905,-2.50247,0.78915,2.75413e-05
-0.0494951,-2.5025,0.782069,2.25602e-05
-0.0681997,-2.50253,0.774988,1.7579e-05
-0.0869044,-2.50256,0.767908,1.25979e-05
-0.105609,-2.50259,0.760827,7.61673e-06
-0.124314,-2.50262,0.753746,2.63559e-06
0.14029,-2.50216,0.852322,7.02814e-05
0.12155,-2.50219,0.845336,6.54833e-05
0.10281,-2.50222,0.838351,6.06851e-05
0.0840692,-2.50226,0.831365,5.58869e-05
0.0653288,-2.50229,0.824379,5.10888e-05
0.0465885,-2.50232,0.817394,4.62906e-05
0.0278481,-2.50235,0.810408,4.14925e-05
0.00910779,-2.50238,0.803423,3.66943e-05
-0.00963257,-2.50242,0.796437,3.18961e-05
-0.0283729,-2.50245,0.789452,2.7098e-05
-0.0471133,-2.50248,0.782466,2.22998e-05
-0.0658536,-2.50251,0.77548,1.75017e-05
-0.084594,-2.50255,0.768495,1.27035e-05
-0.103334,-2.50258,0.761509,7.90535e-06
-0.122075,-2.50261,0.754524,3.10718e-06
0.142761,-2.50215,0.853152,7.2043e-05
0.124019,-2.50218,0.846172,6.71679e-05
0.105276,-2.50221,0.839192,6.22929e-05-1.23648,-0.0539205
3.06305,3.14834,-1.25648,-0.0531992
3.06271,3.14825,-1.27648,-0.0524779
3.06237,3.14816,-1.29647,-0.0517566
3.06202,3.14807,-1.31647,-0.0510354
3.06168,3.14798,-1.33647,-0.0503141
3.06134,3.14788,-1.35646,-0.0495928
3.061,3.14779,-1.37646,-0.0488715
3.06066,3.1477,-1.39646,-0.0481502
3.06032,3.14761,-1.41645,-0.0474289
3.05998,3.14752,-1.43645,-0.0467076
3.05964,3.14743,-1.45645,-0.0459864
3.0593,3.14733,-1.47644,-0.0452651
3.05896,3.14724,-1.49644,-0.0445438
3.05862,3.14715,-1.51644,-0.0438225
3.05827,3.14706,-1.53643,-0.0431012
3.05793,3.14697,-1.55643,-0.0423799
3.05759,3.14688,-1.57643,-0.0416587
3.05725,3.14679,-1.59643,-0.0409374
3.05691,3.14669,-1.61642,-0.0402161
3.05657,3.1466,-1.63642,-0.0394948
3.05623,3.14651,-1.65642,-0.0387735
3.05589,3.14642,-1.67641,-0.0380522
3.05555,3.14633,-1.69641,-0.0373309
3.05521,3.14624,-1.71641,-0.0366097
3.05487,3.14615,-1.7364,-0.0358884
3.05452,3.14605,-1.7564,-0.0351671
3.05418,3.14596,-1.7764,-0.0344458
3.05384,3.14587,-1.79639,-0.0337245
3.0535,3.14578,-1.81639,-0.0330032
3.05316,3.14569,-1.83639,-0.0322819
3.05282,3.1456,-1.85638,-0.0315607
3.05248,3.14551,-1.87638,-0.0308394
3.05214,3.14541,-1.89638,-0.0301181
3.0518,3.14532,-1.91638,-0.0293968
3.05146,3.14523,-1.93637,-0.0286755
3.05112,3.14514,-1.95637,-0.0279542
3.05077,3.14505,-1.97637,-0.0272329
3.05043,3.14496,-1.99636,-0.0265117
3.05009,3.14486,-2.01636,-0.0257904
3.04975,3.14477,-2.03636,-0.0250691
3.04941,3.14468,-2.05635,-0.0243478
3.04907,3.14459,-2.07635,-0.0236265
3.04873,3.1445,-2.09635,-0.0229052
3.04839,3.14441,-2.11634,-0.0221839
3.04805,3.14432,-2.13634,-0.0214627
3.04771,3.14422,-2.15634,-0.0207414
3.04737,3.14413,-2.17634,-0.0200201
3.04702,3.14404,-2.19633,-0.0192988
3.04668,3.14395,-2.21633,-0.0185775
3.04634,3.14386,-2.23633,-0.0178562
3.046,3.14377,-2.25632,-0.0171349
3.04566,3.14368,-2.27632,-0.0164137
3.04532,3.14358,-2.29632,-0.0156924
3.04498,3.14349,-2.31631,-0.0149711
3.04464,3.1434,-2.33631,-0.0142498
3.0443,3.14331,-2.35631,-0.0135285
3.04396,3.14322,-2.3763,-0.0128072
3.04362,3.14313,-2.3963,-0.0120859
3.04327,3.14304,-2.4163,-0.0113647
3.04293,3.14294,-2.43629,-0.0106434
3.04259,3.14285,-2.45629,-0.00992209
3.04225,3.14276,-2.47629,-0.0092008
3.04191,3.14267,-2.49629,-0.00847952
3.04157,3.14258,-2.51628,-0.00775823
3.04123,3.14249,-2.53628,-0.00703695
3.04089,3.14239,-2.55628,-0.00631566
3.04055,3.1423,-2.57627,-0.00559437
3.04021,3.14221,-2.59627,-0.00487309
3.03987,3.14212,-2.61627,-0.0041518
3.03952,3.14203,-2.63626,-0.00343052
3.03918,3.14194,-2.65626,-0.00270923
3.03884,3.14185,-2.67626,-0.00198795
3.0385,3.14175,-2.69625,-0.00126666
3.03816,3.14166,-2.71625,-0.000545376
3.15133,3.07186,0.152255,0.332814
3.13296,3.07275,0.160124,0.331789
3.1146,3.07364,0.167992,0.330763
3.09623,3.07453,0.17586,0.329738
3.07787,3.07542,0.183728,0.328712
3.0595,3.07631,0.191596,0.327687
3.04114,3.0772,0.199464,0.326661
3.02277,3.07809,0.207332,0.325636
3.0044,3.07898,0.2152,0.32461
2.98604,3.07987,0.223068,0.323584
2.96767,3.08076,0.230936,0.322559
2.94931,3.08165,0.238804,0.321533
2.93094,3.08254,0.246672,0.320508
2.91257,3.08343,0.25454,0.319482
2.89421,3.08431,0.262408,0.318457
2.87584,3.0852,0.270276,0.317431
2.85748,3.08609,0.278144,0.316406
2.83911,3.08698,0.286012,0.31538
2.82075,3.08787,0.29388,0.314354
2.80238,3.08876,0.301748,0.313329
2.78401,3.08965,0.309616,0.312303
2.76565,3.09054,0.317484,0.311278
2.74728,3.09143,0.325352,0.310252
2.72892,3.09232,0.33322,0.309227
2.71055,3.09321,0.341088,0.308201
2.69219,3.0941,0.348956,0.307176
2.67382,3.09499,0.356824,0.30615
2.65545,3.09588,0.364692,0.305124
2.63709,3.09676,0.37256,0.304099
2.61872,3.09765,0.380428,0.303073
2.60036,3.09854,0.388296,0.302048
2.58199,3.09943,0.396164,0.301022
2.56362,3.10032,0.404032,0.299997
2.54526,3.10121,0.4119,0.298971
2.52689,3.1021,0.419768,0.297946
2.50853,3.10299,0.427636,0.29692
2.49016,3.10388,0.435504,0.295894
2.4718,3.10477,0.443372,0.294869
2.45343,3.10566,0.45124,0.293843
2.43506,3.10655,0.459108,0.292818
2.4167,3.10744,0.466976,0.291792
2.39833,3.10833,0.474844,0.290767
2.37997,3.10922,0.482712,0.289741
2.3616,3.1101,0.49058,0.288716
2.34323,3.11099,0.498448,0.28769
2.32487,3.11188,0.506316,0.286664
2.3065,3.11277,0.514184,0.285639
2.28814,3.11366,0.522052,0.284613
2.26977,3.11455,0.52992,0.283588
2.25141,3.11544,0.537788,0.282562
2.23304,3.11633,0.545656,0.281537
2.21467,3.11722,0.553524,0.280511
2.19631,3.11811,0.561392,0.279486
2.17794,3.119,0.56926,0.27846
2.15958,3.11989,0.577128,0.277434
2.14121,3.12078,0.584996,0.276409
2.12284,3.12167,0.592864,0.275383
2.10448,3.12255,0.600732,0.274358
2.08611,3.12344,0.6086,0.273332
2.06775,3.12433,0.616468,0.272307
2.04938,3.12522,0.624336,0.271281
2.03102,3.12611,0.632204,0.270256
2.01265,3.127,0.640072,0.26923
1.99428,3.12789,0.64794,0.268205
1.97592,3.12878,0.655808,0.267179
1.95755,3.12967,0.663676,0.266153
1.93919,3.13056,0.671544,0.265128
1.92082,3.13145,0.679412,0.264102
1.90245,3.13234,0.68728,0.263077
1.88409,3.13323,0.695148,0.262051
1.86572,3.13412,0.703016,0.261026
1.84736,3.13501,0.710884,0.26
1.82899,3.13589,0.718752,0.258975
1.81063,3.13678,0.72662,0.257949
1.79226,3.13767,0.734488,0.256923
1.77389,3.13856,0.742356,0.255898
1.75553,3.13945,0.750224,0.254872
1.73716,3.14034,0.758092,0.253847
1.7188,3.14123,0.76596,0.252821
1.70043,3.14212,0.773828,0.251796
1.68206,3.14301,0.781696,0.25077
1.6637,3.1439,0.789564,0.249745
1.64533,3.14479,0.797432,0.248719
1.62697,3.14568,0.8053,0.247693
1.6086,3.14657,0.813168,0.246668
1.59024,3.14746,0.821036,0.245642
1.57187,3.14834,0.828904,0.244617
1.5535,3.14923,0.836772,0.243591
1.53514,3.15012,0.84464,0.242566
1.51677,3.15101,0.852508,0.24154
1.49841,3.1519,0.860376,0.240515
1.48004,3.15279,0.868244,0.239489
1.46167,3.15368,0.876112,0.238463
1.44331,3.15457,0.88398,0.237438
1.42494,3.15546,0.891848,0.236412
1.40658,3.15635,0.899716,0.235387
1.38821,3.15724,0.907584,0.234361
1.36985,3.15813,0.915452,0.233336
1.35148,3.15902,0.92332,0.23231
1.33311,3.15991,0.931188,0.231285
1.31475,3.1608,0.939056,0.230259
1.29638,3.16168,0.946924,0.229233
1.27802,3.16257,0.954792,0.228208
1.25965,3.16346,0.96266,0.227182
1.24128,3.16435,0.970528,0.226157
1.22292,3.16524,0.978396,0.225131
1.20455,3.16613,0.986264,0.224106
1.18619,3.16702,0.994132,0.22308
1.16782,3.16791,1.002,0.222055
1.14946,3.1688,1.00987,0.221029
1.13109,3.16969,1.01774,0.220003
1.11272,3.17058,1.0256,0.218978
1.09436,3.17147,1.03347,0.217952
1.07599,3.17236,1.04134,0.216927
1.05763,3.17325,1.04921,0.215901
1.03926,3.17413,1.05708,0.214876
1.02089,3.17502,1.06494,0.21385
1.00253,3.17591,1.07281,0.212825
0.984163,3.1768,1.08068,0.211799
0.965797,3.17769,1.08855,0.210774
0.947431,3.17858,1.09642,0.209748
0.929066,3.17947,1.10428,0.208722
0.9107,3.18036,1.11215,0.207697
0.892334,3.18125,1.12002,0.206671
0.873968,3.18214,1.12789,0.205646
0.855602,3.18303,1.13576,0.20462
0.837236,3.18392,1.14362,0.203595
0.818871,3.18481,1.15149,0.202569
0.800505,3.1857,1.15936,0.201544
0.782139,3.18658,1.16723,0.200518
0.763773,3.18747,1.1751,0.199492
0.745407,3.18836,1.18296,0.198467
0.727042,3.18925,1.19083,0.197441
0.708676,3.19014,1.1987,0.196416
0.69031,3.19103,1.20657,0.19539
0.671944,3.19192,1.21444,0.194365
0.653578,3.19281,1.2223,0.193339
0.635212,3.1937,1.23017,0.192314
0.616847,3.19459,1.23804,0.191288
0.598481,3.19548,1.24591,0.190262
0.580115,3.19637,1.25378,0.189237
0.561749,3.19726,1.26164,0.188211
0.543383,3.19815,1.26951,0.187186
0.525017,3.19904,1.27738,0.18616
0.506652,3.19992,1.28525,0.185135
0.488286,3.20081,1.29312,0.184109
0.46992,3.2017,1.30098,0.183084
0.451554,3.20259,1.30885,0.182058
0.433188,3.20348,1.31672,0.181032
0.414822,3.20437,1.32459,0.180007
0.396457,3.20526,1.33246,0.178981
0.378091,3.20615,1.34032,0.177956
0.359725,3.20704,1.34819,0.17693
0.341359,3.20793,1.35606,0.175905
0.322993,3.20882,1.36393,0.174879
0.304628,3.20971,1.3718,0.173854
0.286262,3.2106,1.37966,0.172828
0.267896,3.21149,1.38753,0.171802
0.24953,3.21237,1.3954,0.170777
0.231164,3.21326,1.40327,0.169751
0.212798,3.21415,1.41114,0.168726
0.194433,3.21504,1.419,0.1677
0.176067,3.21593,1.42687,0.166675
0.157701,3.21682,1.43474,0.165649
0.139335,3.21771,1.44261,0.164624
0.120969,3.2186