-0.633127,-0.499828,0.802867,3.14084
-0.652124,-0.495185,0.807061,-3.09473
-0.67112,-0.490543,0.811254,-3.04712
-0.690117,-0.4859,0.815447,-2.9995
-0.709113,-0.481258,0.819641,-2.95188
-0.72811,-0.476616,0.823834,-2.90427
-0.747106,-0.471973,0.828027,-2.85665
-0.766102,-0.467331,0.832221,-2.80903
-0.785099,-0.462688,0.836414,-2.76142
-0.804095,-0.458046,0.840608,-2.7138
-0.823092,-0.453404,0.844801,-2.66618
-0.842088,-0.448761,0.848994,-2.61857
-0.861084,-0.444119,0.853188,-2.57095
-0.880081,-0.439476,0.857381,-2.52333
-0.899077,-0.434834,0.861575,-2.47572
-0.918074,-0.430192,0.865768,-2.4281
-0.93707,-0.425549,0.869961,-2.38049
-0.956066,-0.420907,0.874155,-2.33287
-0.975063,-0.416264,0.878348,-2.28525
-0.994059,-0.411622,0.882542,-2.23764
-1.01306,-0.40698,0.886735,-2.19002
-1.03205,-0.402337,0.890928,-2.1424
-1.05105,-0.397695,0.895122,-2.09479
-1.07004,-0.393052,0.899315,-2.04717
-1.08904,-0.38841,0.903508,-1.99955
-1.10804,-0.383768,0.907702,-1.95194
-1.12703,-0.379125,0.911895,-1.90432
-1.14603,-0.374483,0.916089,-1.8567
-1.16503,-0.36984,0.920282,-1.80909
-1.18402,-0.365198,0.924475,-1.76147
-1.20302,-0.360555,0.928669,-1.71386
-1.22202,-0.355913,0.932862,-1.66624
-1.24101,-0.351271,0.937056,-1.61862
-1.26001,-0.346628,0.941249,-1.57101
-1.27901,-0.341986,0.945442,-1.52339
-1.298,-0.337343,0.949636,-1.47577
-1.317,-0.332701,0.953829,-1.42816
-1.33599,-0.328059,0.958022,-1.38054
-1.35499,-0.323416,0.962216,-1.33292
-1.37399,-0.318774,0.966409,-1.28531
-1.39298,-0.314131,0.970603,-1.23769
-1.41198,-0.309489,0.974796,-1.19008
-1.43098,-0.304847,0.978989,-1.14246
-1.44997,-0.300204,0.983183,-1.09484
-1.46897,-0.295562,0.987376,-1.04723
-1.48797,-0.290919,0.99157,-0.999609
-1.50696,-0.286277,0.995763,-0.951993
-1.52596,-0.281635,0.999956,-0.904377
-1.54496,-0.276992,1.00415,-0.85676
-1.56395,-0.27235,1.00834,-0.809144
-1.58295,-0.267707,1.01254,-0.761527
-1.58717,-0.248352,1.00978,-0.79542
-1.59138,-0.228997,1.00702,-0.829313
-1.5956,-0.209642,1.00427,-0.863206
-1.59982,-0.190287,1.00151,-0.897099
-1.60403,-0.170932,0.998756,-0.930992
-1.60825,-0.151577,0.996,-0.964886
-1.61247,-0.132222,0.993244,-0.998779
-1.61669,-0.112867,0.990488,-1.03267
-1.6209,-0.0935119,0.987732,-1.06656
-1.62512,-0.0741568,0.984976,-1.10046
-1.62934,-0.0548017,0.98222,-1.13435
-1.63356,-0.0354467,0.979463,-1.16824
-1.63777,-0.0160916,0.976707,-1.20214
-1.64199,0.00326347,0.973951,-1.23603
-1.64621,0.0226185,0.971195,-1.26992
-1.65042,0.0419736,0.968439,-1.30382
-1.65464,0.0613287,0.965683,-1.33771
-1.65886,0.0806837,0.962927,-1.3716
-1.66308,0.100039,0.960171,-1.40549
-1.66729,0.119394,0.957415,-1.43939
-1.67151,0.138749,0.954659,-1.47328
-1.67573,0.158104,0.951903,-1.50717
-1.67995,0.177459,0.949147,-1.54107
-1.68416,0.196814,0.94639,-1.57496
-1.68838,0.216169,0.943634,-1.60885
-1.6926,0.235524,0.940878,-1.64275
-1.69681,0.254879,0.938122,-1.67664
-1.70103,0.274234,0.935366,-1.71053
-1.70525,0.293589,0.93261,-1.74443
-1.70947,0.312945,0.929854,-1.77832
-1.71368,0.3323,0.927098,-1.81221
-1.7179,0.351655,0.924342,-1.8461
-1.72212,0.37101,0.921586,-1.88
-1.72634,0.390365,0.91883,-1.91389
-1.73055,0.40972,0.916074,-1.94778
-1.73477,0.429075,0.913317,-1.98168
-1.73899,0.44843,0.910561,-2.01557
-1.7432,0.467785,0.907805,-2.04946
-1.74742,0.48714,0.905049,-2.08336
-1.75164,0.506495,0.902293,-2.11725
-1.75586,0.52585,0.899537,-2.15114
-1.76007,0.545205,0.896781,-2.18503
-1.76429,0.56456,0.894025,-2.21893
-1.76851,0.583915,0.891269,-2.25282
-1.77273,0.60327,0.888513,-2.28671
-1.77694,0.622626,0.885757,-2.32061
-1.78116,0.641981,0.883001,-2.3545
-1.78538,0.661336,0.880244,-2.38839
-1.78959,0.680691,0.877488,-2.42229
-1.79381,0.700046,0.874732,-2.45618
-1.80343,0.716826,0.879824,-2.41688
-1.81305,0.733606,0.884915,-2.37758
-1.82267,0.750386,0.890007,-2.33827
-1.83229,0.767165,0.895098,-2.29897
-1.8419,0.783945,0.90019,-2.25967
-1.85152,0.800725,0.905281,-2.22037
-1.86114,0.817505,0.910373,-2.18107
-1.87076,0.834285,0.915464,-2.14176
-1.88038,0.851065,0.920556,-2.10246
-1.88999,0.867845,0.925647,-2.06316
-1.89961,0.884625,0.930739,-2.02386
-1.90923,0.901405,0.93583,-1.98456
-1.91885,0.918185,0.940922,-1.94526
-1.92847,0.934965,0.946013,-1.90595
-1.93809,0.951745,0.951105,-1.86665
-1.9477,0.968524,0.956196,-1.82735
-1.95732,0.985304,0.961288,-1.78805
-1.96694,1.00208,0.966379,-1.74875
-1.97656,1.01886,0.971471,-1.70945
-1.98618,1.03564,0.976562,-1.67014
-1.9958,1.05242,0.981654,-1.63084
-2.00541,1.0692,0.986745,-1.59154
-2.01503,1.08598,0.991837,-1.55224
-2.02465,1.10276,0.996928,-1.51294
-2.03427,1.11954,1.00202,-1.47364
-2.04389,1.13632,1.00711,-1.43433
-2.05351,1.1531,1.0122,-1.39503
-2.06312,1.16988,1.01729,-1.35573
-2.07274,1.18666,1.02239,-1.31643
-2.08236,1.20344,1.02748,-1.27713
-2.09198,1.22022,1.03257,-1.23783
-2.1016,1.237,1.03766,-1.19852
-2.11121,1.25378,1.04275,-1.15922
-2.12083,1.27056,1.04784,-1.11992
-2.13045,1.28734,1.05293,-1.08062
-2.14007,1.30412,1.05803,-1.04132
-2.14969,1.3209,1.06312,-1.00201
-2.15931,1.33768,1.06821,-0.962713
-2.16892,1.35446,1.0733,-0.923411
-2.17854,1.37124,1.07839,-0.88411
-2.18816,1.38802,1.08348,-0.844808
-2.19778,1.4048,1.08857,-0.805506
-2.2074,1.42158,1.09367,-0.766204
-2.21702,1.43836,1.09876,-0.726903
-2.22663,1.45514,1.10385,-0.687601
-2.23625,1.47192,1.10894,-0.648299
-2.24587,1.4887,1.11403,-0.608998
-2.25549,1.50548,1.11912,-0.569696
-2.26511,1.52226,1.12422,-0.530394
-2.27473,1.53904,1.12931,-0.491092
-2.28811,1.55318,1.13388,-0.541919
-2.3015,1.56732,1.13846,-0.592746
-2.31488,1.58145,1.14304,-0.643573
-2.32827,1.59559,1.14762,-0.6944
-2.34165,1.60973,1.15219,-0.745227
-2.35504,1.62387,1.15677,-0.796054
-2.36843,1.638,1.16135,-0.846881
-2.38181,1.65214,1.16593,-0.897708
-2.3952,1.66628,1.17051,-0.948535
-2.40858,1.68041,1.17508,-0.999362
-2.42197,1.69455,1.17966,-1.05019
-2.43536,1.70869,1.18424,-1.10102
-2.44874,1.72283,1.18882,-1.15184
-2.46213,1.73696,1.19339,-1.20267
-2.47551,1.7511,1.19797,-1.2535
-2.4889,1.76524,1.20255,-1.30432
-2.50229,1.77938,1.20713,-1.35515
-2.51567,1.79351,1.2117,-1.40598
-2.52906,1.80765,1.21628,-1.4568
-2.54244,1.82179,1.22086,-1.50763
-2.55583,1.83593,1.22544,-1.55846
-2.56921,1.85006,1.23001,-1.60929
-2.5826,1.8642,1.23459,-1.66011
-2.59599,1.87834,1.23917,-1.71094
-2.60937,1.89247,1.24375,-1.76177
-2.62276,1.90661,1.24832,-1.81259
-2.63614,1.92075,1.2529,-1.86342
-2.64953,1.93489,1.25748,-1.91425
-2.66292,1.94902,1.26206,-1.96507
-2.6763,1.96316,1.26663,-2.0159
-2.68969,1.9773,1.27121,-2.06673
-2.70307,1.99144,1.27579,-2.11755
-2.71646,2.00557,1.28037,-2.16838
-2.72985,2.01971,1.28494,-2.21921
-2.74323,2.03385,1.28952,-2.27004
-2.75662,2.04799,1.2941,-2.32086
-2.77,2.06212,1.29868,-2.37169
-2.78339,2.07626,1.30326,-2.42252
-2.79677,2.0904,1.30783,-2.47334
-2.81016,2.10453,1.31241,-2.52417
-2.82355,2.11867,1.31699,-2.575
-2.83693,2.13281,1.32157,-2.62582
-2.85032,2.14695,1.32614,-2.67665
-2.8637,2.16108,1.33072,-2.72748
-2.87709,2.17522,1.3353,-2.77831
-2.89048,2.18936,1.33988,-2.82913
-2.90386,2.2035,1.34445,-2.87996
-2.91725,2.21763,1.34903,-2.93079
-2.93063,2.23177,1.35361,-2.98161
-2.94402,2.24591,1.35819,-3.03244
-2.96264,2.25032,1.36401,-3.07955
-2.98125,2.25474,1.36984,-3.12665
-2.99987,2.25915,1.37567,3.10943
-3.01848,2.26357,1.38149,3.06232
-3.0371,2.26798,1.38732,3.01522
-3.05572,2.27239,1.39315,2.96811
-3.07433,2.27681,1.39897,2.92101
-3.09295,2.28122,1.4048,2.8739
-3.11156,2.28564,1.41063,2.8268
-3.13018,2.29005,1.41646,2.77969
-3.1488,2.29447,1.42228,2.73259
-3.16741,2.29888,1.42811,2.68548
-3.18603,2.3033,1.43394,2.63838
-3.20464,2.30771,1.43976,2.59127
-3.22326,2.31213,1.44559,2.54417
-3.24188,2.31654,1.45142,2.49706
-3.26049,2.32095,1.45724,2.44996
-3.27911,2.32537,1.46307,2.40285
-3.29773,2.32978,1.4689,2.35575
-3.31634,2.3342,1.47472,2.30864
-3.33496,2.33861,1.48055,2.26154
-3.35357,2.34303,1.48638,2.21443
-3.37219,2.34744,1.49221,2.16733
-3.39081,2.35186,1.49803,2.12022
-3.40942,2.35627,1.50386,2.07312
-3.42804,2.36068,1.50969,2.02601
-3.44665,2.3651,1.51551,1.97891
-3.46527,2.36951,1.52134,1.9318
-3.48389,2.37393,1.52717,1.88469
-3.5025,2.37834,1.53299,1.83759
-3.52112,2.38276,1.53882,1.79048
-3.53973,2.38717,1.54465,1.74338
-3.55835,2.39159,1.55047,1.69627
-3.57697