-2.76773e-11,2.48133e-11,0.13,-9.17257e-18
-2.76773e-11,2.48133e-11,0.13,-1.15119e-17
-3.88685e-11,1.15919e-11,0.13,-1.37064e-17
-3.88685e-11,1.15919e-11,0.13,-1.62182e-17
-2.76773e-11,2.48133e-11,0.13,-1.89205e-17
-3.88685e-11,1.15919e-11,0.13,-2.10906e-17
-2.76773e-11,2.48133e-11,0.13,-2.38088e-17
-3.88685e-11,1.15919e-11,0.13,-2.60166e-17
-2.76773e-11,2.48133e-11,0.13,-2.87188e-17
-3.88685e-11,1.15919e-11,0.13,-3.08759e-17
-2.76773e-11,2.48133e-11,0.13,-3.35358e-17
-3.88685e-11,1.15919e-11,0.13,-3.57189e-17
-2.76773e-11,2.48133e-11,0.13,-3.83895e-17
-3.88685e-11,1.15919e-11,0.13,-4.05492e-17
-2.76773e-11,2.48133e-11,0.13,-4.32606e-17
-3.88686e-11,1.15919e-11,0.13,-4.54375e-17
-2.76773e-11,2.48133e-11,0.13,-4.81056e-17
-2.76773e-11,2.48133e-11,0.13,-5.06296e-17
-3.88686e-11,1.15919e-11,0.13,-5.29958e-17
0.000152866,9.92896e-09,0.13768,-4.34594e-09
0.0237964,9.17253e-06,0.267032,1.02866e-06
0.0538968,3.89443e-05,0.363907,6.8578e-06
0.0977543,0.000161982,0.523835,8.52673e-06
0.121875,0.000264936,0.672551,-0.00523075
0.125453,-0.00177811,0.749633,-0.0314904
0.124259,-0.00498923,0.788416,-0.0618887
0.121673,-0.011027,0.818096,-0.113091
0.121285,-0.0163136,0.826884,-0.160025
0.122499,-0.0240437,0.82771,-0.223271
0.123404,-0.0326923,0.824683,-0.284881
0.123063,-0.0436172,0.81889,-0.364647
0.122522,-0.0481507,0.81642,-0.401319
0.119887,-0.0603233,0.812652,-0.50908
0.115788,-0.0705333,0.810335,-0.59045
0.112049,-0.0767953,0.808989,-0.643319
0.104975,-0.0858557,0.80769,-0.7325
0.0982965,-0.093611,0.807925,-0.818912
0.0868759,-0.104741,0.80756,-0.933237
0.0728273,-0.114255,0.807742,-1.05943
0.0725011,-0.114454,0.807779,-1.06266
0.0538763,-0.124923,0.80819,-1.22013
0.0534407,-0.125109,0.808177,-1.2234
0.0340982,-0.131049,0.807904,-1.3717
0.033742,-0.131131,0.807944,-1.37485
0.0102289,-0.135545,0.808212,-1.55299
0.00976867,-0.135574,0.808193,-1.55617
-0.0149891,-0.134506,0.808259,-1.74332
-0.0154215,-0.134474,0.808274,-1.7466
-0.0158583,-0.134441,0.808288,-1.74988
-0.0446479,-0.128011,0.807339,-1.95675
-0.0450017,-0.127871,0.807321,-1.95951
-0.0733936,-0.114527,0.80817,-2.19231
-0.0992216,-0.0929962,0.808504,-2.44553
-0.099557,-0.0926588,0.808495,-2.44884
-0.0998904,-0.0923194,0.808485,-2.45215
-0.100222,-0.0919781,0.808474,-2.45544
-0.100551,-0.091635,0.808462,-2.45873
-0.100877,-0.0912901,0.808449,-2.46202
-0.121875,-0.0601643,0.808488,-2.74198
-0.122101,-0.059746,0.808482,-2.74533
-0.122325,-0.0593262,0.808476,-2.74868
-0.228608,-0.134622,0.807589,-3.01826
-0.234054,-0.139549,0.807056,-3.01966
-0.239591,-0.14452,0.806521,-3.02108
-0.245209,-0.149531,0.805985,-3.02251
-0.609416,-0.484779,0.799232,-3.12057
-0.610465,-0.485798,0.799364,-3.12109
-0.611476,-0.486779,0.799494,-3.12159
-0.612451,-0.487724,0.799623,-3.12209
-0.632844,-0.499311,0.803689,3.13583
-0.632849,-0.499314,0.803674,3.13585
-0.632855,-0.499316,0.80366,3.13588
-0.63286,-0.499319,0.803646,3.13591
-0.632865,-0.499323,0.803632,3.13593
-0.63287,-0.499326,0.803618,3.13596
-0.632875,-0.499329,0.803605,3.13599
-0.633136,-0.499691,0.80291,3.13934
-0.633136,-0.499693,0.802908,3.13937
-0.633136,-0.499695,0.802906,3.13939
-0.633136,-0.499697,0.802905,3.13942
-0.633137,-0.499699,0.802903,3.13945
-0.633114,-0.499967,0.80289,-3.14156
-0.633114,-0.499967,0.80289,-3.14156
-0.633114,-0.499968,0.80289,-3.14155
-0.633113,-0.499969,0.80289,-3.14155
-0.633113,-0.499969,0.80289,-3.14155
-0.689568,-0.499018,0.8282,-3.12522
-0.691748,-0.498999,0.82879,-3.12438
-0.693949,-0.498982,0.829384,-3.12352
-0.69617,-0.498967,0.829982,-3.12263
-0.698408,-0.498953,0.830582,-3.12172
-0.892951,-0.495673,0.885333,-2.94769
-0.894923,-0.495581,0.885911,-2.94469
-0.89689,-0.495488,0.886487,-2.94167
-0.898852,-0.495396,0.88706,-2.93862
-1.05268,-0.491862,0.928337,-2.62568
-1.05435,-0.491884,0.928768,-2.6215
-1.05602,-0.491905,0.929198,-2.61732
-1.18071,-0.493231,0.96219,-2.26338
-1.18216,-0.49321,0.962593,-2.25878
-1.1836,-0.493186,0.962997,-2.25418
-1.29238,-0.484263,0.99557,-1.88044
-1.29368,-0.484048,0.995988,-1.8757
-1.29498,-0.483831,0.996407,-1.87096
-1.29627,-0.48361,0.996826,-1.86621
-1.38534,-0.460935,1.02638,-1.53297
-1.38661,-0.460497,1.02681,-1.52819
-1.38787,-0.460055,1.02723,-1.5234
-1.46403,-0.427405,1.05164,-1.22679
-1.46497,-0.426905,1.05192,-1.22256
-1.49304,-0.400899,1.0614,-0.993944
-1.4925,-0.384751,1.06546,-0.868949
-1.49279,-0.384399,1.06563,-0.867387
-1.4931,-0.384039,1.06581,-0.865842
-1.49342,-0.383672,1.06599,-0.864313
-1.54955,-0.348645,1.0848,-0.800632
-1.55098,-0.347904,1.0852,-0.800029
-1.55241,-0.347158,1.08561,-0.799437
-1.65813,-0.295678,1.11476,-0.783234
-1.65986,-0.294875,1.11523,-0.78326
-1.66159,-0.294072,1.1157,-0.783293
-1.76787,-0.245967,1.14479,-0.794468
-1.76967,-0.245169,1.14528,-0.79477
-1.85603,-0.207384,1.16871,-0.811684
-1.85782,-0.206608,1.16919,-0.812072
-1.96888,-0.15902,1.19928,-0.837262
-1.97067,-0.158257,1.19976,-0.837674
-1.97246,-0.157493,1.20024,-0.838088
-2.08662,-0.109054,1.23103,-0.864255
-2.08841,-0.108298,1.23152,-0.864657
-2.20773,-0.057756,1.26358,-0.890652
-2.20955,-0.0569884,1.26407,-0.891038
-2.21137,-0.0562205,1.26456,-0.891423
-2.31452,-0.0120636,1.29084,-0.913284
-2.31588,-0.0114742,1.29115,-0.913604
-2.36952,0.0177205,1.30736,-0.922309
-2.36991,0.0184054,1.30763,-0.922033
-2.37028,0.0191095,1.30791,-0.92174
-2.37954,0.087934,1.32623,-0.877886
-2.37954,0.0896479,1.32661,-0.876579
-2.3747,0.190309,1.34701,-0.786558
-2.37453,0.192399,1.34741,-0.784439
-2.36359,0.309128,1.36942,-0.654056
-2.35095,0.438289,1.39318,-0.490009
-2.35074,0.440567,1.39359,-0.487044
-2.35053,0.442846,1.394,-0.484076
-2.35032,0.445126,1.39441,-0.481105
-2.34013,0.57693,1.41782,-0.30707
-2.33998,0.579265,1.41823,-0.303967
-2.33283,0.729831,1.44443,-0.103129
-2.33276,0.732212,1.44483,-0.0999774
-2.33269,0.734594,1.44524,-0.0968261
-2.33076,0.877348,1.46982,0.0924444
-2.33077,0.879738,1.47024,0.0956042
-2.33258,0.986724,1.48853,0.236779
-2.33266,0.989066,1.48892,0.239857
-2.33864,1.08917,1.50454,0.381931
-2.34633,1.14048,1.5117,0.508161
-2.3464,1.14078,1.51172,0.509464
-2.34648,1.14107,1.51175,0.510752
-2.34655,1.14135,1.51177,0.512026
-2.35062,1.15428,1.51173,0.564334
-2.35079,1.15477,1.51165,0.565302
-2.37289,1.19719,1.50117,0.615594
-2.37367,1.19844,1.50081,0.616764
-2.42402,1.27256,1.4773,0.683983
-2.42518,1.2742,1.47674,0.6855
-2.49858,1.37623,1.43992,0.787644
-2.49983,1.37796,1.43927,0.789509
-2.50108,1.37968,1.43863,0.791379
-2.57473,1.48,1.40087,0.906444
-2.57601,1.48171,1.40023,0.908523
-2.65802,1.58887,1.35989,1.04178
-2.65937,1.59059,1.35925,1.04397
-2.66072,1.59231,1.35861,1.04616
-2.76563,1.72216,1.30944,1.21727
-2.76701,1.72384,1.3088,1.21951
-2.76839,1.72551,1.30817,1.22174
-2.87637,1.85295,1.25884,1.39599
-2.87776,1.85455,1.25821,1.39822
-2.87915,1.85615,1.25758,1.40045
-2.96506,1.95315,1.22097,1.53939
-2.96608,1.95424,1.22058,1.54123
-3.00158,1.98814,1.20754,1.62158
-3.00195,1.98843,1.20741,1.62277
-3.0023,1.98871,1.20728,1.62395
-3.02168,2.00917,1.19782,1.68752
-3.02203,2.00991,1.19759,1.68812
-3.02238,2.01067,1.19736,1.68871
-3.05813,2.11806,1.1716,1.71911
-3.05864,2.11985,1.17121,1.71935
-3.05915,2.12165,1.17082,1.71959
-3.0977,2.26804,1.13939,1.73114
-3.09818,2.26995,1.13898,1.73122
-3.09866,2.27186,1.13857,1.73131
-3.13427,2.41625,1.10732,1.73611
-3.13474,2.41816,1.10691,1.73616
-3.1352,2.42007,1.1065,1.73621
-3.17162,2.56984,1.07401,1.74019
-3.17208,2.57173,1.0736,1.74025
-3.17254,2.57362,1.07318,1.7403
-3.173,2.57552,1.07277,1.74035
-3.20322,2.7002,1.0457,1.7441
-3.20368,2.7021,1.04529,1.74416
-3.22824,2.80337,1.0233,1.74756
-3.2287,2.80527,1.02289,1.74762
-3.26039,2.93565,0.997107,1.75362
-3.26045,2.93589,0.997052,1.75365
-3.2605,2.93611,0.996998,1.75368
-3.26055,2.93633,0.996945,1.75372
-3.2606,2.93653,0.996894,1.75375
-3.25684,2.94787,0.995953,1.74176
-3.25641,2.94828,0.995971,1.74095
-3.25595,2.9487,0.995989,1.74011
-3.18902,2.9825,0.998417,1.64005
-3.18721,2.98317,0.998482,1.63738
-2.92735,3.05247,1.00811,1.18253
-2.92485,3.05297,1.00821,1.17747
-2.92234,3.05347,1.00831,1.1724
-2.91984,3.05396,1.0084,1.16733
-2.91734,3.05446,1.0085,1.16224
-2.771,3.0761,1.01408,0.849732
-2.7685,3.07633,1.01417,0.844113
-2.65117,3.08193,1.01849,0.56834
-2.6488,3.08195,1.01858,0.562484
-2.54619,3.07952,1.02271,0.296158
-2.54401,3.0794,1.0228,0.290185
-2.4569,3.07272,1.02671,0.0376098
-2.45493,3.07253,1.02681,0.0315613
-2.36848,3.06328,1.03118,-0.253682
-2.36677,3.06309,1.03128,-0.259779
-2.28244,3.05459,1.03592,-0.586787
-2.28111,3.05444,1.03599,-0.592625
-2.24172,3.04414,1.04014,-1.08819
-2.24163,3.04424,1.04017,-1.09136
-2.24153,3.04434,1.0402,-1.09451
-2.24141,3.04445,1.04023,-1.09764
-2.21614,3.05835,1.0428,-1.2187
-2.21517,3.05884,1.04288,-1.22088
-2.14432,3.09435,1.04908,-1.31556
-2.14282,3.09511,1.04922,-1.3169
-2.06124,3.1369,1.05668,-1.37218
-2.0596,3.13775,1.05684,-1.37306
-1.97676,3.18029,1.0645,-1.41031
-1.97508,3.18115,1.06466,-1.41096
-1.88243,3.22837,1.07312,-1.44305
-1.88074,3.22923,1.07328,-1.44359
-1.87906,3.23008,1.07343,-1.44413
-1.78273,3.27882,1.08207,-1.47418
-1.78104,3.27968,1.08222,-1.47471
-1.6866,3.32738,1.09055,-1.50395
-1.68486,3.32827,1.0907,-1.50449
-1.60032,3.37098,1.09817,-1.5314
-1.5986,3.37185,1.09832,-1.53196
-1.51771,3.41292,1.10547,-1.55843
-1.51605,3.41377,1.10561,-1.55898
-1.45461,3.44531,1.11008,-1.58219
-1.45374,3.44575,1.11013,-1.58262
-1.43014,3.4579,1.11125,-1.59991
-1.42995,3.458,1.11126,-1.60019
-1.42405,3.46169,1.11205,-1.61005
-1.42377,3.46188,1.11209,-1.61014
-1.38946,3.49101,1.11504,-1.6054
-1.3884,3.49196,1.1151,-1.60511
-1.32152,3.55347,1.1175,-1.5796
-1.32008,3.5548,1.11752,-1.57892
-1.24668,3.62208,1.1186,-1.53901
-1.24515,3.62348,1.11862,-1.53808
-1.16777,3.69373,1.11944,-1.48691
-1.16621,3.69514,1.11946,-1.48582
-1.0927,3.76174,1.12043,-1.43228
-1.09113,3.76315,1.12046,-1.43111
-1.02041,3.8272,1.12153,-1.37753
-1.01885,3.82862,1.12155,-1.37633
-0.937398,3.90267,1.1228,-1.31347
-0.935831,3.9041,1.12282,-1.31226
-0.855132,3.97796,1.12414,-1.25034
-0.853539,3.97942,1.12416,-1.24912
-0.772974,4.05393,1.12551,-1.18745
-0.771405,4.05538,1.12553,-1.18624
-0.659396,4.15979,1.12609,-1.08874
-0.65889,4.16023,1.12607,-1.08802
-0.658395,4.16066,1.12605,-1.08731
-0.657913,4.16107,1.12604,-1.0866
-0.643827,4.17206,1.12643,-1.05949
-0.643457,4.17228,1.1265,-1.05881
-0.59822,4.18395,1.13492,-1.00772
-0.596774,4.18418,1.13517,-1.00634
-0.490731,4.19874,1.15318,-0.902745
-0.48862,4.19902,1.15355,-0.900514
-0.486504,4.1993,1.15392,-0.89827
-0.343823,4.21822,1.18025,-0.727281
-0.341577,4.21853,1.18067,-0.724335
-0.20919,4.23936,1.20597,-0.53616
-0.207019,4.23974,1.20639,-0.532882
-0.20485,4.24013,1.2068,-0.529599
-0.0720011,4.26658,1.23212,-0.320139
-0.0698702,4.26704,1.23252,-0.316692
0.0609672,4.29795,1.25789,-0.0974078
0.0629867,4.29846,1.25829,-0.0939028
0.0650053,4.29897,1.2587,-0.090396
0.190839,4.33168,1.28429,0.131838
0.192785,4.3322,1.2847,0.135377
0.306546,4.36389,1.30853,0.348199
0.308216,4.36439,1.30887,0.3515
0.309871,4.3649,1.3092,0.354787
0.380775,4.39479,1.32786,0.595116
0.381071,4.39484,1.32798,0.596797
0.381377,4.39488,1.32809,0.598462
0.381693,4.39491,1.32821,0.600111
0.413672,4.37549,1.33614,0.664214
0.414571,4.3747,1.33633,0.66505
0.458232,4.33107,1.34567,0.688318
0.459417,4.3298,1.34593,0.688643
0.515128,4.26771,1.35825,0.693947
0.516394,4.26627,1.35853,0.693887
0.57574,4.19823,1.37222,0.685181
0.632731,4.13255,1.38536,0.669986
0.63405,4.13103,1.38567,0.669582
0.698961,4.05602,1.4006,0.64838
0.700278,4.0545,1.40091,0.647927
0.759713,3.9857,1.41442,0.627321
0.82869,3.90578,1.4299,0.603642
0.830021,3.90424,1.4302,0.603193
0.831352,3.90269,1.43049,0.602744
0.906874,3.81507,1.44748,0.577583
0.908201,3.81353,1.44778,0.57715
0.973489,3.73768,1.4621,0.55617
0.974703,3.73627,1.46235,0.55578
0.975907,3.73487,1.4626,0.555391
1.01677,3.68669,1.47091,0.539969
1.0359,3.66271,1.47591,0.529879
1.03621,3.66227,1.476,0.529906
1.03653,3.66182,1.47609,0.529948
1.05181,3.63648,1.47931,0.541253
1.08545,3.57333,1.48388,0.59173
1.08622,3.57185,1.48397,0.593139
1.12616,3.49243,1.48848,0.682136
1.16116,3.41656,1.49256,0.789789
1.16185,3.41498,1.49264,0.792207
1.16254,3.41341,1.49273,0.79463
1.19482,3.33686,1.49684,0.919252
1.19545,3.3353,1.49693,0.921893
1.21941,3.27392,1.50022,1.02705
1.22001,3.27232,1.50031,1.02979
1.24702,3.19822,1.5043,1.15713
1.24759,3.19661,1.50439,1.15991
1.27176,3.12539,1.50812,1.28242
1.32194,2.96288,1.51648,1.54969
1.32247,2.96111,1.51657,1.55246
1.323,2.95935,1.51666,1.55523
1.32352,2.95758,1.51674,1.55799
1.34606,2.83777,1.51822,1.82367
1.34594,2.83766,1.51821,1.82464
1.34581,2.83755,1.51821,1.82561
1.34568,2.83745,1.5182,1.82656
1.34556,2.83734,1.5182,1.8275
1.34543,2.83724,1.51819,1.82843
1.33853,2.82844,1.52014,1.86271
1.33829,2.828,1.52022,1.86289
1.30341,2.78173,1.52608,1.8363
1.22702,2.7041,1.53331,1.72284
1.22578,2.70286,1.53341,1.72059
1.22454,2.70162,1.53352,1.71832
1.22331,2.70038,1.53362,1.71603
1.17149,2.64651,1.53786,1.60713
1.17032,2.64523,1.53796,1.60437
1.10718,2.57323,1.54345,1.44248
1.10606,2.5719,1.54355,1.43939
1.0473,2.49941,1.54887,1.27078
1.04619,2.498,1.54897,1.26752
0.986092,2.41988,1.55442,1.09036
0.984977,2.4184,1.55452,1.08705
0.98386,2.41692,1.55462,1.08373
0.932921,2.34862,1.55932,0.934775
0.931778,2.34708,1.55943,0.931472
0.835787,2.21714,1.56783,0.661276
0.834568,2.21551,1.56793,0.658045
0.833348,2.21387,1.56803,0.654823
0.766246,2.11442,1.57016,0.410177
0.766132,2.11401,1.57014,0.408484
0.766023,2.1136,1.57011,0.406808
0.76592,2.11321,1.57009,0.405149
0.761301,2.09694,1.56976,0.337173
0.760964,2.09657,1.56976,0.336279
0.709459,2.06881,1.56724,0.313097
0.708013,2.06822,1.56714,0.313154
0.538345,2.01283,1.54967,0.376773
0.53643,2.0123,1.54944,0.377908
0.534514,2.01177,1.54921,0.379049
0.532598,2.01124,1.54898,0.380196
0.434792,1.98558,1.53704,0.446216
0.432853,1.98509,1.53681,0.447625
0.315202,1.95615,1.52307,0.536953
0.31323,1.95567,1.52285,0.538491
0.224703,1.93445,1.51284,0.608496
0.222728,1.93398,1.51262,0.610064
0.220753,1.93351,1.5124,0.611631
0.108298,1.90663,1.50018,0.699915
0.106262,1.90614,1.49997,0.701491
-0.0371259,1.87132,1.4846,0.812538
-0.0391393,1.87083,1.48439,0.814088
-0.0411524,1.87034,1.48417,0.815638
-0.197222,1.83309,1.46693,0.947923
-0.197931,1.83298,1.46682,0.948889
-0.198623,1.83288,1.46671,0.949848
-0.199299,1.83278,1.46661,0.950798
-0.224915,1.82994,1.46433,0.991448
-0.292921,1.79851,1.47664,0.996027
-0.294396,1.79774,1.47692,0.995719
-0.295879,1.79696,1.4772,0.995399
-0.297369,1.79619,1.47748,0.995069
-0.400514,1.73976,1.49718,0.954649
-0.402157,1.73882,1.4975,0.95376
-0.50319,1.67927,1.51757,0.889169
-0.50484,1.67827,1.5179,0.887981
-0.506489,1.67728,1.51823,0.886791
-0.624674,1.6046,1.54207,0.794727
-0.626327,1.60357,1.54241,0.793389
-0.627978,1.60254,1.54274,0.792051
-0.754962,1.52272,1.56819,0.686656
-0.756565,1.5217,1.56851,0.685304
-0.758168,1.52068,1.56883,0.683952
-0.876129,1.44569,1.59256,0.586365
-0.877787,1.44464,1.59289,0.585012
-0.879445,1.44359,1.59322,0.583659
-0.994655,1.3704,1.61529,0.490436
-0.996036,1.36952,1.61552,0.48925
-0.9974,1.36865,1.61575,0.488071
-1.05517,1.322,1.62714,0.402102
-1.05538,1.3216,1.62731,0.402268
-1.05559,1.32118,1.62749,0.402461
-1.0558,1.32075,1.62767,0.402682
-1.05602,1.3203,1.62785,0.402928
-1.0738,1.26075,1.64452,0.480111
-1.07438,1.25802,1.64515,0.484597
-1.07466,1.25665,1.64547,0.486885
-1.09265,1.16865,1.6657,0.669402
-1.09301,1.16712,1.66605,0.673185
-1.11825,1.08208,1.68576,0.906317
-1.11881,1.08051,1.68611,0.910953
-1.15522,0.98919,1.70615,1.18508
-1.15593,0.98751,1.7065,1.19017
-1.15665,0.98583,1.70685,1.19526
-1.20691,0.873153,1.72927,1.53041
-1.20776,0.871261,1.72963,1.53577
-1.26018,0.746086,1.75122,1.87066
-1.26101,0.743954,1.75156,1.8761
-1.26185,0.741818,1.75191,1.88155
-1.31432,0.592149,1.775,2.24188
-1.31505,0.589766,1.77535,2.24734
-1.31578,0.587378,1.77569,2.25281
-1.35451,0.430178,1.79596,2.6073
-1.35484,0.428324,1.79615,2.61195
-1.37612,0.305376,1.80781,3.02379
-1.37619,0.304118,1.80799,3.02576
-1.37626,0.302839,1.80818,3.02772
-1.37633,0.301539,1.80837,3.02967
-1.37639,0.300218,1.80856,3.03162
-1.37645,0.298877,1.80875,3.03356
-1.37649,0.171671,1.82726,-3.12212
-1.37641,0.167346,1.82792,-3.11848
-1.37637,0.165179,1.82825,-3.11666
-1.37289,0.018143,1.85134,-2.99418
-1.37283,0.0158981,1.8517,-2.99228
-1.37277,0.013654,1.85206,-2.99038
-1.36783,-0.133078,1.87593,-2.86222
-1.36774,-0.135303,1.8763,-2.86023
-1.36036,-0.283915,1.90024,-2.72538
-1.36023,-0.286114,1.90059,-2.72335
-1.36009,-0.288312,1.90095,-2.72131
-1.34823,-0.462205,1.92878,-2.5592
-1.34806,-0.46441,1.92913,-2.55713
-1.34789,-0.466614,1.92948,-2.55506
-1.33085,-0.657662,1.96004,-2.37478
-1.33064,-0.6598,1.96037,-2.37277
-1.33043,-0.661931,1.96069,-2.37076
-1.33021,-0.664056,1.96101,-2.36875
-1.31019,-0.786328,1.97984,-2.19879
-1.31011,-0.786501,1.97986,-2.19801
-1.31003,-0.786668,1.97987,-2.19724
-1.30995,-0.78683,1.97988,-2.19648
-1.30987,-0.786988,1.9799,-2.19573
-1.31132,-0.806787,1.97359,-2.14567
-1.31163,-0.807493,1.97325,-2.14475
-1.31195,-0.808215,1.97289,-2.14382
-1.34808,-0.870483,1.93873,-2.06741
-1.34894,-0.871804,1.93797,-2.06571
-1.40536,-0.955511,1.88611,-1.94165
-1.40632,-0.956905,1.88519,-1.93931
-1.40729,-0.958301,1.88428,-1.93696
-1.46142,-1.0374,1.83096,-1.79105
-1.46235,-1.03878,1.83001,-1.78831
-1.51213,-1.11337,1.778,-1.63169
-1.513,-1.11469,1.77706,-1.62877
-1.56116,-1.18645,1.72474,-1.46176
-1.56201,-1.18771,1.72381,-1.45875
-1.56287,-1.18896,1.72289,-1.45574
-1.61318,-1.26091,1.668,-1.27449
-1.61402,-1.26207,1.66709,-1.27146
-1.65077,-1.31106,1.62758,-1.1409
-1.65164,-1.31218,1.62665,-1.13786
-1.68227,-1.35079,1.59437,-1.0316
-1.71378,-1.38918,1.56278,-0.92117
-1.71448,-1.39005,1.56208,-0.918461
-1.73893,-1.41964,1.52884,-0.738691
-1.73892,-1.41959,1.52873,-0.737369
-1.73891,-1.41954,1.52861,-0.736061
-1.73922,-1.41743,1.52546,-0.686433
-1.73941,-1.41757,1.52544,-0.685891
-1.73962,-1.41774,1.52543,-0.68537
-1.81222,-1.48684,1.53105,-0.728738
-1.81364,-1.4882,1.53119,-0.73029
-1.81507,-1.48958,1.53133,-0.731864
-1.88497,-1.55658,1.53846,-0.822873
-1.88661,-1.55815,1.53862,-0.825286
-1.94303,-1.61206,1.54463,-0.915568
-2.01893,-1.68298,1.55265,-1.05074
-2.0207,-1.6846,1.55283,-1.05399
-2.09455,-1.74968,1.56011,-1.1911
-2.17574,-1.81688,1.56795,-1.34478
-2.17762,-1.81839,1.56813,-1.34832
-2.2499,-1.87485,1.57482,-1.484
-2.25182,-1.87629,1.57499,-1.48759
-2.34229,-1.94248,1.58329,-1.65687
-2.34422,-1.94385,1.58346,-1.66048
-2.44047,-2.00986,1.59205,-1.84037
-2.44237,-2.01112,1.59222,-1.84396
-2.50846,-2.05401,1.59814,-1.9688
-2.60406,-2.10836,1.6062,-2.16493
-2.60501,-2.10876,1.60629,-2.16752
-2.60594,-2.10915,1.60638,-2.17008
-2.6433,-2.1121,1.60826,-2.34021
-2.64341,-2.11201,1.60824,-2.34103
-2.6524,-2.11174,1.60797,-2.37193
-2.65279,-2.11201,1.60795,-2.37212
-2.65319,-2.1123,1.60794,-2.37229
-2.6536,-2.1126,1.60792,-2.37245
-2.65539,-2.11399,1.60783,-2.3729
-2.68968,-2.1493,1.60518,-2.35715
-2.69068,-2.15044,1.60509,-2.35636
-2.74339,-2.21585,1.60109,-2.2977
-2.74456,-2.21737,1.60101,-2.29606
-2.82129,-2.32117,1.59561,-2.16313
-2.82244,-2.32278,1.59553,-2.16075
-2.88877,-2.41787,1.59052,-2.00865
-2.88986,-2.41948,1.59043,-2.00591
-2.89095,-2.42109,1.59034,-2.00317
-2.96028,-2.52539,1.584,-1.81718
-2.9613,-2.52693,1.5839,-1.81431
-3.02573,-2.62435,1.57735,-1.6285
-3.02672,-2.62584,1.57725,-1.62559
-3.02771,-2.62734,1.57715,-1.62268
-3.08881,-2.71707,1.57103,-1.44238
-3.08981,-2.71849,1.57093,-1.43947
-3.14869,-2.80122,1.56511,-1.26742
-3.14955,-2.80246,1.56503,-1.26472
-3.15041,-2.80369,1.56494,-1.26204
-3.1808,-2.84884,1.56155,-1.12681
-3.18098,-2.84913,1.56151,-1.12502
-3.17799,-2.85135,1.55966,-1.00938
-3.17802,-2.85145,1.55965,-1.00896
-3.17805,-2.85157,1.55964,-1.00855
-3.17809,-2.85171,1.55963,-1.00816
-3.17813,-2.85186,1.55962,-1.00778
-3.18335,-2.86935,1.55782,-1.00577
-3.19427,-2.91175,1.55347,-1.02672
-3.19466,-2.9133,1.55332,-1.02769
-3.21124,-2.9794,1.54684,-1.07738
-3.22987,-3.05302,1.54003,-1.1473
-3.23041,-3.0551,1.53984,-1.1495
-3.24415,-3.10737,1.53505,-1.20809
-3.25842,-3.15982,1.53023,-1.27251
-3.28015,-3.23429,1.52323,-1.37288
-3.31353,-3.33861,1.51316,-1.5248
-3.31421,-3.34061,1.51297,-1.52785
-3.3563,-3.45997,1.50102,-1.71609
-3.357,-3.4619,1.50081,-1.71921
-3.3577,-3.46383,1.50061,-1.72233
-3.39441,-3.56337,1.49009,-1.88524
-3.39512,-3.56526,1.48988,-1.88837
-3.44712,-3.70292,1.47471,-2.12544
-3.44778,-3.70467,1.47451,-2.12852
-3.44844,-3.70642,1.47431,-2.13159
-3.50323,-3.80175,1.46114,-2.46251
-3.50331,-3.80166,1.46113,-2.4631
-3.50338,-3.80158,1.46111,-2.46367
-3.50345,-3.80149,1.4611,-2.46423
-3.50352,-3.8014,1.46109,-2.46478
-3.50359,-3.80132,1.46108,-2.46533
-3.50365,-3.80124,1.46107,-2.46587
-3.50499,-3.79964,1.46105,-2.47622
-3.51101,-3.80068,1.46605,-2.49961
-3.51145,-3.80075,1.46634,-2.50063
-3.54228,-3.80028,1.48365,-2.55662
-3.59239,-3.78945,1.51128,-2.64497
-3.59404,-3.78898,1.5122,-2.648
-3.63563,-3.77556,1.53593,-2.72841
-3.69361,-3.75282,1.57068,-2.85495
-3.73818,-3.733,1.59922,-2.96651
-3.78724,-3.70942,1.6316,-3.10181
-3.86266,-3.66755,1.68466,2.94238
-3.86421,-3.66661,1.68581,2.937
-3.94124,-3.61546,1.74703,2.63936
-3.94253,-3.61453,1.74815,2.63374
-4.0009,-3.57116,1.80321,2.35431
-4.00201,-3.57032,1.80433,2.34855
-4.04944,-3.53475,1.85596,2.08152
-4.05039,-3.53406,1.85708,2.07569
-4.09429,-3.50535,1.91319,1.78285
-4.09595,-3.50445,1.91543,1.7711
-4.13618,-3.48781,1.97054,1.47
-4.13681,-3.48763,1.97142,1.4645
-4.12861,-3.51506,2.0107,0.870502
-4.12849,-3.51514,2.01067,0.869882
-4.12838,-3.51522,2.01065,0.869274
-4.12827,-3.5153,2.01062,0.868677
-4.12816,-3.51538,2.01059,0.868091
-4.12499,-3.51832,2.01268,0.849602
-4.12493,-3.51839,2.01277,0.849554
-4.12485,-3.51847,2.01287,0.849528
-4.12477,-3.51856,2.01296,0.849525
-4.12468,-3.51864,2.01306,0.849547
-4.12458,-3.51874,2.01315,0.849595
-4.10277,-3.52616,2.01485,0.885987
-4.1019,-3.52636,2.01481,0.887544
-4.0329,-3.53798,2.00902,1.02604
-4.03146,-3.53819,2.00887,1.02932
-3.95297,-3.55121,1.99896,1.24426
-3.95159,-3.5515,1.99877,1.2487
-3.8791,-3.57173,1.9873,1.51351
-3.87785,-3.57217,1.98709,1.51862
-3.8766,-3.57262,1.98687,1.52375
-3.79331,-3.61317,1.97178,1.89868
-3.79214,-3.61391,1.97157,1.90422
-3.71594,-3.66838,1.95838,2.25869
-3.71469,-3.66937,1.95817,2.2644
-3.71344,-3.67035,1.95796,2.27011
-3.63758,-3.7324,1.94635,2.59199
-3.63613,-3.73359,1.94615,2.59776
-3.54766,-3.80538,1.9344,2.92739
-3.54599,-3.80669,1.9342,2.93313
-3.54431,-3.808,1.934,2.93887
-3.428,-3.9023,1.919,-2.86075
-3.42761,-3.90281,1.91892,-2.85744
-3.42723,-3.90332,1.91884,-2.85417
-3.42686,-3.90383,1.91876,-2.85093
-3.41448,-3.92146,1.91699,-2.73364
-3.4141,-3.92185,1.91697,-2.73108
-3.38916,-3.93388,1.91562,-2.64254
-3.35085,-3.93971,1.91308,-2.56524
-3.29433,-3.94218,1.90821,-2.46837
-3.2256,-3.94251,1.90088,-2.35182
-3.22336,-3.9425,1.90062,-2.34797
-3.15496,-3.94231,1.89245,-2.22731
-3.07396,-3.94157,1.88254,-2.07951
-2.98725,-3.93857,1.87248,-1.91783
-2.98473,-3.93844,1.8722,-1.91309
-2.89304,-3.93168,1.8621,-1.73945
-2.78453,-3.9186,1.85052,-1.53069
-2.78192,-3.91821,1.85024,-1.52567
-2.64052,-3.89198,1.83535,-1.2502
-2.63788,-3.89139,1.83508,-1.24503
-2.51651,-3.8597,1.82236,-1.00585
-2.51391,-3.85892,1.82208,-1.00062
-2.41392,-3.82616,1.81115,-0.795846
-2.3251,-3.79207,1.8013,-0.606829
-2.32272,-3.79108,1.80105,-0.601658
-2.24811,-3.75592,1.79329,-0.425549
-2.18423,-3.68751,1.78397,-0.00461658
-2.18424,-3.68735,1.78397,-0.00388391
-2.18424,-3.6872,1.78396,-0.00316347
-2.18424,-3.68704,1.78395,-0.00245513
-2.18377,-3.68238,1.78414,0.017066
-2.18367,-3.68223,1.78416,0.0175295
-2.18356,-3.68207,1.78419,0.017984
-2.18344,-3.68191,1.78421,0.0184296
-2.18331,-3.68175,1.78424,0.0188664
-2.1655,-3.6716,1.78619,0.0266926
-2.11036,-3.64846,1.79262,0.00986095
-2.10886,-3.64786,1.79283,0.00915428
-2.03405,-3.6184,1.80479,-0.0382798
-2.03233,-3.61774,1.80509,-0.039605
-1.97617,-3.59644,1.8152,-0.0874394
-1.91823,-3.57522,1.8262,-0.145582
-1.91649,-3.57459,1.82654,-0.147457
-1.86456,-3.55607,1.83668,-0.206144
-1.80084,-3.53389,1.84897,-0.283555
-1.72237,-3.50696,1.86396,-0.384455
-1.72067,-3.50638,1.86429,-0.386686
-1.66303,-3.48641,1.87524,-0.463169
-1.66134,-3.48582,1.87556,-0.465429
-1.60624,-3.46649,1.88616,-0.540127
-1.54085,-3.44279,1.89895,-0.630663
-1.53924,-3.4422,1.89926,-0.632922
-1.48141,-3.42043,1.91074,-0.714216
-1.42284,-3.3977,1.92219,-0.796752
-1.42132,-3.39711,1.92248,-0.79891
-1.35588,-3.37197,1.93505,-0.917623
-1.35545,-3.37179,1.93515,-0.919063
-1.34756,-3.36867,1.93768,-0.960646
-1.34743,-3.36863,1.93776,-0.96181
-1.33943,-3.3703,1.94166,-1.00492
-1.32699,-3.37909,1.94471,-1.04039
-1.31199,-3.39245,1.94781,-1.07751
-1.28149,-3.42409,1.95406,-1.15402
-1.25706,-3.45173,1.95952,-1.22139
-1.21208,-3.50466,1.97077,-1.36466
-1.16676,-3.5581,1.98327,-1.53724
-1.16572,-3.55932,1.98357,-1.54156
-1.13407,-3.59586,1.99285,-1.67942
-1.09345,-3.64021,2.0048,-1.87113
-1.09247,-3.64124,2.00508,-1.8759
-1.05817,-3.67508,2.01484,-2.04537
-1.01323,-3.71254,2.027,-2.26336
-1.01218,-3.71333,2.02727,-2.26835
-0.977664,-3.73685,2.03603,-2.42848
-0.929685,-3.76292,2.04766,-2.63944
-0.928477,-3.76349,2.04795,-2.64448
-0.878628,-3.78449,2.05904,-2.8413
-0.877279,-3.785,2.05932,-2.84636
-0.815329,-3.80628,2.07078,-3.0699
-0.770067,-3.81119,2.0758,2.99086
-0.769647,-3.81104,2.07581,2.98777
-0.769235,-3.81088,2.07583,2.98471
-0.751677,-3.80192,2.07281,2.85293
-0.751279,-3.802,2.07254,2.85149
-0.721907,-3.83268,2.03721,2.83754
-0.721294,-3.83367,2.03622,2.83847
-0.682946,-3.91636,1.95535,2.97267
-0.682383,-3.91785,1.95391,2.97575
-0.681821,-3.91935,1.95247,2.97885
-0.648141,-4.01602,1.86196,-3.08077
-0.605117,-4.12505,1.76643,-2.79588
-0.604327,-4.12681,1.76492,-2.7911
-0.603532,-4.12857,1.7634,-2.78632
-0.602733,-4.13033,1.76188,-2.78154
-0.564835,-4.20614,1.69734,-2.57182
-0.563877,-4.20788,1.69585,-2.56687
-0.525072,-4.27326,1.63927,-2.37682
-0.479539,-4.33947,1.57977,-2.17442
-0.478347,-4.34108,1.57828,-2.16934
-0.4118,-4.42266,1.49914,-1.89885
-0.410493,-4.42412,1.49766,-1.89374
-0.369448,-4.46737,1.4517,-1.73549
-0.268178,-4.54539,1.35936,-1.31505
-0.267615,-4.54562,1.359,-1.31186
-0.267059,-4.54585,1.35867,-1.30871
-0.26651,-4.54609,1.35834,-1.30559
-0.258487,-4.55056,1.35522,-1.25982
-0.248385,-4.56349,1.35898,-1.20619
-0.239848,-4.58993,1.37581,-1.17259
-0.235313,-4.62184,1.39998,-1.16703
-0.233416,-4.66495,1.4364,-1.18648
-0.233407,-4.66639,1.43767,-1.18752
-0.23446,-4.71384,1.48005,-1.23206
-0.238007,-4.7651,1.52674,-1.29839
-0.240518,-4.79091,1.55019,-1.33692
-0.24386,-4.81979,1.57608,-1.38295
-0.252021,-4.87617,1.62637,-1.48099
-0.256352,-4.90211,1.64985,-1.52934
-0.260873,-4.92809,1.67353,-1.57871
-0.27002,-4.97807,1.71843,-1.67373
-0.280412,-5.03076,1.76614,-1.77556
-0.283915,-5.0479,1.78199,-1.80955
-0.292499,-5.08981,1.82184,-1.89463
-0.303319,-5.14321,1.87365,-2.00502
-0.303591,-5.14455,1.87498,-2.00784
-0.313572,-5.19466,1.92446,-2.1142
-0.325495,-5.24324,1.97286,-2.24149
-0.325652,-5.24372,1.97346,-2.24351
-0.330694,-5.25408,1.99173,-2.31326
-0.330797,-5.25427,1.99211,-2.31458
-0.336647,-5.27486,2.0069,-2.34336
-0.336844,-5.27581,2.00726,-2.34341
-0.344081,-5.3238,2.02108,-2.3226
-0.350738,-5.41451,2.04264,-2.23309
-0.350831,-5.41656,2.04312,-2.23059
-0.353043,-5.48963,2.06033,-2.13016
-0.353105,-5.5699,2.07933,-1.99861
-0.353068,-5.57201,2.07984,-1.9949
-0.349404,-5.66605,2.10276,-1.8186
-0.349275,-5.66811,2.10327,-1.81451
-0.343608,-5.73926,2.1211,-1.66813
-0.33764,-5.79633,2.13585,-1.5433
-0.335176,-5.81745,2.14143,-1.49541
-0.330314,-5.8569,2.15211,-1.40337
-0.321455,-5.92524,2.1713,-1.23566
-0.317922,-5.9529,2.17945,-1.16471
-0.313757,-5.98668,2.18955,-1.07597
-0.307421,-6.04113,2.20636,-0.925876
-0.302497,-6.09982,2.22553,-0.754769
-0.302391,-6.10126,2.22598,-0.750494
-0.29748,-6.14994,2.24177,-0.578389
-0.295354,-6.16515,2.24939,-0.441386
-0.29532,-6.16531,2.2494,-0.438665
-0.286875,-6.17522,2.23969,-0.338446
-0.285916,-6.17601,2.23862,-0.333513
-0.260541,-6.19424,2.21241,-0.24854
-0.225114,-6.21714,2.17666,-0.165984
-0.223982,-6.21786,2.17552,-0.163544
-0.190528,-6.23902,2.141,-0.0922143
-0.152624,-6.26359,2.09945,-0.00908412
-0.120845,-6.28484,2.06353,0.0632198
-0.0920629,-6.3044,2.03039,0.131437
-0.061231,-6.32583,1.99364,0.208704
-0.0313027,-6.34739,1.95709,0.286998
-0.0302868,-6.34813,1.95583,0.28971
0.000721006,-6.37124,1.91678,0.374466
0.0340148,-6.39725,1.87377,0.46853
0.0597085,-6.41808,1.83982,0.543611
0.085537,-6.44001,1.80456,0.62182
0.116753,-6.46798,1.76064,0.719801
0.118499,-6.46959,1.75814,0.725396
0.148385,-6.49808,1.7147,0.823134
0.193401,-6.54308,1.64405,1.0236
0.193606,-6.54329,1.64359,1.02525
0.193815,-6.54349,1.64313,1.02688
0.19403,-6.5437,1.64268,1.02849
0.207613,-6.54829,1.62966,1.06808
0.291809,-6.54361,1.60684,1.07351
0.293627,-6.54345,1.60649,1.07287
0.295456,-6.5433,1.60615,1.07221
0.38063,-6.53601,1.59132,1.02689
0.382691,-6.53584,1.59098,1.02549
0.486582,-6.52773,1.57405,0.940914
0.488676,-6.52757,1.57371,0.938975
0.601436,-6.52066,1.55505,0.827029
0.603586,-6.52056,1.55469,0.824783
0.700547,-6.51703,1.53847,0.720854
0.702687,-6.51698,1.53811,0.718496
0.794569,-6.51536,1.52253,0.616047
0.879721,-6.51486,1.50792,0.51994
0.881832,-6.51486,1.50756,0.517536
0.980522,-6.51539,1.49042,0.404792
0.98261,-6.51541,1.49006,0.402398
1.15466,-6.51886,1.46033,0.203006
1.15627,-6.51895,1.46008,0.200956
1.15785,-6.51904,1.45984,0.198916
1.22034,-6.52987,1.44934,0.0618611
1.22053,-6.52996,1.44929,0.0607753
1.22074,-6.53006,1.44925,0.0596854
1.22095,-6.53015,1.4492,0.0585915
1.25129,-6.52721,1.44339,-0.0111699
1.25236,-6.52699,1.44321,-0.0129452
1.31952,-6.51113,1.43243,-0.11975
1.32113,-6.51073,1.43218,-0.122423
1.39419,-6.49188,1.42082,-0.256304
1.39586,-6.49144,1.42056,-0.259689
1.47762,-6.46913,1.40697,-0.444001
1.47919,-6.4687,1.4067,-0.447938
1.5439,-6.45024,1.39478,-0.624133
1.54534,-6.4498,1.3945,-0.628383
1.59897,-6.43256,1.38375,-0.793473
1.60035,-6.43209,1.38346,-0.79791
1.65524,-6.41153,1.37198,-0.98248
1.68929,-6.3965,1.36438,-1.10605
1.73118,-6.37449,1.35455,-1.26747
1.73234,-6.37382,1.35427,-1.27209
1.76104,-6.35611,1.34722,-1.38793
1.78923,-6.33658,1.34017,-1.50406
1.8127,-6.3188,1.33428,-1.60154
1.88373,-6.25621,1.31689,-1.90885
1.88449,-6.25544,1.31669,-1.91283
1.89862,-6.23857,1.31186,-2.00885
1.90193,-6.23292,1.31007,-2.04555
1.90993,-6.22128,1.30653,-2.11889
1.93803,-6.20778,1.30222,-2.19782
1.96983,-6.20223,1.29935,-2.23303
2.03627,-6.19815,1.29417,-2.26402
2.03813,-6.19811,1.29403,-2.26444
2.14552,-6.19831,1.28575,-2.26562
2.14749,-6.19835,1.28559,-2.26531
2.20492,-6.20006,1.28092,-2.25269
2.26133,-6.2022,1.27642,-2.23521
2.31852,-6.20466,1.27195,-2.21432
2.3823,-6.20767,1.26701,-2.18879
2.38436,-6.20777,1.26685,-2.18794
2.4655,-6.21186,1.26065,-2.15394
2.52612,-6.21496,1.25602,-2.12825
2.59118,-6.21826,1.25112,-2.10088
2.59327,-6.21837,1.25096,-2.10001
2.66636,-6.22206,1.24545,-2.06954
2.73298,-6.22534,1.24049,-2.04215
2.87049,-6.23161,1.23039,-1.98444
2.87168,-6.23168,1.23029,-1.98381
2.87285,-6.23174,1.23018,-1.98319
2.89796,-6.23362,1.22769,-1.96717
2.89859,-6.23368,1.22763,-1.96671
2.91826,-6.23032,1.22632,-1.96013
2.92905,-6.21893,1.22628,-1.96691
2.9437,-6.19462,1.22636,-1.98603
2.96708,-6.14367,1.22587,-2.03541
2.98265,-6.10332,1.22492,-2.08188
2.99877,-6.05631,1.22346,-2.1423
3.02454,-5.97141,1.2202,-2.26505
3.02512,-5.96939,1.22012,-2.26813
3.05029,-5.87928,1.21653,-2.41106
3.05087,-5.87719,1.21645,-2.41445
3.07539,-5.78982,1.21346,-2.55703
3.10156,-5.70078,1.2106,-2.70386
3.10221,-5.69859,1.21054,-2.70747
3.12603,-5.62146,1.2082,-2.83451
3.14431,-5.56548,1.2066,-2.9257
3.16618,-5.5021,1.20481,-3.02817
3.16699,-5.49982,1.20474,-3.03184
3.19132,-5.43355,1.20293,-3.13813
3.21448,-5.37379,1.20128,3.04962
3.28631,-5.21001,1.19599,2.75617
3.28674,-5.20904,1.19596,2.75363
3.28717,-5.20808,1.19594,2.7511
3.29962,-5.17269,1.19568,2.66564
3.29992,-5.1715,1.19569,2.66323
3.30959,-5.12041,1.1965,2.58001
3.31917,-5.05941,1.19816,2.50029
3.3195,-5.0573,1.19823,2.49764
3.33295,-4.97118,1.20136,2.39
3.34294,-4.90724,1.204,2.30786
3.35367,-4.84122,1.20702,2.21891
3.36421,-4.78007,1.20967,2.13337
3.37554,-4.72015,1.21233,2.04563
3.37597,-4.71794,1.21243,2.04234
3.39365,-4.63221,1.21612,1.91239
3.40981,-4.56153,1.21911,1.80092
3.41486,-4.54057,1.22001,1.76699
3.43645,-4.45399,1.22378,1.62349
3.43697,-4.45194,1.22386,1.62006
3.45388,-4.38724,1.22671,1.51001
3.47258,-4.31782,1.22981,1.38911
3.49165,-4.24882,1.23313,1.26474
3.49218,-4.24695,1.23322,1.26131
3.52685,-4.14299,1.2386,1.03077
3.52714,-4.1424,1.23866,1.02833
3.52742,-4.14183,1.23873,1.0259
3.53449,-4.12516,1.24062,0.953502
3.54006,-4.10474,1.24161,0.896897
3.54732,-4.07239,1.24264,0.834584
3.5536,-4.04144,1.24364,0.784349
3.55987,-4.00746,1.24501,0.732001
3.56769,-3.95986,1.24721,0.658984
3.57394,-3.91724,1.24947,0.591132
3.58287,-3.84527,1.25365,0.468884
3.58306,-3.84362,1.25375,0.465972
3.58821,-3.79622,1.25658,0.38061
3.59312,-3.74337,1.25972,0.281314
3.59502,-3.71959,1.26111,0.235568
3.59726,-3.68625,1.26311,0.170943
3.59963,-3.63849,1.26592,0.0775723
3.60117,-3.5716,1.26987,-0.0542733
3.60118,-3.57002,1.26996,-0.0574195
3.60075,-3.52135,1.27278,-0.155055
3.59804,-3.45687,1.27645,-0.284545
3.59794,-3.45529,1.27654,-0.287708
3.59376,-3.39837,1.27971,-0.400751
3.56634,-3.33055,1.2815,-0.737011
3.56634,-3.33055,1.2815,-0.736965
3.56634,-3.33055,1.2815,-0.736918
3.56634,-3.33055,1.28149,-0.736872
3.56634,-3.33055,1.28149,-0.736826
3.56634,-3.33055,1.28149,-0.73678
3.56639,-3.33027,1.28178,-0.73678
3.56639,-3.33023,1.28181,-0.736911
3.56639,-3.33018,1.28184,-0.737055
3.56638,-3.33013,1.28188,-0.737216
3.56637,-3.33007,1.28192,-0.737398
3.56636,-3.33002,1.28196,-0.7376
3.56635,-3.32996,1.282,-0.737823
3.56633,-3.3299,1.28205,-0.738068
3.56631,-3.32984,1.2821,-0.738334
3.56629,-3.32977,1.28215,-0.738621
3.56318,-3.33043,1.28356,-0.752588
3.5629,-3.33063,1.28362,-0.753545
3.56261,-3.33085,1.28368,-0.754535
3.54719,-3.34746,1.28505,-0.80046
3.51545,-3.38622,1.2856,-0.883648
3.51423,-3.38771,1.2856,-0.886797
3.471,-3.43966,1.28557,-0.999362
3.43075,-3.48673,1.2853,-1.10864
3.36599,-3.55901,1.28468,-1.29419
3.34215,-3.58416,1.28445,-1.36455
3.28948,-3.63594,1.28396,-1.52288
3.22023,-3.6961,1.2834,-1.73669
3.15797,-3.74337,1.28299,-1.93385
3.15601,-3.74476,1.28298,-1.94009
3.08799,-3.78958,1.28258,-2.16121
3.02758,-3.8246,1.28223,-2.36713
2.97073,-3.85439,1.28185,-2.57539
2.96904,-3.85524,1.28184,-2.58192
2.85286,-3.89843,1.28103,3.04709
2.85277,-3.89827,1.28102,3.04255
2.85268,-3.8981,1.28102,3.03804
2.85261,-3.89793,1.28101,3.03357
2.85347,-3.89238,1.28058,2.93187
2.8552,-3.88871,1.28061,2.88263
2.8576,-3.88584,1.28191,2.81592
2.85708,-3.89946,1.28855,2.70819
2.84942,-3.93869,1.30038,2.60395
2.84916,-3.93994,1.30073,2.60129
2.83992,-3.98658,1.31368,2.50981
2.83016,-4.04469,1.32963,2.40347
2.82992,-4.04627,1.33006,2.4006
2.8224,-4.1021,1.34515,2.298
2.81734,-4.14766,1.35733,2.21286
2.81494,-4.17234,1.36386,2.16628
2.81123,-4.21552,1.37502,2.08426
2.80853,-4.25252,1.38437,2.01366
2.80544,-4.30381,1.39703,1.9163
2.80273,-4.36257,1.41122,1.80483
2.80131,-4.40345,1.42095,1.72869
2.79995,-4.44897,1.4315,1.64566
2.79816,-4.51781,1.44722,1.5222
2.79811,-4.5197,1.44765,1.51885
2.79627,-4.59687,1.46441,1.38542
2.80669,-4.71992,1.48361,1.07738
2.8068,-4.72014,1.48361,1.07632
2.80691,-4.72037,1.48361,1.07527
2.80701,-4.72061,1.48361,1.07424
2.8071,-4.72086,1.48361,1.07323
2.80719,-4.72112,1.4836,1.07224
2.80002,-4.74361,1.4798,1.05064
2.79953,-4.74451,1.4796,1.05057
2.77352,-4.7846,1.46838,1.06423
2.74,-4.82783,1.45267,1.10077
2.73885,-4.82924,1.45212,1.10224
2.69815,-4.87619,1.43215,1.16024
2.64878,-4.92864,1.40764,1.24326
2.59098,-4.98709,1.37967,1.35047
2.58955,-4.98853,1.37899,1.35323
2.51547,-5.06242,1.34469,1.49955
2.51399,-5.06388,1.34402,1.50251
2.4368,-5.14201,1.30986,1.65868
2.37513,-5.20639,1.28316,1.78368
2.37362,-5.20799,1.2825,1.78673
2.37211,-5.20959,1.28185,1.78979
2.29974,-5.2881,1.25063,1.9367
2.29824,-5.28976,1.24998,1.93976
2.23724,-5.3588,1.22339,2.06483
2.23576,-5.36051,1.22274,2.06788
2.11634,-5.50312,1.17239,2.35463
2.11594,-5.50356,1.17222,2.35629
2.11555,-5.50399,1.17205,2.35794
2.11517,-5.50441,1.17189,2.35958
2.10694,-5.51335,1.16875,2.40088
2.10605,-5.51439,1.16868,2.40559
2.10181,-5.52562,1.17482,2.42988
2.1121,-5.5481,1.20026,2.42132
2.13635,-5.5741,1.23715,2.37803
2.13724,-5.57491,1.2384,2.37627
2.18663,-5.61373,1.30235,2.26874
2.18895,-5.61537,1.30521,2.26321
2.2365,-5.6465,1.36206,2.14363
2.28221,-5.6741,1.41389,2.02137
2.28356,-5.6749,1.41537,2.01772
2.33581,-5.70613,1.47136,1.87458
2.38532,-5.73653,1.5224,1.73722
2.38676,-5.73743,1.52385,1.73324
2.44785,-5.77698,1.58462,1.56454
2.51392,-5.82337,1.6495,1.38181
2.51539,-5.82445,1.65094,1.37773
2.5831,-5.87684,1.7176,1.18996
2.6525,-5.93664,1.78719,0.99399
2.65391,-5.93794,1.7886,0.989948
2.65533,-5.93923,1.79,0.985913
2.75189,-6.04499,1.8769,0.582748
2.75203,-6.04517,1.87692,0.581419
2.75217,-6.04535,1.87694,0.580107
2.7523,-6.04552,1.87696,0.57881
2.75243,-6.0457,1.87697,0.57753
2.75756,-6.05315,1.87963,0.531249
2.75762,-6.05339,1.87979,0.530475
2.75767,-6.05362,1.87996,0.529712
2.74457,-6.06941,1.89164,0.507402
2.7438,-6.06994,1.89203,0.507072
2.68759,-6.09933,1.91318,0.501916
2.68606,-6.10001,1.91368,0.502008
2.59967,-6.13476,1.93945,0.515258
2.59788,-6.13543,1.93996,0.515661
2.48954,-6.17423,1.97036,0.546101
2.48768,-6.17488,1.97087,0.546701
2.38589,-6.20984,1.9991,0.582171
2.38404,-6.21047,1.99961,0.582848
2.29142,-6.24174,2.02525,0.617249
2.18924,-6.27597,2.05358,0.655552
2.18737,-6.2766,2.05409,0.656247
2.1855,-6.27723,2.05461,0.656943
2.18363,-6.27785,2.05513,0.657638
1.9776,-6.34681,2.11158,0.733414
1.97577,-6.34743,2.11206,0.734068
1.97394,-6.34804,2.11254,0.734719
1.97212,-6.34865,2.11301,0.735369
1.86813,-6.381,2.13716,0.790161
1.86801,-6.381,2.13718,0.790399
1.86791,-6.381,2.13721,0.790634
1.8678,-6.381,2.13723,0.790866
1.8677,-6.381,2.13725,0.791095
1.85944,-6.381,2.13858,0.795099
1.85899,-6.38104,2.13857,0.79481
1.79188,-6.38287,2.12884,0.730704
1.79038,-6.38285,2.12855,0.728972
1.78887,-6.38283,2.12826,0.727219
1.68398,-6.38118,2.10355,0.575383
1.68228,-6.38119,2.1031,0.572465
1.68057,-6.38121,2.10265,0.569534
1.58782,-6.38515,2.07743,0.394127
1.5861,-6.38527,2.07696,0.390627
1.50985,-6.39258,2.05616,0.22983
1.50808,-6.39278,2.05569,0.226047
1.42403,-6.40317,2.03431,0.04792
1.42216,-6.40341,2.03385,0.0439767
1.33231,-6.4152,2.01243,-0.142792
1.33037,-6.41545,2.01198,-0.146792
1.22221,-6.42949,1.98749,-0.363571
1.22014,-6.42974,1.98704,-0.367594
1.12402,-6.44033,1.96674,-0.549285
1.12182,-6.44054,1.96629,-0.553323
1.04649,-6.44696,1.95099,-0.69025
0.904071,-6.45772,1.92348,-0.986176
0.903337,-6.45786,1.92331,-0.988614
0.902618,-6.458,1.92315,-0.991031
0.881841,-6.4631,1.91902,-1.07238
0.881343,-6.46321,1.91898,-1.074
0.857373,-6.46462,1.91978,-1.11128
0.856368,-6.46459,1.91986,-1.11189
0.824614,-6.46276,1.92309,-1.11648
0.777413,-6.45919,1.92851,-1.096
0.726725,-6.45486,1.93479,-1.05324
0.666911,-6.44827,1.94238,-0.980842
0.619153,-6.44121,1.94871,-0.907344
0.617459,-6.44092,1.94893,-0.904526
0.575035,-6.43304,1.95473,-0.830519
0.516755,-6.42051,1.96262,-0.721265
0.454931,-6.40561,1.97081,-0.598911
0.38033,-6.38544,1.98068,-0.447645
0.378573,-6.38494,1.98091,-0.444095
0.301807,-6.36261,1.99089,-0.290194
0.299977,-6.36207,1.99112,-0.286598
0.221445,-6.33877,2.00087,-0.135431
0.219547,-6.33821,2.0011,-0.131835
0.132689,-6.31258,2.01122,0.0297928
0.0592501,-6.29146,2.01936,0.161018
0.0572785,-6.29091,2.01956,0.164452
-0.0365031,-6.26243,2.02669,0.359502
-0.0372185,-6.2621,2.02671,0.361796
-0.0379171,-6.26177,2.02673,0.36407
-0.0575527,-6.24945,2.02736,0.448301
-0.0810322,-6.23362,2.02621,0.515064
-0.0820218,-6.23299,2.02611,0.517122
-0.193875,-6.16248,2.00967,0.703125
-0.195774,-6.16127,2.00933,0.706197
-0.197679,-6.16006,2.009,0.709282
-0.280995,-6.10682,1.99345,0.850267
-0.283036,-6.10552,1.99305,0.853876
-0.372657,-6.0493,1.97567,1.01767
-0.469919,-5.99265,1.95708,1.20379
-0.472135,-5.99142,1.95666,1.20805
-0.555257,-5.94792,1.94154,1.36858
-0.557533,-5.9468,1.94113,1.37299
-0.644495,-5.90607,1.92597,1.54188
-0.726802,-5.87162,1.91186,1.70394
-0.729102,-5.8707,1.91147,1.70848
-0.826487,-5.83424,1.89487,1.89977
-0.925108,-5.80256,1.87821,2.09616
-0.927361,-5.80189,1.87783,2.10072
-1.03336,-5.77264,1.85927,2.31882
-1.0355,-5.7721,1.85891,2.32324
-1.16371,-5.76497,1.83782,2.7397
-1.16419,-5.76501,1.83776,2.74133
-1.16468,-5.76503,1.8377,2.74293
-1.16519,-5.76506,1.83765,2.74451
-1.16571,-5.76507,1.83759,2.74607
-1.16626,-5.76508,1.83753,2.74761
-1.23193,-5.75211,1.83471,2.80303
-1.2335,-5.7517,1.83469,2.8034
-1.31538,-5.72793,1.83516,2.80361
-1.31723,-5.72735,1.83519,2.80329
-1.39787,-5.70092,1.83727,2.77955
-1.39977,-5.70027,1.83732,2.7788
-1.48653,-5.66943,1.83994,2.73791
-1.48839,-5.66875,1.84,2.7369
-1.55894,-5.64234,1.84204,2.69636
-1.65286,-5.60587,1.84442,2.63788
-1.65468,-5.60515,1.84447,2.63671
-1.73453,-5.57357,1.84638,2.58499
-1.73636,-5.57284,1.84642,2.58381
-1.83206,-5.53471,1.84853,2.52265
-1.8339,-5.53398,1.84857,2.52148
-1.93742,-5.49278,1.85106,2.45537
-1.93925,-5.49206,1.85111,2.45422
-2.01797,-5.4604,1.85273,2.40437
-2.07996,-5.43289,1.85497,2.34319
-2.08018,-5.43276,1.85498,2.34263
-2.08038,-5.43263,1.85499,2.34208
-2.08058,-5.4325,1.855,2.34153
-2.08805,-5.42569,1.85651,2.32514
-2.08871,-5.42506,1.85661,2.32559
-2.08906,-5.42471,1.85667,2.32585
-2.12596,-5.38827,1.86001,2.37625
-2.12703,-5.38723,1.86011,2.37803
-2.21153,-5.3061,1.86921,2.56009
-2.21289,-5.30481,1.86938,2.56363
-2.21425,-5.30353,1.86954,2.5672
-2.29218,-5.23156,1.87964,2.80253
-2.29348,-5.23039,1.87982,2.807
-2.36269,-5.16845,1.88936,3.07186
-2.36384,-5.16741,1.88952,3.07679
-2.42216,-5.11215,1.89841,-2.9278
-2.42313,-5.11116,1.89857,-2.92264
-2.45715,-5.07359,1.90456,-2.72471
-2.45797,-5.0726,1.90471,-2.71947
-2.49486,-5.02022,1.91258,-2.45054
-2.49549,-5.01914,1.91274,-2.44524
-2.52279,-4.96395,1.92049,-2.18968
-2.52329,-4.96273,1.92065,-2.18434
-2.54134,-4.91184,1.92707,-1.97202
-2.54173,-4.91054,1.92722,-1.96685
-2.55263,-4.86325,1.9314,-1.7613
-2.53907,-4.83254,1.93121,-1.51015
-2.53877,-4.8324,1.93119,-1.50784
-2.53847,-4.83226,1.93118,-1.50556
-2.53818,-4.83212,1.93116,-1.5033
-2.52929,-4.82867,1.93087,-1.43999
-2.5278,-4.82254,1.92484,-1.40648
-2.54536,-4.80929,1.89825,-1.40756
-2.54611,-4.80893,1.89727,-1.4083
-2.58067,-4.79684,1.85375,-1.45831
-2.62308,-4.78772,1.80188,-1.54219
-2.62443,-4.78748,1.80024,-1.54512
-2.67282,-4.77937,1.74274,-1.65722
-2.71616,-4.77173,1.69236,-1.7682
-2.75467,-4.76383,1.64843,-1.87252
-2.7985,-4.75276,1.59963,-1.99581
-2.85939,-4.73299,1.53227,-2.17529
-2.86094,-4.73241,1.53056,-2.17998
-2.89931,-4.7171,1.4877,-2.29821
-2.93544,-4.70064,1.4468,-2.41308
-2.97337,-4.68105,1.40276,-2.53835
-3.00134,-4.66498,1.36913,-2.63498
-3.0605,-4.6262,1.29301,-2.85347
-3.11088,-4.58741,1.22181,-3.05776
-3.11201,-4.58647,1.22012,-3.06261
-3.17377,-4.48891,1.09757,2.64847
-3.17364,-4.48873,1.09757,2.64723
-3.17352,-4.48857,1.09757,2.64601
-3.17339,-4.4884,1.09757,2.64481
-3.17327,-4.48823,1.09757,2.64362
-3.17315,-4.48807,1.09758,2.64245
-3.17302,-4.48791,1.09758,2.64129
-3.16948,-4.47843,1.09681,2.58795
-3.16954,-4.47802,1.09678,2.58664
-3.1696,-4.4776,1.09675,2.58531
-3.18076,-4.43312,1.09632,2.49942
-3.18255,-4.42535,1.09655,2.48681
-3.19694,-4.34698,1.10097,2.35849
-3.20743,-4.26492,1.10793,2.20952
-3.20767,-4.26267,1.10815,2.20514
-3.21613,-4.16276,1.11843,1.99167
-3.21626,-4.16057,1.11867,1.98663
-3.21937,-4.07124,1.12836,1.76554
-3.21762,-3.98454,1.13812,1.5198
-3.21754,-3.98268,1.13834,1.51409
-3.21328,-3.90542,1.14812,1.25911
-3.21318,-3.90377,1.14835,1.25324
-3.21017,-3.84468,1.15697,1.02822
-3.20973,-3.80002,1.16412,0.836342
-3.20976,-3.79869,1.16434,0.830314
-3.21308,-3.75352,1.17234,0.612582
-3.22122,-3.71409,1.18015,0.399718
-3.22154,-3.71301,1.18038,0.393625
-3.25973,-3.65282,1.19394,-0.160886
-3.26003,-3.65293,1.19396,-0.164827
-3.26032,-3.65304,1.19398,-0.168737
-3.2606,-3.65316,1.19399,-0.172618
-3.27283,-3.66195,1.19493,-0.32631
-3.2731,-3.66194,1.19497,-0.328735
-3.28455,-3.64705,1.1961,-0.386909
-3.29894,-3.60485,1.19632,-0.39628
-3.29938,-3.60328,1.1963,-0.395827
-3.31465,-3.53965,1.19511,-0.357326
-3.33104,-3.45298,1.19251,-0.26477
-3.33142,-3.45078,1.19243,-0.262
-3.34523,-3.36427,1.18953,-0.142733
-3.36328,-3.25755,1.18625,0.0233703
-3.36372,-3.25514,1.18618,0.0272825
-3.38457,-3.15022,1.18337,0.201076
-3.38511,-3.14776,1.18331,0.205223
-3.45632,-2.88672,1.17633,0.657452
-3.45712,-2.88429,1.17626,0.661766
-3.45792,-2.88186,1.17619,0.66608
-3.45872,-2.87943,1.17612,0.670396
-3.48124,-2.81461,1.17427,0.787019
-3.52079,-2.71147,1.17119,0.97682
-3.52172,-2.70916,1.17112,0.981121
-3.56869,-2.60277,1.16814,1.18745
-3.56957,-2.60103,1.1681,1.19123
-3.61086,-2.53803,1.16669,1.39584
-3.61122,-2.53769,1.16667,1.39813
-3.61157,-2.53736,1.16665,1.4004
-3.62429,-2.52776,1.16659,1.48419
-3.62454,-2.52745,1.16662,1.48552
-3.63295,-2.49741,1.16834,1.51621
-3.63417,-2.41066,1.17517,1.48228
-3.63408,-2.40881,1.17534,1.48095
-3.63398,-2.40695,1.17552,1.4796
-3.62837,-2.33468,1.18326,1.41317
-3.6142,-2.2176,1.19686,1.26036
-3.61393,-2.21569,1.19709,1.25751
-3.61366,-2.21377,1.19732,1.25465
-3.59693,-2.11061,1.20966,1.0882
-3.59661,-2.10879,1.20989,1.08504
-3.58099,-2.02249,1.22058,0.927889
-3.58068,-2.02078,1.2208,0.924644
-3.56582,-1.93612,1.23159,0.760785
-3.56553,-1.93443,1.2318,0.757486
-3.55272,-1.85487,1.24189,0.599453
-3.55249,-1.85325,1.2421,0.596157
-3.54181,-1.76893,1.25327,0.424403
-3.54163,-1.76731,1.25348,0.421091
-3.5341,-1.69311,1.26295,0.265409
-3.53397,-1.69191,1.2631,0.262508
-3.53064,-1.6535,1.2685,0.103269
-3.53065,-1.65344,1.26852,0.101568
-3.53065,-1.65339,1.26854,0.0998839
-3.53164,-1.65465,1.27198,0.036012
-3.53175,-1.65461,1.27222,0.0352753
-3.55997,-1.64876,1.29985,0.0397854
-3.56096,-1.64862,1.30066,0.0407463
-3.63914,-1.64106,1.35985,0.150347
-3.64067,-1.64092,1.36098,0.152988
-3.71655,-1.63213,1.41634,0.299834
-3.71825,-1.63189,1.41755,0.303373
-3.7953,-1.62031,1.47089,0.471256
-3.79709,-1.62003,1.47211,0.47531
-3.86904,-1.60877,1.51939,0.639124
-3.87094,-1.60848,1.5206,0.643445
-3.96262,-1.5961,1.57738,0.851427
-3.96464,-1.59586,1.57859,0.855938
-4.03673,-1.5887,1.62085,1.0152
-4.12841,-1.58356,1.67258,1.21318
-4.13057,-1.58349,1.67378,1.2178
-4.23335,-1.58329,1.73002,1.43536
-4.23557,-1.58335,1.73121,1.44
-4.36803,-1.59247,1.80137,1.71577
-4.37016,-1.59272,1.80243,1.72021
-4.49268,-1.61837,1.86002,2.05647
-4.49336,-1.61855,1.86031,2.05925
-4.49405,-1.61873,1.86059,2.06203
-4.49474,-1.6189,1.86087,2.06482
-4.52637,-1.6236,1.86693,2.15858
-4.52767,-1.62373,1.86702,2.16154
-4.61183,-1.63321,1.86712,2.31727
-4.67891,-1.64291,1.86441,2.43021
-4.68123,-1.64327,1.8643,2.43418
-4.77721,-1.65951,1.85967,2.6076
-4.9163,-1.68783,1.85222,2.89251
-4.91854,-1.68837,1.85209,2.89749
-4.92078,-1.68891,1.85197,2.90248
-4.99851,-1.70959,1.84747,3.0859
-5.06932,-1.73126,1.84332,-3.01308
-5.07128,-1.73189,1.8432,-3.00775
-5.1191,-1.74792,1.84018,-2.87352
-5.18164,-1.77024,1.83598,-2.68322
-5.24324,-1.79262,1.83164,-2.47462
-5.24479,-1.79317,1.83153,-2.46911
-5.30369,-1.8129,1.82691,-2.24786
-5.35715,-1.82758,1.82235,-2.03091
-5.35847,-1.82789,1.82224,-2.02535
-5.43182,-1.84109,1.81412,-1.58566
-5.43192,-1.84103,1.81406,-1.58185
-5.43202,-1.84097,1.814,-1.57808
-5.4285,-1.83477,1.8128,-1.41574
-5.42844,-1.83452,1.81285,-1.41277
-5.42837,-1.83426,1.8129,-1.40979
-5.4472,-1.70735,1.83687,-1.06076
-5.44753,-1.70547,1.83719,-1.05691
-5.44785,-1.70358,1.8375,-1.05305
-5.44818,-1.70169,1.83782,-1.04919
-5.46717,-1.58234,1.85691,-0.808539
-5.4675,-1.58017,1.85724,-0.804126
-5.49496,-1.41622,1.88194,-0.469576
-5.49542,-1.41385,1.88229,-0.464737
-5.49587,-1.41148,1.88263,-0.459895
-5.59659,-1.05326,1.93207,0.271976
-5.59755,-1.05076,1.93241,0.277145
-5.59851,-1.04826,1.93275,0.282313
-5.59948,-1.04576,1.93309,0.287479
-5.60045,-1.04327,1.93343,0.292643
-5.60142,-1.04077,1.93377,0.297807
-5.65768,-0.910464,1.95174,0.572181
-5.65883,-0.908042,1.95207,0.577369
-5.73023,-0.774899,1.97,0.873534
-5.73139,-0.773105,1.97023,0.878127
-5.73254,-0.771337,1.97046,0.882699
-5.77834,-0.711739,1.97844,1.09364
-5.77888,-0.711178,1.9785,1.09682
-5.7999,-0.69052,1.98051,1.24258
-5.80019,-0.689996,1.9805,1.24494
-5.80743,-0.651421,1.97621,1.3409
-5.8075,-0.650078,1.97604,1.34328
-5.80634,-0.57433,1.9658,1.4581
-5.80623,-0.572485,1.96554,1.46073
-5.80096,-0.502767,1.95581,1.56187
-5.79092,-0.407669,1.94188,1.71365
-5.79071,-0.405823,1.9416,1.71675
-5.78009,-0.311683,1.92698,1.8836
-5.77988,-0.309896,1.9267,1.8869
-5.77968,-0.30811,1.92641,1.8902
-5.77141,-0.234787,1.91446,2.03097
-5.7623,-0.161643,1.90206,2.18144
-5.76208,-0.160019,1.90177,2.18489
-5.75177,-0.0911659,1.88961,2.33407
-5.75151,-0.0895791,1.88932,2.33756
-5.74083,-0.0299508,1.87855,2.47059
-5.72761,0.0320795,1.86707,2.61435
-5.72726,0.0335636,1.86679,2.61786
-5.71575,0.0788675,1.85828,2.72588
-5.70123,0.132244,1.84786,2.87668
-5.70103,0.132897,1.8477,2.87934
-5.69649,0.144995,1.84382,2.95142
-5.69637,0.145214,1.84371,2.95356
-5.69146,0.152504,1.83927,3.00393
-5.68198,0.167141,1.83203,3.02452
-5.66547,0.194285,1.82044,3.02091
-5.63897,0.239825,1.80189,2.98486
-5.6049,0.301101,1.77683,2.9096
-5.57278,0.361576,1.75194,2.81574
-5.57176,0.363525,1.75114,2.81249
-5.53797,0.427326,1.72538,2.70053
-5.4971,0.499911,1.69645,2.56079
-5.44676,0.582142,1.66367,2.39013
-5.44547,0.584149,1.66287,2.38586
-5.39995,0.651964,1.63568,2.2385
-5.35464,0.713887,1.61051,2.09766
-5.3532,0.715781,1.60973,2.09324
-5.28094,0.805769,1.57155,1.87571
-5.27943,0.807553,1.57076,1.87125
-5.21311,0.88278,1.53685,1.67905
-5.15948,0.938871,1.5101,1.52709
-5.1579,0.940467,1.50932,1.52264
-5.05256,1.03041,1.46405,1.19733
-5.03,1.03801,1.45602,1.07088
-5.02964,1.03819,1.45593,1.06851
-5.02928,1.03839,1.45585,1.06613
-5.02891,1.0386,1.45576,1.06375
-4.99747,1.08597,1.45437,0.89803
-4.9968,1.08723,1.45441,0.89487
-4.99612,1.08849,1.45445,0.891691
-4.95617,1.17026,1.45991,0.683563
-4.95548,1.17177,1.46005,0.679468
-4.9275,1.23735,1.46662,0.486308
-4.92692,1.23881,1.46678,0.48165
-4.90035,1.30984,1.47452,0.232319
-4.8999,1.31117,1.47467,0.227228
-4.88163,1.3761,1.48186,-0.0397418
-4.88137,1.37735,1.48199,-0.0451032
-4.87283,1.44629,1.48958,-0.35026
-4.8728,1.44752,1.48971,-0.355775
-4.87662,1.51054,1.49641,-0.634302
-4.87681,1.51186,1.49655,-0.639916
-4.88481,1.55658,1.50099,-0.825495
-4.88511,1.55798,1.50113,-0.831134
-4.90792,1.64488,1.50902,-1.15953
-4.90839,1.64649,1.50916,-1.16515
-4.94505,1.74559,1.51398,-1.56803
-4.94547,1.74612,1.51396,-1.57183
-4.9459,1.74665,1.51394,-1.5756
-4.94633,1.74716,1.51393,-1.57935
-4.96426,1.76288,1.51387,-1.72837
-4.96448,1.76317,1.5139,-1.73103
-4.94475,1.7729,1.51641,-1.84571
-4.94377,1.77288,1.51646,-1.84732
-4.87906,1.7644,1.51937,-1.90608
-4.8774,1.76409,1.51944,-1.90701
-4.77725,1.74372,1.52336,-1.94388
-4.7754,1.74332,1.52343,-1.94432
-4.68367,1.72332,1.52699,-1.95992
-4.6818,1.72291,1.52706,-1.96015
-4.59241,1.70306,1.53047,-1.96839
-4.5905,1.70264,1.53054,-1.96853
-4.5077,1.68411,1.53367,-1.97393
-4.50578,1.68367,1.53374,-1.97405
-4.42193,1.66483,1.53683,-1.97919
-4.3242,1.64283,1.5404,-1.98573
-4.32226,1.6424,1.54047,-1.98586
-4.24448,1.62489,1.54333,-1.99164
-4.24253,1.62445,1.5434,-1.9918
-4.15746,1.60532,1.54645,-1.99869
-4.1556,1.60491,1.54652,-1.99885
-4.09449,1.59127,1.54823,-2.00461
-4.09337,1.59102,1.54825,-2.00474
-4.06813,1.58518,1.5486,-2.0085
-4.05383,1.58193,1.54973,-2.01026
-4.05349,1.58189,1.54982,-2.01006
-4.03474,1.58341,1.55466,-1.99455
-3.98629,1.59618,1.5651,-1.94613
-3.98467,1.59668,1.56543,-1.94435
-3.90248,1.62353,1.58129,-1.8429
-3.82432,1.64955,1.59575,-1.72807
-3.82214,1.65027,1.59615,-1.72466
-3.73537,1.6792,1.61171,-1.58185
-3.62257,1.71951,1.63147,-1.38162
-3.62024,1.7204,1.63187,-1.37736
-3.49867,1.77031,1.65301,-1.14948
-3.49633,1.77134,1.65341,-1.14501
-3.38255,1.82546,1.67307,-0.92286
-3.38025,1.82663,1.67347,-0.918283
-3.36417,1.83489,1.67625,-0.886249
-3.27003,1.88677,1.693,-0.693413
-3.17297,1.94622,1.71104,-0.485789
-3.17085,1.94759,1.71144,-0.481166
-3.08823,2.00364,1.72748,-0.296681
-3.08624,2.00506,1.72786,-0.292148
-2.97323,2.10756,1.75318,0.089583
-2.97259,2.1082,1.75337,0.0924236
-2.97193,2.10884,1.75356,0.095257
-2.97126,2.10949,1.75375,0.0980838
-2.91984,2.15324,1.76604,0.232998
-2.9185,2.15435,1.76635,0.235618
-2.84366,2.21719,1.78546,0.368347
-2.84212,2.21848,1.78589,0.370957
-2.76482,2.28238,1.80877,0.502563
-2.76329,2.28363,1.80925,0.505222
-2.6796,2.35143,1.83575,0.653996
-2.67809,2.35265,1.83623,0.656735
-2.67657,2.35388,1.83671,0.659477
-2.59697,2.41901,1.86237,0.809021
-2.59553,2.42019,1.86284,0.811816
-2.5129,2.48788,1.88998,0.975181
-2.51149,2.48903,1.89044,0.978015
-2.44775,2.54092,1.91175,1.10861
-2.44638,2.54202,1.91221,1.11146
-2.35617,2.61332,1.94286,1.30035
-2.35481,2.61438,1.94332,1.30322
-2.35345,2.61543,1.94379,1.3061
-2.25615,2.6932,1.97806,1.56933
-2.25598,2.69337,1.97817,1.57098
-2.25582,2.69354,1.97828,1.57262
-2.25567,2.6937,1.97838,1.57425
-2.25451,2.70479,1.97842,1.668
-2.25458,2.70532,1.9782,1.66957
-2.25465,2.70588,1.97798,1.67115
-2.27064,2.76666,1.95176,1.78631
-2.27114,2.76812,1.95111,1.78879
-2.31134,2.8696,1.90299,1.97899
-2.31203,2.87123,1.90217,1.9824
-2.31273,2.87286,1.90134,1.98583
-2.3438,2.94416,1.86432,2.14728
-2.34451,2.94576,1.86348,2.15116
-2.37633,3.01461,1.82548,2.33253
-2.37701,3.01608,1.82463,2.33669
-2.40807,3.08224,1.78502,2.53684
-2.4087,3.08358,1.78418,2.54116
-2.43595,3.14419,1.74514,2.74667
-2.46046,3.2078,1.70202,2.97773
-2.46087,3.20901,1.70119,2.9822
-2.46128,3.21022,1.70036,2.98667
-2.47892,3.27224,1.6573,-3.06344
-2.47918,3.27343,1.65646,-3.05895
-2.49129,3.35593,1.60034,-2.73787
-2.49135,3.35672,1.59978,-2.734
-2.49141,3.3575,1.59922,-2.73016
-2.47903,3.37941,1.57854,-2.43761
-2.47883,3.37956,1.5789,-2.43542
-2.47862,3.37971,1.57927,-2.43322
-2.47842,3.37986,1.57967,-2.43102
-2.46622,3.39824,1.62613,-2.30425
-2.46596,3.39873,1.6274,-2.30169
-2.44375,3.43876,1.73134,-2.11152
-2.44334,3.43945,1.7331,-2.10834
-2.44293,3.44014,1.73487,-2.10514
-2.41477,3.48451,1.846,-1.89626
-2.41427,3.48527,1.84782,-1.89265
-2.38081,3.53558,1.96224,-1.65649
-2.38025,3.53644,1.96404,-1.65264
-2.37969,3.53729,1.96583,-1.64878
-2.34612,3.59085,2.07181,-1.41686
-2.34554,3.59183,2.0736,-1.41288
-2.31757,3.64194,2.16057,-1.21683
-2.31701,3.64301,2.16234,-1.21282
-2.31533,3.64622,2.16764,-1.20077
-2.27587,3.73253,2.28329,-0.877551
-2.27561,3.73308,2.28386,-0.874883
-2.27535,3.73363,2.28441,-0.872237
-2.26343,3.80675,2.28116,-0.759514
-2.26353,3.80803,2.28053,-0.760671
-2.26364,3.80932,2.27989,-0.761864
-2.26375,3.81062,2.27925,-0.763092
-2.26386,3.81193,2.2786,-0.764354
-2.27345,3.89368,2.23211,-0.888087
-2.27369,3.89515,2.23118,-0.891049
-2.29562,3.98648,2.17095,-1.11145
-2.29608,3.98798,2.16995,-1.11549
-2.29654,3.98947,2.16896,-1.11954
-2.32481,4.07156,2.11673,-1.348
-2.3254,4.07316,2.11576,-1.3525
-2.36406,4.1749,2.05685,-1.63608
-2.36473,4.17667,2.05589,-1.64084
-2.3654,4.17844,2.05493,-1.6456
-2.40557,4.29059,1.99819,-1.93373
-2.40623,4.29253,1.99725,-1.93856
-2.44286,4.41086,1.94254,-2.21925
-2.44345,4.41299,1.9416,-2.22408
-2.47788,4.56052,1.88037,-2.54746
-2.47824,4.56254,1.87963,-2.55191
-2.4786,4.56455,1.87889,-2.55634
-2.49846,4.67022,1.84112,-2.87903
-2.48939,4.70872,1.83963,-3.03038
-2.48873,4.7096,1.8397,-3.03264
-2.48804,4.71049,1.83977,-3.03491
-2.48733,4.71139,1.83984,-3.0372
-2.4866,4.71231,1.83991,-3.03951
-2.48585,4.71323,1.83998,-3.04184
-2.48507,4.71417,1.84006,-3.04419
-2.4239,4.77057,1.84564,3.0927
-2.42232,4.77183,1.84577,3.08921
-2.32958,4.84347,1.85284,2.87498
-2.32769,4.84491,1.85297,2.87045
-2.2709,4.88756,1.85682,2.73284
-2.14534,4.97447,1.86453,2.42432
-2.1431,4.97591,1.86466,2.41883
-2.0521,5.03082,1.86996,2.19981
-2.04967,5.03218,1.8701,2.19408
-1.9622,5.07731,1.87499,1.991
-1.95963,5.07853,1.87513,1.98513
-1.85761,5.12255,1.88057,1.75393
-1.77781,5.15106,1.8849,1.57402
-1.70565,5.17291,1.88877,1.41098
-1.67362,5.18139,1.89047,1.33832
-1.62845,5.19204,1.8929,1.23515
-1.56001,5.20547,1.8966,1.07688
-1.46183,5.21842,1.90166,0.844262
-1.39417,5.2168,1.90596,0.641248
-1.39288,5.21663,1.90608,0.636263
-1.33618,5.20975,1.91115,0.430564
-1.33477,5.20961,1.91126,0.426618
-1.25334,5.20088,1.91847,0.259576
-1.25148,5.20067,1.91866,0.256672
-1.16974,5.19238,1.92777,0.150099
-1.06559,5.18585,1.94133,0.0512351
-1.06361,5.18576,1.94161,0.0496059
-0.954662,5.18318,1.95708,-0.0307586
-0.95271,5.18316,1.95736,-0.0320457
-0.950758,5.18315,1.95763,-0.0333291
-0.865003,5.18305,1.96947,-0.0865903
-0.79909,5.18362,1.97854,-0.125181
-0.797148,5.18364,1.9788,-0.126295
-0.694089,5.18521,1.99295,-0.185021
-0.692125,5.18524,1.99322,-0.186129
-0.570857,5.18758,2.00987,-0.255224
-0.568926,5.18762,2.01014,-0.256347
-0.566995,5.18766,2.01041,-0.257472
-0.470444,5.18973,2.02339,-0.313708
-0.468578,5.18975,2.02362,-0.314798
-0.374415,5.18856,2.03719,-0.39611
-0.374235,5.18852,2.03723,-0.396636
-0.374062,5.18848,2.03726,-0.397156
-0.373897,5.18843,2.0373,-0.39767
-0.366138,5.18622,2.03893,-0.425769
-0.365722,5.18618,2.03894,-0.426601
-0.31902,5.18103,2.03685,-0.49672
-0.317654,5.18085,2.03677,-0.498757
-0.131569,5.15114,2.02498,-0.875081
-0.129975,5.15088,2.02487,-0.879352
-0.128385,5.15062,2.02476,-0.883633
-0.126797,5.15036,2.02465,-0.887925
-0.0323127,5.13673,2.01721,-1.17814
-0.0308837,5.13657,2.01709,-1.183
-0.0294568,5.13641,2.01696,-1.18787
0.0506286,5.13128,2.00945,-1.48321
0.0519399,5.13129,2.00933,-1.48834
0.0532504,5.13131,2.0092,-1.49346
0.121142,5.137,2.00271,-1.76788
0.122411,5.13721,2.00259,-1.77311
0.193578,5.15475,1.99581,-2.06257
0.194906,5.15517,1.99569,-2.06785
0.273182,5.1847,1.98852,-2.36959
0.274613,5.18531,1.9884,-2.37487
0.377284,5.25784,1.97605,-2.93163
0.377721,5.25818,1.97605,-2.93344
0.37818,5.25851,1.97604,-2.93521
0.378659,5.25883,1.97604,-2.93695
0.379161,5.25915,1.97603,-2.93864
0.379684,5.25947,1.97603,-2.9403
0.43757,5.26999,1.97562,-2.97293
0.439172,5.27008,1.97559,-2.97254
0.440787,5.27016,1.97556,-2.97211
0.544462,5.26867,1.97165,-2.89497
0.546479,5.26853,1.97155,-2.89276
0.671089,5.25506,1.96446,-2.72279
0.6732,5.25477,1.96433,-2.71947
0.797471,5.23595,1.95738,-2.51192
0.799747,5.23561,1.95726,-2.50803
0.802025,5.23528,1.95714,-2.50414
0.923091,5.21883,1.95126,-2.2957
0.925459,5.21853,1.95115,-2.29161
1.05813,5.20421,1.94514,-2.06409
1.0606,5.20399,1.94503,-2.05993
1.21529,5.19454,1.93804,-1.80139
1.21784,5.19445,1.93793,-1.79722
1.22038,5.19436,1.93782,-1.79304
1.37891,5.1938,1.93096,-1.53516
1.38144,5.19387,1.93086,-1.5311
1.54415,5.20895,1.92314,-1.16733
1.54445,5.20903,1.92312,-1.16571
1.54475,5.20911,1.9231,-1.16411
1.54504,5.20919,1.92307,-1.16253
1.54533,5.20927,1.92305,-1.16097
1.56336,5.21468,1.92485,-1.08688
1.56475,5.21503,1.9251,-1.08408
1.56547,5.21522,1.92523,-1.08266
1.62437,5.23303,1.93604,-0.998548
1.62781,5.23422,1.93669,-0.994131
1.74603,5.28045,1.96063,-0.832553
1.74816,5.28135,1.96109,-0.829344
1.83627,5.31945,1.98082,-0.686787
1.83843,5.32041,1.98131,-0.683073
1.95374,5.37474,2.00758,-0.469627
1.95585,5.37581,2.00807,-0.46547
2.07384,5.44002,2.03581,-0.21988
2.07585,5.4412,2.03629,-0.215455
2.18985,5.51275,2.06455,0.0502881
2.19172,5.51399,2.06502,0.0548532
2.19359,5.51523,2.0655,0.0594202
2.29598,5.58711,2.09299,0.325448
2.29764,5.58833,2.09346,0.330055
2.40538,5.66937,2.12602,0.644345
2.40689,5.67053,2.12649,0.648962
2.40838,5.67169,2.12696,0.653575
2.47077,5.72391,2.14681,0.869795
2.47158,5.72472,2.14711,0.873678
2.49013,5.74846,2.15662,1.03008
2.49019,5.74872,2.15673,1.03283
2.48827,5.75592,2.15922,1.13655
2.48827,5.75602,2.15917,1.13872
2.49921,5.75037,2.1458,1.25054
2.51874,5.73134,2.12436,1.34342
2.51944,5.7306,2.12357,1.34649
2.54594,5.70086,2.09267,1.46332
2.56614,5.67515,2.06648,1.56102
2.59162,5.6374,2.02929,1.70451
2.59231,5.63627,2.02821,1.70879
2.61522,5.59576,1.99121,1.85934
2.63775,5.55136,1.95438,2.0178
2.67819,5.46682,1.89222,2.3008
2.67893,5.46527,1.89117,2.30577
2.67968,5.46371,1.89011,2.31074
2.72538,5.37087,1.82991,2.59785
2.72625,5.36917,1.82886,2.60292
2.7721,5.28386,1.77779,2.85237
2.77311,5.28207,1.77674,2.85749
2.819,5.20575,1.73297,3.07259
2.82018,5.20392,1.73193,3.07772
2.92969,5.04983,1.65166,-2.71105
2.93009,5.04921,1.65139,-2.70797
2.93049,5.0486,1.65112,-2.70492
2.93087,5.048,1.65085,-2.7019
2.94108,5.03213,1.64421,-2.61187
2.96038,5.00338,1.63197,-2.52019
2.96099,5.0024,1.63158,-2.51834
2.96162,5.0014,1.63119,-2.5165
2.99343,4.94633,1.61017,-2.44557
3.03316,4.87056,1.58117,-2.37958
3.03408,4.86874,1.58046,-2.37814
3.06989,4.79691,1.55213,-2.323
3.07079,4.79508,1.5514,-2.32161
3.10391,4.72769,1.52391,-2.27033
3.1344,4.66577,1.49836,-2.22303
3.13531,4.66394,1.49761,-2.22163
3.1709,4.59273,1.46831,-2.16673
3.22301,4.49226,1.43035,-2.07819
3.22342,4.49153,1.43006,-2.07726
3.22383,4.49082,1.42977,-2.07633
3.2377,4.4752,1.42036,-2.05374
3.23821,4.47502,1.42007,-2.05344
3.26671,4.47775,1.40778,-2.0574
3.31747,4.49377,1.38889,-2.09379
3.31895,4.49427,1.38833,-2.09512
3.37294,4.51324,1.36701,-2.15281
3.44293,4.54063,1.33682,-2.25049
3.44453,4.5413,1.33611,-2.25296
3.50428,4.56751,1.30916,-2.35267
3.58209,4.60498,1.27373,-2.49649
3.58366,4.60576,1.27303,-2.49946
3.63762,4.6331,1.24925,-2.60189
3.63922,4.63391,1.24856,-2.60493
3.69853,4.66468,1.22298,-2.7183
3.75922,4.69654,1.19768,-2.83219
3.76087,4.69741,1.197,-2.83527
3.82435,4.73079,1.17104,-2.95228
3.88335,4.76141,1.14773,-3.05714
3.88512,4.76232,1.14705,-3.06023
3.94612,4.79323,1.12398,3.11866
4.0215,4.83131,1.09722,2.98044
4.02249,4.83188,1.09683,2.97811
4.04488,4.84675,1.0867,2.91126
4.04538,4.84714,1.08644,2.90935
4.07287,4.85781,1.07596,2.8297
4.12417,4.84956,1.06446,2.74901
4.12569,4.84914,1.06413,2.74693
4.1971,4.82601,1.04804,2.65082
4.19886,4.8254,1.04762,2.64843
4.27607,4.7983,1.02856,2.54217
4.35533,4.77102,1.00837,2.42666
4.35725,4.77037,1.00789,2.42381
4.45283,4.73782,0.984347,2.28011
4.45482,4.73714,0.983867,2.2771
4.56672,4.69775,0.957269,2.10616
4.56875,4.69702,0.956798,2.10306
4.66868,4.6601,0.933791,1.95059
4.67075,4.65932,0.933322,1.94747
4.77301,4.6194,0.910212,1.79341
4.77513,4.61855,0.909736,1.79025
4.84338,4.59033,0.894549,1.68883
4.84552,4.58942,0.894078,1.68567
4.9507,4.54324,0.871193,1.52935
4.95269,4.54233,0.870783,1.52637
5.01864,4.51149,0.857086,1.41544
5.06673,4.49166,0.846469,1.27875
5.06696,4.49158,0.846435,1.27764
5.06718,4.49149,0.846402,1.27654
5.0674,4.49141,0.84637,1.27545
5.07314,4.48896,0.845915,1.24533
5.08588,4.47445,0.847669,1.2179
5.0863,4.47368,0.847778,1.21732
5.09969,4.44063,0.852375,1.2017
5.11048,4.40503,0.857251,1.19158
5.12113,4.36404,0.862811,1.18258
5.13417,4.30847,0.870301,1.17235
5.14158,4.27513,0.874784,1.16676
5.1551,4.21256,0.883339,1.15673
5.16999,4.14215,0.893197,1.14581
5.18471,4.07177,0.903172,1.13498
5.18513,4.06981,0.903453,1.13468
5.19621,4.01671,0.911085,1.12649
5.20814,3.95943,0.919312,1.11757
5.21877,3.90814,0.926573,1.10951
5.22939,3.8574,0.933828,1.10135
5.24171,3.79846,0.942285,1.09185
5.25235,3.74733,0.949561,1.08354
5.26503,3.68649,0.958248,1.07358
5.26544,3.68453,0.958529,1.07325
5.29449,3.54344,0.976637,1.04857
5.2947,3.5425,0.976732,1.04834
5.29491,3.54157,0.976824,1.04811
5.29977,3.52124,0.979109,1.04127
5.30426,3.50698,0.98286,1.02902
5.31428,3.4771,0.990386,0.997957
5.31471,3.47582,0.990675,0.996599
5.335,3.41496,1.00341,0.927362
5.34611,3.38203,1.00979,0.885869
5.36233,3.33452,1.01871,0.820702
5.38588,3.26732,1.03103,0.718482
5.41577,3.18099,1.0463,0.575814
5.41655,3.17868,1.0467,0.571858
5.44634,3.08506,1.06262,0.407545
5.4696,3.00333,1.07615,0.260399
5.47025,3.00088,1.07655,0.255987
5.50411,2.85353,1.10023,-0.00928192
5.5046,2.851,1.10062,-0.0138368
5.51903,2.76774,1.11378,-0.165023
5.52992,2.68941,1.12613,-0.308119
5.53023,2.68689,1.12652,-0.312745
5.53831,2.60888,1.13888,-0.456342
5.54435,2.51721,1.15364,-0.627759
5.5453,2.40036,1.17148,-0.856461
5.54518,2.39859,1.17175,-0.860441
5.54044,2.36212,1.17781,-0.956622
5.53514,2.34079,1.18522,-1.03219
5.53263,2.33258,1.19059,-1.06132
5.52592,2.31544,1.20893,-1.11293
5.51322,2.29429,1.24973,-1.14994
5.50693,2.28611,1.27181,-1.15386
5.49657,2.27405,1.31125,-1.14695
5.47753,2.25365,1.39734,-1.09529
5.47716,2.25326,1.39923,-1.09376
5.46809,2.24356,1.44901,-1.04885
5.45882,2.23333,1.50707,-0.987464
5.45152,2.22508,1.55754,-0.928328
5.44211,2.21467,1.62655,-0.841048
5.43956,2.21199,1.64551,-0.816107
5.43198,2.20453,1.70197,-0.740272
5.42685,2.19998,1.73942,-0.689206
5.41968,2.19422,1.79003,-0.619972
5.41156,2.18854,1.84434,-0.545671
5.40032,2.18186,1.91426,-0.450908
5.4,2.18168,1.91616,-0.44835
5.39174,2.17748,1.96341,-0.384586
5.3629,2.1873,2.1067,-0.0587148
5.3629,2.1873,2.10679,-0.0586737
5.3629,2.18729,2.10688,-0.058632
5.36289,2.18729,2.10697,-0.0585901
5.36289,2.18728,2.10706,-0.058548
5.36288,2.18727,2.10716,-0.0585059
5.36287,2.18726,2.10726,-0.0584637
5.36286,2.18725,2.10736,-0.0584215
5.36284,2.18724,2.10746,-0.0583793
5.36282,2.18722,2.10756,-0.0583384
5.35925,2.18542,2.10949,-0.0587054
5.35892,2.18528,2.10951,-0.0587979
5.35857,2.18514,2.10952,-0.0588985
5.3582,2.18498,2.10952,-0.0590075
5.35782,2.18482,2.10951,-0.0591252
5.35741,2.18466,2.1095,-0.0592518
5.35698,2.18449,2.10948,-0.059387
5.35653,2.18431,2.10945,-0.0595307
5.35606,2.18413,2.10942,-0.059683
5.35557,2.18393,2.10938,-0.0598439
5.33627,2.17701,2.10596,-0.0667248
5.33523,2.17665,2.10571,-0.0671301
5.33417,2.17628,2.10546,-0.0675464
5.3331,2.17591,2.1052,-0.0679735
5.33201,2.17554,2.10494,-0.0684113
5.3309,2.17516,2.10466,-0.0688596
5.32977,2.17477,2.10438,-0.0693179
5.32862,2.17438,2.10409,-0.0697858
5.32746,2.17398,2.10379,-0.0702632
5.32628,2.17358,2.10348,-0.0707499
5.29962,2.16449,2.09585,-0.0826407
5.29816,2.16399,2.09539,-0.0833458
5.29669,2.16349,2.09493,-0.0840622
5.29521,2.16298,2.09446,-0.0847898
5.29372,2.16248,2.09397,-0.0855285
5.29223,2.16196,2.09349,-0.0862778
5.24209,2.14445,2.07534,-0.11462
5.18209,2.12257,2.05047,-0.15597
5.18029,2.1219,2.0497,-0.157321
5.11754,2.0981,2.02173,-0.208606
5.04591,2.07001,1.98907,-0.274764
5.04411,2.06931,1.98826,-0.276492
4.98444,2.0458,1.96154,-0.335181
4.93493,2.02649,1.9401,-0.384738
4.86994,2.00122,1.91236,-0.450581
4.81147,1.97898,1.88815,-0.509434
4.80959,1.97827,1.88737,-0.511338
4.75875,1.95901,1.8662,-0.562897
4.70321,1.93831,1.84342,-0.618496
4.66057,1.92269,1.82608,-0.660721
4.59281,1.89826,1.79876,-0.727544
4.53775,1.87874,1.77742,-0.781389
4.46355,1.85173,1.74928,-0.870423
4.46287,1.85144,1.74899,-0.871625
4.46219,1.85115,1.74871,-0.872817
4.44835,1.84479,1.7425,-0.903192
4.43601,1.83896,1.73737,-0.925534
4.41504,1.82937,1.73194,-0.93698
4.37758,1.81082,1.72379,-0.939985
4.32172,1.78099,1.71168,-0.929652
4.32011,1.78011,1.71132,-0.929185
4.26274,1.74846,1.69838,-0.907953
4.22689,1.72858,1.68989,-0.890385
4.17294,1.69902,1.67693,-0.859492
4.17131,1.69813,1.67654,-0.858487
4.05136,1.63351,1.64721,-0.777298
4.04975,1.63265,1.64682,-0.776142
4.04815,1.6318,1.64643,-0.774985
3.94707,1.57848,1.6218,-0.70073
3.94545,1.57763,1.62141,-0.699537
3.84289,1.5245,1.59671,-0.624381
3.84126,1.52367,1.59631,-0.62319
3.83964,1.52283,1.59592,-0.622
3.75515,1.47966,1.57566,-0.560474
3.75354,1.47884,1.57527,-0.559298
3.67472,1.43924,1.55719,-0.501928
3.62341,1.41509,1.54255,-0.437303
3.62329,1.41508,1.54249,-0.436804
3.62318,1.41507,1.54244,-0.43631
3.62307,1.41506,1.54238,-0.435822
3.62138,1.41574,1.54154,-0.423993
3.62133,1.41577,1.54154,-0.423701
3.61408,1.41455,1.54325,-0.423967
3.55649,1.40671,1.55367,-0.481963
3.55484,1.40653,1.55394,-0.483895
3.46516,1.39693,1.56746,-0.60671
3.46306,1.39668,1.56776,-0.609955
3.36075,1.38393,1.58206,-0.781388
3.35844,1.38363,1.58238,-0.785534
3.26098,1.37146,1.59535,-0.967379
3.16341,1.36188,1.60774,-1.15585
3.16087,1.36169,1.60805,-1.16082
3.06603,1.35649,1.61993,-1.34843
2.98664,1.35523,1.62954,-1.50484
2.98396,1.35525,1.62986,-1.51011
2.89469,1.35825,1.64043,-1.68506
2.79505,1.3671,1.65234,-1.88319
2.79236,1.3674,1.65267,-1.88858
2.70353,1.37954,1.66332,-2.06694
2.61633,1.39612,1.67402,-2.24592
2.52219,1.4192,1.68559,-2.44561
2.51976,1.41988,1.68587,-2.45087
2.42121,1.45746,1.69798,-2.71089
2.42018,1.45805,1.69813,-2.71495
2.38977,1.48025,1.70253,-2.88461
2.38923,1.48061,1.70254,-2.88748
2.3448,1.4948,1.69757,-2.99592
2.34344,1.49505,1.69737,-2.99757
2.24896,1.50546,1.68313,-3.05581
2.24707,1.50558,1.68285,-3.0563
2.12719,1.50902,1.6649,-3.06075
2.12519,1.50902,1.6646,-3.06048
2.1232,1.50902,1.66431,-3.0602
2.01002,1.50722,1.64737,-3.03341
2.00804,1.50716,1.64707,-3.03279
1.89017,1.50251,1.62929,-2.99136
1.88818,1.50242,1.62899,-2.99062
1.76944,1.49631,1.6111,-2.94531
1.76746,1.4962,1.6108,-2.94455
1.76549,1.49609,1.6105,-2.9438
1.66757,1.49065,1.59584,-2.90632
1.66562,1.49054,1.59555,-2.90558
1.55114,1.48412,1.57827,-2.86273
1.5492,1.48401,1.57797,-2.86202
1.40631,1.4739,1.55797,-2.79467
1.40615,1.47387,1.55794,-2.79437
1.40599,1.47383,1.55791,-2.79408
1.40584,1.4738,1.55788,-2.79378
1.4057,1.47376,1.55784,-2.7935
1.39712,1.47322,1.55631,-2.77585
1.39664,1.47328,1.55626,-2.77532
1.39614,1.47334,1.55619,-2.77478
1.36114,1.47834,1.55255,-2.74136
1.35989,1.47854,1.55243,-2.74018
1.2991,1.48887,1.54708,-2.6769
1.22742,1.502,1.54116,-2.58526
1.22568,1.50232,1.54102,-2.58279
1.14249,1.51836,1.53409,-2.45164
1.14078,1.51869,1.53394,-2.44869
1.04876,1.53693,1.52564,-2.27419
1.04719,1.53726,1.52549,-2.27094
0.9744,1.5537,1.51831,-2.11496
0.972883,1.55406,1.51816,-2.11159
0.927734,1.56549,1.51356,-2.0096
0.872666,1.58121,1.50797,-1.8824
0.87119,1.58166,1.50781,-1.87894
0.822729,1.59735,1.50273,-1.7647
0.770683,1.61627,1.4973,-1.63998
0.769248,1.61683,1.49715,-1.63652
0.720789,1.63658,1.49197,-1.51892
0.677861,1.65573,1.48757,-1.41462
0.639186,1.6751,1.48279,-1.29812
0.638581,1.67546,1.48268,-1.29555
0.626303,1.68567,1.47977,-1.21353
0.613821,1.68724,1.48066,-1.12761
0.61334,1.68696,1.48073,-1.12553
0.588013,1.66268,1.48528,-1.04026
0.587225,1.66176,1.48544,-1.03795
0.551133,1.61694,1.49324,-0.936256
0.497041,1.5505,1.50586,-0.7833
0.496,1.54927,1.5061,-0.780294
0.454064,1.50159,1.51585,-0.655843
0.453005,1.50043,1.5161,-0.652644
0.408044,1.45308,1.52604,-0.515065
0.406953,1.45197,1.52628,-0.51172
0.354509,1.4011,1.53703,-0.352275
0.353369,1.40004,1.53725,-0.348843
0.287536,1.342,1.54984,-0.154879
0.28631,1.34098,1.55006,-0.151385
0.222819,1.28993,1.56139,0.0239069
0.221511,1.28892,1.56162,0.0274164
0.159813,1.24254,1.57203,0.189008
0.158433,1.24154,1.57225,0.192523
0.0463017,1.16741,1.58634,0.498174
0.0457635,1.16723,1.58635,0.500422
0.0452357,1.16706,1.58637,0.502651
0.0447182,1.1669,1.58639,0.504862
0.0254793,1.16659,1.58674,0.59669
0.0249893,1.16665,1.58673,0.598232
-0.0450631,1.18235,1.58151,0.680414
-0.0466742,1.1828,1.58135,0.68146
-0.048297,1.18325,1.58118,0.682502
-0.158099,1.21757,1.56772,0.738167
-0.160057,1.21822,1.56745,0.739011
-0.300369,1.26544,1.54751,0.795746
-0.302347,1.2661,1.54723,0.796518
-0.304325,1.26677,1.54694,0.79729
-0.449883,1.31532,1.52605,0.854007
-0.451852,1.31598,1.52578,0.854772
-0.453819,1.31663,1.5255,0.855537
-0.588997,1.36097,1.50671,0.908909
-0.590969,1.36162,1.50643,0.909691
-0.592942,1.36226,1.50616,0.910472
-0.751754,1.41371,1.48439,0.973728
-0.753739,1.41435,1.48411,0.974523
-0.755725,1.41499,1.48384,0.975319
-0.912323,1.46519,1.46301,1.03945
-0.913669,1.46563,1.46283,1.04011
-0.914994,1.46606,1.46265,1.04075
-0.916296,1.46648,1.46248,1.0414
-0.972743,1.48767,1.45567,1.08113
-0.973228,1.48794,1.45575,1.08097
-0.973728,1.48823,1.45583,1.08078
-0.974241,1.48852,1.45591,1.08058
-1.02625,1.52638,1.46518,1.03383
-1.0274,1.52731,1.4654,1.03243
-1.02856,1.52824,1.46563,1.03102
-1.16084,1.63599,1.49523,0.797109
-1.16213,1.637,1.49554,0.794223
-1.16342,1.638,1.49585,0.79133
-1.16471,1.639,1.49615,0.78843
-1.23143,1.68867,1.51196,0.62808
-1.23273,1.68959,1.51227,0.62484
-1.30798,1.74034,1.52935,0.434372
-1.30933,1.7412,1.52965,0.43096
-1.39167,1.79071,1.54738,0.223985
-1.39307,1.7915,1.54768,0.220514
-1.39447,1.79229,1.54797,0.217042
-1.45954,1.8275,1.56124,0.0605725
-1.46102,1.82827,1.56153,0.0570984
-1.53827,1.86736,1.5763,-0.119725
-1.53982,1.86812,1.57659,-0.123194
-1.65653,1.9215,1.5947,-0.392901
-1.65726,1.92172,1.59476,-0.39533
-1.65798,1.92192,1.59483,-0.39774
-1.68192,1.92265,1.59861,-0.500349
-1.68235,1.92248,1.5988,-0.502195
-1.7228,1.87504,1.6242,-0.620095
-1.72366,1.87371,1.62479,-0.622071
-1.72452,1.87236,1.62539,-0.624053
-1.76775,1.80057,1.65674,-0.719085
-1.76878,1.7988,1.65751,-0.721328
-1.81117,1.72591,1.6898,-0.815436
-1.81441,1.72036,1.69229,-0.822804
-1.8678,1.62961,1.73374,-0.948884
-1.86891,1.62775,1.73459,-0.951558
-1.92555,1.53545,1.77682,-1.0886
-1.92671,1.53363,1.77766,-1.0914
-1.97919,1.45285,1.81495,-1.21866
-2.01934,1.39352,1.84276,-1.31589
-2.02053,1.39179,1.84359,-1.31877
-2.07674,1.31186,1.88174,-1.45386
-2.07794,1.31019,1.88255,-1.45673
-2.12879,1.24064,1.91679,-1.57787
-2.18887,1.16103,1.95667,-1.71924
-2.19008,1.15945,1.95743,-1.72207
-2.27057,1.07546,2.00459,-1.96019
-2.27098,1.07532,2.00477,-1.96183
-2.2714,1.07518,2.00494,-1.96348
-2.27183,1.07505,2.00511,-1.96513
-2.27227,1.07491,2.00528,-1.96678
-2.31633,1.07875,2.00991,-2.05792
-2.31775,1.07913,2.00994,-2.06014
-2.46005,1.13676,2.00861,-2.27122
-2.46223,1.13778,2.00856,-2.2746
-2.46441,1.13881,2.00851,-2.27799
-2.73954,1.2856,2.00166,-2.78141
-2.74163,1.2869,2.00161,-2.78582
-2.74372,1.2882,2.00156,-2.79023
-2.74581,1.2895,2.00151,-2.79465
-2.74789,1.2908,2.00146,-2.79907
-2.86244,1.36775,1.99875,-3.05582
-2.86437,1.36914,1.9987,-3.06039
-2.86629,1.37052,1.99866,-3.06497
-2.97378,1.45201,1.99605,2.95008
-2.97555,1.45343,1.99601,2.94544
-3.06581,1.52875,1.99358,2.69381
-3.06741,1.53012,1.99354,2.68914
-3.14683,1.5999,1.99106,2.44681
-3.14826,1.6012,1.99101,2.44226
-3.20706,1.66756,1.98917,2.15701
-3.20722,1.66796,1.98916,2.15401
-3.20736,1.66835,1.98914,2.15103
-3.20745,1.67725,1.98877,2.06272
-3.2074,1.67744,1.98875,2.06051
-3.21541,1.69779,1.98291,1.99288
-3.21589,1.6986,1.98266,1.99223
-3.26125,1.76457,1.96304,2.01051
-3.26232,1.766,1.96262,2.01175
-3.31821,1.83744,1.94115,2.10099
-3.37798,1.90819,1.91871,2.23207
-3.37928,1.90967,1.91823,2.23519
-3.38058,1.91115,1.91775,2.23832
-3.44208,1.978,1.89494,2.39588
-3.44338,1.97937,1.89445,2.39941
-3.50178,2.03906,1.87258,2.56332
-3.50306,2.04035,1.8721,2.56704
-3.55433,2.09107,1.85235,2.72108
-3.59719,2.13395,1.83497,2.8581
-3.59836,2.13513,1.83449,2.86192
-3.65606,2.19487,1.8097,3.05727
-3.65715,2.19603,1.80922,3.0611
-3.70191,2.24529,1.78854,-3.0578
-3.70486,2.24868,1.78711,-3.04637
-3.76708,2.32156,1.75563,-2.75433
-3.76734,2.32186,1.75543,-2.75173
-3.76758,2.32215,1.75524,-2.74915
-3.77131,2.32759,1.74895,-2.65066
-3.77135,2.32772,1.74881,-2.64858
-3.77829,2.34306,1.74094,-2.56277
-3.77862,2.34371,1.74068,-2.56048
-3.79841,2.37954,1.72757,-2.45996
-3.82625,2.42913,1.71002,-2.33712
-3.82695,2.43041,1.70956,-2.3339
-3.85294,2.48161,1.69074,-2.20017
-3.87893,2.54345,1.66803,-2.03022
-3.87946,2.54485,1.66753,-2.02629
-3.90017,2.60493,1.64638,-1.85712
-3.90063,2.60638,1.64588,-1.85301
-3.91706,2.66315,1.62679,-1.69422
-3.91748,2.6647,1.62629,-1.68999
-3.93887,2.75031,1.5999,-1.46309
-3.93927,2.75199,1.59941,-1.45877
-3.95913,2.83903,1.57483,-1.24179
-3.95953,2.84084,1.57434,-1.23742
-3.98224,2.94084,1.54806,-1.00532
-3.9827,2.9428,1.54756,-1.00093
-4.0127,3.06204,1.51941,-0.740345
-4.01316,3.06374,1.51903,-0.736433
-4.02526,3.12844,1.50331,-0.551392
-4.02526,3.12912,1.50313,-0.548732
-4.02229,3.15197,1.49804,-0.440374
-4.02222,3.15224,1.49801,-0.438825
-4.02214,3.15251,1.49798,-0.437294
-4.02001,3.16397,1.4975,-0.384079
-4.02002,3.16437,1.49747,-0.383313
-4.02442,3.20151,1.49291,-0.379079
-4.02455,3.20269,1.49273,-0.379721
-4.0291,3.2677,1.48196,-0.439198
-4.03479,3.36133,1.46286,-0.586414
-4.03494,3.36297,1.4625,-0.589552
-4.03509,3.36462,1.46214,-0.592705
-4.04583,3.447,1.44345,-0.770468
-4.0461,3.44859,1.44308,-0.774229
-4.06419,3.53503,1.42338,-0.987931
-4.06458,3.53667,1.42302,-0.992055
-4.0861,3.61984,1.40553,-1.19846
-4.08658,3.62158,1.40517,-1.20274
-4.11458,3.72011,1.38567,-1.44034
-4.11512,3.72197,1.38531,-1.44469
-4.14549,3.82794,1.36605,-1.68438
-4.14605,3.82993,1.3657,-1.68874
-4.16931,3.91569,1.35095,-1.87181
-4.16986,3.9178,1.3506,-1.87618
-4.20445,4.05906,1.32829,-2.1854
-4.20478,4.06006,1.3281,-2.18848
-4.2051,4.06104,1.32791,-2.19154
-4.21517,4.08514,1.32411,-2.28147
-4.21545,4.08569,1.32416,-2.28356
-4.2273,4.102,1.33646,-2.31958
-4.24142,4.10437,1.36134,-2.27655
-4.24192,4.10425,1.36234,-2.27407
-4.26272,4.08825,1.41599,-2.1029
-4.26309,4.08773,1.41735,-2.0979
-4.27244,4.06585,1.47509,-1.86749
-4.26968,4.04943,1.54158,-1.56714
-4.26948,4.04925,1.5431,-1.55995
-4.25832,4.05221,1.60647,-1.24937
-4.25802,4.05255,1.60797,-1.24183
-4.26025,4.13519,1.70884,-0.423091
-4.26048,4.13584,1.70911,-0.416502
-4.2607,4.1365,1.70937,-0.409939
-4.26091,4.13715,1.70962,-0.403402
-4.26855,4.16797,1.71725,-0.115636
-4.2688,4.16866,1.71736,-0.110547
-4.31909,4.2141,1.72303,0.11111
-4.32055,4.21493,1.72311,0.113594
-4.32203,4.21575,1.72318,0.116031
-4.4133,4.25821,1.72563,0.183426
-4.49022,4.28816,1.72621,0.1692
-4.49207,4.28883,1.72622,0.16828
-4.59095,4.32081,1.72697,0.0888145
-4.59278,4.32133,1.72699,0.0869033
-4.5946,4.32186,1.72701,0.0849799
-4.68758,4.3465,1.72806,-0.0262229
-4.6894,4.34694,1.72809,-0.0285911
-4.75527,4.36219,1.72902,-0.116949
-4.8459,4.38145,1.73054,-0.240007
-4.8478,4.38184,1.73057,-0.2426
-4.94061,4.40066,1.73212,-0.367431
-4.94257,4.40105,1.73215,-0.370029
-5.04187,4.42104,1.73378,-0.499766
-5.04389,4.42145,1.73381,-0.502353
-5.1362,4.44067,1.73522,-0.618605
-5.13808,4.44107,1.73524,-0.620985
-5.21105,4.45444,1.73446,-0.732894
-5.21181,4.4545,1.73443,-0.734548
-5.23392,4.45442,1.73469,-0.79433
-5.23427,4.45447,1.73482,-0.795192
-5.24483,4.49193,1.75877,-0.785546
-5.24479,4.4932,1.75942,-0.784274
-5.23339,4.59056,1.80416,-0.654794
-5.23306,4.59251,1.80504,-0.651686
-5.23272,4.59448,1.80591,-0.648552
-5.21385,4.69511,1.84992,-0.471641
-5.21344,4.69731,1.85086,-0.467487
-5.18938,4.84102,1.91019,-0.179626
-5.18905,4.84338,1.91114,-0.174711
-5.1757,4.98478,1.96588,0.121307
-5.17559,4.98727,1.96682,0.126561
-5.17548,4.98975,1.96776,0.131819
-5.17493,5.11119,2.01388,0.393294
-5.17501,5.11366,2.01482,0.39869
-5.18044,5.19928,2.04751,0.588529
-5.21011,5.38651,2.12274,1.03445
-5.21058,5.38864,2.12364,1.03988
-5.21105,5.39077,2.12455,1.0453
-5.25355,5.52488,2.1811,1.43553
-5.25408,5.52578,2.18155,1.43974
-5.2546,5.52666,2.18198,1.44393
-5.25512,5.52751,2.18241,1.44809
-5.26882,5.54447,2.19269,1.56499
-5.27713,5.55335,2.19407,1.65016
-5.28227,5.56451,2.18679,1.7134
-5.28796,5.58705,2.16592,1.79261
-5.29162,5.60824,2.14383,1.84937
-5.29461,5.63027,2.1192,1.9021
-5.29861,5.67313,2.06742,1.99839
-5.29993,5.69441,2.04021,2.04529
-5.30079,5.71343,2.01552,2.08718
-5.3024,5.75882,1.95554,2.18967
-5.30294,5.79551,1.9052,2.27733
-5.30295,5.80858,1.88709,2.30936
-5.3023,5.85201,1.82555,2.41964
-5.30083,5.88884,1.77217,2.51708
-5.30078,5.88984,1.77069,2.51979
-5.29902,5.91582,1.7322,2.59057
-5.29705,5.93846,1.69841,2.65323
-5.29223,5.97915,1.63627,2.76828
-5.29209,5.98012,1.63479,2.77103
-5.28556,6.0205,1.57246,2.8866
-5.2691,6.06375,1.47063,-3.06343
-5.2691,6.06376,1.4706,-3.06343
-5.2691,6.06377,1.47056,-3.06343
-5.2691,6.06378,1.47053,-3.06342
-5.26909,6.06379,1.47048,-3.06343
-5.26909,6.0638,1.47044,-3.06343
-5.26908,6.06382,1.47039,-3.06344
-5.26908,6.06383,1.47033,-3.06344
-5.26907,6.06385,1.47028,-3.06346
-5.26906,6.06387,1.47022,-3.06347
-5.26732,6.06392,1.46853,-3.06648
-5.26714,6.06385,1.46846,-3.06678
-5.26696,6.06378,1.46839,-3.06709
-5.26676,6.06369,1.46833,-3.06741
-5.26656,6.06359,1.46826,-3.06776
-5.26634,6.06349,1.46819,-3.06812
-5.26611,6.06337,1.46812,-3.0685
-5.26586,6.06324,1.46806,-3.0689
-5.26561,6.0631,1.468,-3.06931
-5.26534,6.06295,1.46793,-3.06975
-5.26506,6.06278,1.46787,-3.07021
-5.26477,6.06261,1.46781,-3.07069
-5.26446,6.06242,1.46776,-3.07119
-5.25674,6.05669,1.46692,-3.08379
-5.22755,6.02832,1.46672,-3.13649
-5.22664,6.02735,1.46674,-3.13831
-5.20321,6.00161,1.46768,3.09457
-5.16048,5.95491,1.47035,2.98843
-5.11329,5.90776,1.47368,2.85845
-5.11203,5.90657,1.47377,2.85487
-5.06392,5.86325,1.47717,2.71565
-5.03939,5.8425,1.47895,2.64397
-5.00984,5.81829,1.48111,2.55803
-4.95687,5.77625,1.48479,2.40622
-4.92941,5.75476,1.48657,2.32883
-4.89799,5.73034,1.48852,2.24179
-4.82096,5.66967,1.49324,2.03536
-4.81929,5.66834,1.49334,2.03094
-4.75807,5.61889,1.4969,1.87183
-4.64895,5.52566,1.50312,1.59406
-4.6472,5.52411,1.50322,1.58973
-4.64547,5.52255,1.50331,1.58541
-4.54354,5.42945,1.50613,1.27656
-4.54293,5.42901,1.50614,1.27385
-4.54234,5.42858,1.50615,1.27115
-4.52832,5.41716,1.50725,1.205
-4.51191,5.38652,1.51199,1.11107
-4.5115,5.38524,1.51218,1.10814
-4.49666,5.29521,1.52382,0.937495
-4.49646,5.29316,1.52406,0.933848
-4.49088,5.22369,1.5322,0.809526
-4.48405,5.11452,1.54398,0.608842
-4.48393,5.11207,1.54424,0.604238
-4.48076,5.02958,1.5526,0.44769
-4.48165,4.89025,1.56603,0.176588
-4.48174,4.8876,1.56629,0.171415
-4.49228,4.74982,1.57939,-0.0973089
-4.4926,4.7471,1.57965,-0.102661
-4.51184,4.62189,1.59153,-0.351127
-4.51235,4.61919,1.59179,-0.356565
-4.55448,4.44582,1.60849,-0.716737
-4.55524,4.44327,1.60874,-0.722203
-4.55599,4.44072,1.60899,-0.72767
-4.59893,4.31396,1.62183,-1.0071
-4.59985,4.31155,1.62207,-1.01249
-4.69394,4.17793,1.63527,-1.58948
-4.69418,4.17793,1.63524,-1.59098
-4.69441,4.17794,1.63522,-1.59246
-4.69464,4.17794,1.63519,-1.59392
-4.69488,4.17795,1.63516,-1.59536
-4.69511,4.17795,1.63513,-1.59678
-4.69533,4.17796,1.63511,-1.59818
-4.71323,4.17576,1.64391,-1.67405
-4.71376,4.17576,1.64438,-1.67531
-4.71545,4.17584,1.64586,-1.67913
-4.77781,4.20756,1.70451,-1.78507
-4.779,4.20842,1.70569,-1.78702
-4.84821,4.26314,1.77553,-1.90691
-4.84955,4.26426,1.7769,-1.90938
-4.85089,4.26537,1.77828,-1.91185
-4.90813,4.31371,1.83677,-2.02194
-4.95991,4.35882,1.88961,-2.1294
-4.96127,4.36003,1.89099,-2.1323
-5.01968,4.41276,1.95048,-2.26009
-5.02104,4.41401,1.95186,-2.26311
-5.07487,4.46521,2.00679,-2.38545
-5.12394,4.51427