-0.633136,-0.499705,0.802907,3.13941
-0.632896,-0.493389,0.807834,3.06092
-0.632656,-0.487073,0.812762,2.98244
-0.632416,-0.480756,0.817689,2.90395
-0.632176,-0.47444,0.822616,2.82547
-0.631936,-0.468124,0.827544,2.74698
-0.631695,-0.461808,0.832471,2.6685
-0.631455,-0.455492,0.837398,2.59001
-0.631215,-0.449176,0.842326,2.51153
-0.630975,-0.44286,0.847253,2.43304
-0.630735,-0.436543,0.85218,2.35456
-0.630494,-0.430227,0.857108,2.27607
-0.630254,-0.423911,0.862035,2.19759
-0.630014,-0.417595,0.866962,2.1191
-0.629774,-0.411279,0.87189,2.04062
-0.629534,-0.404963,0.876817,1.96213
-0.629294,-0.398646,0.881744,1.88365
-0.629053,-0.39233,0.886672,1.80516
-0.628813,-0.386014,0.891599,1.72668
-0.628573,-0.379698,0.896526,1.64819
-0.628333,-0.373382,0.901453,1.5697
-0.628093,-0.367066,0.906381,1.49122
-0.627853,-0.36075,0.911308,1.41273
-0.627612,-0.354433,0.916235,1.33425
-0.627372,-0.348117,0.921163,1.25576
-0.627132,-0.341801,0.92609,1.17728
-0.626892,-0.335485,0.931017,1.09879
-0.626652,-0.329169,0.935945,1.02031
-0.626411,-0.322853,0.940872,0.941823
-0.626171,-0.316536,0.945799,0.863338
-0.625931,-0.31022,0.950727,0.784852
-0.625691,-0.303904,0.955654,0.706367
-0.625451,-0.297588,0.960581,0.627882
-0.625211,-0.291272,0.965509,0.549397
-0.62497,-0.284956,0.970436,0.470911
-0.62473,-0.27864,0.975363,0.392426
-0.62449,-0.272323,0.980291,0.313941
-0.62425,-0.266007,0.985218,0.235456
-0.62401,-0.259691,0.990145,0.15697
-0.62377,-0.253375,0.995073,0.0784852
-0.497537,-0.188516,1.05221,0.393962
-0.49834,-0.194645,1.03319,0.379882
-0.499143,-0.200773,1.01417,0.365802
-0.499946,-0.206902,0.99515,0.351722
-0.500749,-0.213031,0.976129,0.337642
-0.501551,-0.219159,0.957108,0.323563
-0.502354,-0.225288,0.938087,0.309483
-0.503157,-0.231417,0.919066,0.295403
-0.50396,-0.237546,0.900045,0.281323
-0.504763,-0.243674,0.881025,0.267243
-0.505565,-0.249803,0.862004,0.253163
-0.506368,-0.255932,0.842983,0.239083
-0.507171,-0.262061,0.823962,0.225003
-0.507974,-0.268189,0.804941,0.210923
-0.508777,-0.274318,0.78592,0.196843
-0.509579,-0.280447,0.766899,0.182763
-0.510382,-0.286575,0.747878,0.168683
-0.511185,-0.292704,0.728857,0.154603
-0.511988,-0.298833,0.709837,0.140524
-0.512791,-0.304962,0.690816,0.126444
-0.513593,-0.31109,0.671795,0.112364
-0.514396,-0.317219,0.652774,0.0982838
-0.515199,-0.323348,0.633753,0.0842039
-0.516002,-0.329476,0.614732,0.070124
-0.516805,-0.335605,0.595711,0.056044
-0.517607,-0.341734,0.57669,0.0419641
-0.51841,-0.347863,0.557669,0.0278842
-0.519213,-0.353991,0.538648,0.0138043
-0.383427,-0.333261,0.611302,0.0900859
-0.399838,-0.336474,0.600331,0.079261
-0.416249,-0.339687,0.58936,0.0684362
-0.43266,-0.3429,0.578389,0.0576113
-0.44907,-0.346113,0.567418,0.0467865
-0.465481,-0.349326,0.556447,0.0359616
-0.481892,-0.352539,0.545476,0.0251368
-0.498303,-0.355752,0.534505,0.0143119
-0.514714,-0.358965,0.523534,0.00348704
-0.334569,-0.344922,0.609683,0.0260804
-0.345589,-0.349146,0.62583,0.0256485
-0.35661,-0.353371,0.641976,0.0252165
-0.36763,-0.357595,0.658122,0.0247846
-0.378651,-0.36182,0.674268,0.0243527
-0.389671,-0.366044,0.690415,0.0239208
-0.400692,-0.370269,0.706561,0.0234888
-0.411712,-0.374493,0.722707,0.0230569
-0.422733,-0.378718,0.738854,0.022625
-0.433753,-0.382942,0.755,0.022193
-0.444774,-0.387167,0.771146,0.0217611
-0.455794,-0.391391,0.787292,0.0213292
-0.466815,-0.395616,0.803439,0.0208973
-0.477835,-0.39984,0.819585,0.0204653
-0.488856,-0.404064,0.835731,0.0200334
-0.499876,-0.408289,0.851878,0.0196015
-0.510897,-0.412513,0.868024,0.0191695
-0.521917,-0.416738,0.88417,0.0187376
-0.532938,-0.420962,0.900316,0.0183057
-0.543958,-0.425187,0.916463,0.0178737
-0.554979,-0.429411,0.932609,0.0174418
-0.565999,-0.433636,0.948755,0.0170099
-0.57702,-0.43786,0.964902,0.016578
-0.58804,-0.442085,0.981048,0.016146
-0.599061,-0.446309,0.997194,0.0157141
-0.610081,-0.450534,1.01334,0.0152822
-0.621102,-0.454758,1.02949,0.0148502
-0.632122,-0.458982,1.04563,0.0144183
-0.643143,-0.463207,1.06178,0.0139864
-0.654163,-0.467431,1.07793,0.0135545
-0.665184,-0.471656,1.09407,0.0131225
-0.676204,-0.47588,1.11022,0.0126906
-0.687225,-0.480105,1.12636,0.0122587
-0.698245,-0.484329,1.14251,0.0118267
-0.709266,-0.488554,1.15866,0.0113948
-0.720287,-0.492778,1.1748,0.0109629
-0.731307,-0.497003,1.19095,0.010531
-0.742328,-0.501227,1.2071,0.010099
-0.753348,-0.505451,1.22324,0.00966709
-0.764369,-0.509676,1.23939,0.00923516
-0.775389,-0.5139,1.25553,0.00880323
-0.78641,-0.518125,1.27168,0.00837131
-0.79743,-0.522349,1.28783,0.00793938
-0.808451,-0.526574,1.30397,0.00750745
-0.819471,-0.530798,1.32012,0.00707552
-0.830492,-0.535023,1.33627,0.00664359
-0.841512,-0.539247,1.35241,0.00621166
-0.852533,-0.543472,1.36856,0.00577973
-0.863553,-0.547696,1.3847,0.0053478
-0.874574,-0.551921,1.40085,0.00491587
-0.885594,-0.556145,1.417,0.00448394
-0.896615,-0.560369,1.43314,0.00405201
-0.907635,-0.564594,1.44929,0.00362008
-0.918656,-0.568818,1.46544,0.00318816
-0.929676,-0.573043,1.48158,0.00275623
-0.940697,-0.577267,1.49773,0.0023243
-0.951717,-0.581492,1.51388,0.00189237
-0.962738,-0.585716,1.53002,0.00146044
-0.973758,-0.589941,1.54617,0.00102851
-0.984779,-0.594165,1.56231,0.000596581
-0.995799,-0.59839,1.57846,0.000164651
-0.781477,-0.566843,1.52228,0.00500567
-0.784206,-0.586427,1.52529,0.00498233
-0.786935,-0.606011,1.52829,0.00495899
-0.789664,-0.625594,1.5313,0.00493565
-0.792392,-0.645178,1.5343,0.00491231
-0.795121,-0.664762,1.53731,0.00488897
-0.79785,-0.684346,1.54031,0.00486562
-0.800578,-0.70393,1.54331,0.00484228
-0.803307,-0.723513,1.54632,0.00481894
-0.806036,-0.743097,1.54932,0.0047956
-0.808765,-0.762681,1.55233,0.00477226
-0.811493,-0.782265,1.55533,0.00474892
-0.814222,-0.801849,1.55834,0.00472558
-0.816951,-0.821432,1.56134,0.00470223
-0.81968,-0.841016,1.56435,0.00467889
-0.822408,-0.8606,1.56735,0.00465555
-0.825137,-0.880184,1.57036,0.00463221
-0.827866,-0.899768,1.57336,0.00460887
-0.830595,-0.919351,1.57637,0.00458553
-0.833323,-0.938935,1.57937,0.00456219
-0.836052,-0.958519,1.58238,0.00453884
-0.838781,-0.978103,1.58538,0.0045155
-0.84151,-0.997687,1.58839,0.00449216
-0.844238,-1.01727,1.59139,0.00446882
-0.846967,-1.03685,1.5944,0.00444548
-0.849696,-1.05644,1.5974,0.00442214
-0.852425,-1.07602,1.60041,0.0043988
-0.855153,-1.09561,1.60341,0.00437545
-0.857882,-1.11519,1.60642,0.00435211
-0.860611,-1.13477,1.60942,0.00432877
-0.86334,-1.15436,1.61242,0.00430543
-0.866068,-1.17394,1.61543,0.00428209
-0.868797,-1.19352,1.61843,0.00425875
-0.871526,-1.21311,1.62144,0.0042354
-0.874255,-1.23269,1.62444,0.00421206
-0.876983,-1.25228,1.62745,0.00418872
-0.879712,-1.27186,1.63045,0.00416538
-0.882441,-1.29144,1.63346,0.00414204
-0.885169,-1.31103,1.63646,0.0041187
-0.887898,-1.33061,1.63947,0.00409536
-0.890627,-1.3502,1.64247,0.00407201
-0.893356,-1.36978,1.64548,0.00404867
-0.896084,-1.38936,1.64848,0.00402533
-0.898813,-1.40895,1.65149,0.00400199
-0.901542,-1.42853,1.65449,0.00397865
-0.904271,-1.44811,1.6575,0.00395531
-0.906999,-1.4677,1.6605,0.00393197
-0.909728,-1.48728,1.66351,0.00390862
-0.912457,-1.50687,1.66651,0.00388528
-0.915186,-1.52645,1.66952,0.00386194
-0.917914,-1.54603,1.67252,0.0038386
-0.920643,-1.56562,1.67552,0.00381526
-0.923372,-1.5852,1.67853,0.00379192
-0.926101,-1.60478,1.68153,0.00376857
-0.928829,-1.62437,1.68454,0.00374523
-0.931558,-1.64395,1.68754,0.00372189
-0.934287,-1.66354,1.69055,0.00369855
-0.937016,-1.68312,1.69355,0.00367521
-0.939744,-1.7027,1.69656,0.00365187
-0.942473,-1.72229,1.69956,0.00362853
-0.945202,-1.74187,1.70257,0.00360518
-0.947931,-1.76146,1.70557,0.00358184
-0.950659,-1.78104,1.70858,0.0035585
-0.953388,-1.80062,1.71158,0.00353516
-0.956117,-1.82021,1.71459,0.00351182
-0.958846,-1.83979,1.71759,0.00348848
-0.961574,-1.85937,1.7206,0.00346514
-0.964303,-1.87896,1.7236,0.00344179
-0.967032,-1.89854,1.72661,0.00341845
-0.96976,-1.91813,1.72961,0.00339511
-0.972489,-1.93771,1.73262,0.00337177
-0.975218,-1.95729,1.73562,0.00334843
-0.977947,-1.97688,1.73863,0.00332509
-0.980675,-1.99646,1.74163,0.00330175
-0.983404,-2.01604,1.74463,0.0032784
-0.986133,-2.03563,1.74764,0.00325506
-0.988862,-2.05521,1.75064,0.00323172
-0.99159,-2.0748,1.75365,0.00320838
-0.994319,-2.09438