-0.477385,-2.35738,0.794912,-3.08203
-0.491898,-2.37108,0.793665,-3.06823
-0.50641,-2.38479,0.792419,-3.05442
-0.520922,-2.39849,0.791172,-3.04061
-0.535434,-2.4122,0.789926,-3.0268
-0.549946,-2.4259,0.788679,-3.01299
-0.564458,-2.43961,0.787432,-2.99919
-0.57897,-2.45332,0.786186,-2.98538
-0.593482,-2.46702,0.784939,-2.97157
-0.607994,-2.48073,0.783693,-2.95776
-0.622506,-2.49443,0.782446,-2.94396
-0.637018,-2.50814,0.7812,-2.93015
-0.65153,-2.52184,0.779953,-2.91634
-0.666042,-2.53555,0.778707,-2.90253
-0.680554,-2.54926,0.77746,-2.88873
-0.695066,-2.56296,0.776214,-2.87492
-0.709578,-2.57667,0.774967,-2.86111
-0.724091,-2.59037,0.77372,-2.8473
-0.738603,-2.60408,0.772474,-2.8335
-0.753115,-2.61778,0.771227,-2.81969
-0.767627,-2.63149,0.769981,-2.80588
-0.782139,-2.6452,0.768734,-2.79207
-0.796651,-2.6589,0.767488,-2.77827
-0.811163,-2.67261,0.766241,-2.76446
-0.825675,-2.68631,0.764995,-2.75065
-0.840187,-2.70002,0.763748,-2.73684
-0.854699,-2.71372,0.762502,-2.72304
-0.869211,-2.72743,0.761255,-2.70923
-0.883723,-2.74114,0.760008,-2.69542
-0.898235,-2.75484,0.758762,-2.68161
-0.912747,-2.76855,0.757515,-2.66781
-0.927259,-2.78225,0.756269,-2.654
-0.941772,-2.79596,0.755022,-2.64019
-0.956284,-2.80966,0.753776,-2.62638
-0.970796,-2.82337,0.752529,-2.61257
-0.985308,-2.83708,0.751283,-2.59877
-0.99982,-2.85078,0.750036,-2.58496
-1.01433,-2.86449,0.74879,-2.57115
-1.02884,-2.87819,0.747543,-2.55734
-1.04336,-2.8919,0.746296,-2.54354
-1.05787,-2.9056,0.74505,-2.52973
-1.07238,-2.91931,0.743803,-2.51592
-1.08689,-2.93302,0.742557,-2.50211
-1.1014,-2.94672,0.74131,-2.48831
-1.11592,-2.96043,0.740064,-2.4745
-1.13043,-2.97413,0.738817,-2.46069
-1.14494,-2.98784,0.737571,-2.44688
-1.15945,-3.00154,0.736324,-2.43308
-1.17396,-3.01525,0.735078,-2.41927
-1.18848,-3.02896,0.733831,-2.40546
-1.20299,-3.04266,0.732584,-2.39165
-1.2175,-3.05637,0.731338,-2.37785
-1.23201,-3.07007,0.730091,-2.36404
-1.24652,-3.08378,0.728845,-2.35023
-1.26104,-3.09748,0.727598,-2.33642
-1.27555,-3.11119,0.726352,-2.32262
-1.29006,-3.1249,0.725105,-2.30881
-1.30457,-3.1386,0.723859,-2.295
-1.31909,-3.15231,0.722612,-2.28119
-1.3336,-3.16601,0.721366,-2.26739
-1.34811,-3.17972,0.720119,-2.25358
-1.36262,-3.19342,0.718872,-2.23977
-1.37713,-3.20713,0.717626,-2.22596
-1.39165,-3.22083,0.716379,-2.21215
-1.40616,-3.23454,0.715133,-2.19835
-1.42067,-3.24825,0.713886,-2.18454
-1.43518,-3.26195,0.71264,-2.17073
-1.44969,-3.27566,0.711393,-2.15692
-1.46421,-3.28936,0.710147,-2.14312
-1.47872,-3.30307,0.7089,-2.12931
-1.49323,-3.31677,0.707654,-2.1155
-1.50774,-3.33048,0.706407,-2.10169
-1.52225,-3.34419,0.70516,-2.08789
-1.53677,-3.35789,0.703914,-2.07408
-1.55128,-3.3716,0.702667,-2.06027
-1.56579,-3.3853,0.701421,-2.04646
-1.5803,-3.39901,0.700174,-2.03266
-1.59481,-3.41271,0.698928,-2.01885
-1.60933,-3.42642,0.697681,-2.00504
-1.62384,-3.44013,0.696435,-1.99123
-1.63835,-3.45383,0.695188,-1.97743
-1.65286,-3.46754,0.693942,-1.96362
-1.66737,-3.48124,0.692695,-1.94981
-1.68189,-3.49495,0.691448,-1.936
-1.6964,-3.50865,0.690202,-1.9222
-1.71091,-3.52236,0.688955,-1.90839
-1.72542,-3.53607,0.687709,-1.89458
-1.73993,-3.54977,0.686462,-1.88077
-1.75445,-3.56348,0.685216,-1.86697
-1.76896,-3.57718,0.683969,-1.85316
-1.78347,-3.59089,0.682723,-1.83935
-1.79798,-3.60459,0.681476,-1.82554
-1.8125,-3.6183,0.68023,-1.81173
-1.82701,-3.63201,0.678983,-1.79793
-1.84152,-3.64571,0.677737,-1.78412
-1.85603,-3.65942,0.67649,-1.77031
-1.87054,-3.67312,0.675243,-1.7565
-1.88506,-3.68683,0.673997,-1.7427
-1.89957,-3.70053,0.67275,-1.72889
-1.91408,-3.71424,0.671504,-1.71508
-1.92859,-3.72795,0.670257,-1.70127
-1.9431,-3.74165,0.669011,-1.68747
-1.95762,-3.75536,0.667764,-1.67366
-1.97213,-3.76906,0.666518,-1.65985
-1.98664,-3.78277,0.665271,-1.64604
-2.00115,-3.79647,0.664025,-1.63224
-2.01566,-3.81018,0.662778,-1.61843
-2.03018,-3.82389,0.661531,-1.60462
-2.04469,-3.83759,0.660285,-1.59081
-2.0592,-3.8513,0.659038,-1.57701
-2.07371,-3.865,0.657792,-1.5632
-2.08822,-3.87871,0.656545,-1.54939
-2.10274,-3.89241,0.655299,-1.53558
-2.11725,-3.90612,0.654052,-1.52178
-2.13176,-3.91983,0.652806,-1.50797
-2.14627,-3.93353,0.651559,-1.49416
-2.16078,-3.94724,0.650313,-1.48035
-2.1753,-3.96094,0.649066,-1.46655
-2.18981,-3.97465,0.647819,-1.45274
-2.20432,-3.98835,0.646573,-1.43893
-2.21883,-4.00206,0.645326,-1.42512
-2.23335,-4.01577,0.64408,-1.41131
-2.24786,-4.02947,0.642833,-1.39751
-2.26237,-4.04318,0.641587,-1.3837
-2.27688,-4.05688,0.64034,-1.36989
-2.29139,-4.07059,0.639094,-1.35608
-2.30591,-4.08429,0.637847,-1.34228
-2.32042,-4.098,0.636601,-1.32847
-2.33493,-4.11171,0.635354,-1.31466
-2.34944,-4.12541,0.634107,-1.30085
-2.36395,-4.13912,0.632861,-1.28705
-2.37847,-4.15282,0.631614,-1.27324
-2.39298,-4.16653,0.630368,-1.25943
-2.40749,-4.18023,0.629121,-1.24562
-2.422,-4.19394,0.627875,-1.23182
-2.43651,-4.20765,0.626628,-1.21801
-2.45103,-4.22135,0.625382,-1.2042
-2.46554,-4.23506,0.624135,-1.19039
-2.48005,-4.24876,0.622889,-1.17659
-2.49456,-4.26247,0.621642,-1.16278
-2.50907,-4.27617,0.620395,-1.14897
-2.52359,-4.28988,0.619149,-1.13516
-2.5381,-4.30359,0.617902,-1.12136
-2.55261,-4.31729,0.616656,-1.10755
-2.56712,-4.331,0.615409,-1.09374
-2.58163,-4.3447,0.614163,-1.07993
-2.59615,-4.35841,0.612916,-1.06613
-2.61066,-4.37211,0.61167,-1.05232
-2.62517,-4.38582,0.610423,-1.03851
-2.63968,-4.39953,0.609177,-1.0247
-2.65419,-4.41323,0.60793,-1.01089
-2.66871,-4.42694,0.606683,-0.997087
-2.68322,-4.44064,0.605437,-0.98328
-2.69773,-4.45435,0.60419,-0.969472
-2.71224,-4.46805,0.602944,-0.955665
-2.72676,-4.48176,0.601697,-0.941857
-2.74127,-4.49546,0.600451,-0.928049
-2.75578,-4.50917,0.599204,-0.914242
-2.77029,-4.52288,0.597958,-0.900434
-2.7848,-4.53658,0.596711,-0.886627
-2.79932,-4.55029,0.595465,-0.872819
-2.81383,-4.56399,0.594218,-0.859011
-2.82834,-4.5777,0.592971,-0.845204
-2.84285,-4.5914,0.591725,-0.831396
-2.85736,-4.60511,0.590478,-0.817589
-2.87188,-4.61882,0.589232,-0.803781
-2.88639,-4.63252,0.587985,-0.789974
-2.9009,-4.64623,0.586739,-0.776166
-2.91541,-4.65993,0.585492,-0.762358
-2.92992,-4.67364,0.584246,-0.748551
-2.94444,-4.68734,0.582999,-0.734743
-2.95895,-4.70105,0.581753,-0.720936
-2.97346,-4.71476,0.580506,-0.707128
-2.98797,-4.72846,0.579259,-0.69332
-3.00248,-4.74217,0.578013,-0.679513
-3.017,-4.75587,0.576766,-0.665705
-3.03151,-4.76958,0.57552,-0.651898
-3.04602,-4.78328,0.574273,-0.63809
-3.06053,-4.79699,0.573027,-0.624282
-3.07504,-4.8107,0.57178,-0.610475
-3.08956,-4.8244,0.570534,-0.596667
-3.10407,-4.83811,0.569287,-0.58286
-3.11858,-4.85181,0.568041,-0.569052
-3.13309,-4.86552,0.566794,-0.555245
-3.14761,-4.87922,0.565547,-0.541437
-3.16212,-4.89293,0.564301,-0.527629
-3.17663,-4.90664,0.563054,-0.513822
-3.19114,-4.92034,0.561808,-0.500014
-3.20565,-4.93405,0.560561,-0.486207
-3.22017,-4.94775,0.559315,-0.472399
-3.23468,-4.96146,0.558068,-0.458591
-3.24919,-4.97516,0.556822,-0.444784
-3.2637,-4.98887,0.555575,-0.430976
-3.27821,-5.00258,0.554329,-0.417169
-3.29273,-5.01628,0.553082,-0.403361
-3.30724,-5.02999,0.551835,-0.389554
-3.32175,-5.04369,0.550589,-0.375746
-3.33626,-5.0574,0.549342,-0.361938
-3.35077,-5.0711,0.548096,-0.348131
-3.36529,-5.08481,0.546849,-0.334323
-3.3798,-5.09852,0.545603,-0.320516
-3.39431,-5.11222,0.544356,-0.306708
-3.40882,-5.12593,0.54311,-0.2929
-3.42333,-5.13963,0.541863,-0.279093
-3.43785,-5.15334,0.540617,-0.265285
-3.45236,-5.16704,0.53937,-0.251478
-3.46687,-5.18075,0.538123,-0.23767
-3.48138,-5.19446,0.536877,-0.223862
-3.49589,-5.20816,0.53563,-0.210055
-3.51041,-5.22187,0.534384,-0.196247
-3.52492,-5.23557,0.533137,-0.18244
-3.53943,-5.24928,0.531891,-0.168632
-3.55394,-5.26298,0.530644,-0.154825
-3.56845,-5.27669,0.529398,-0.141017
-3.58297,-5.2904,0.528151,-0.127209
-3.59748,-5.3041,0.526905,-0.113402
-3.61199,-5.31781,0.525658,-0.0995942
-3.6265,-5.33151,0.524411,-0.0857866
-3.64102,-5.34522,0.523165,-0.071979
-3.65553,-5.35892,0.521918,-0.0581714
-3.67004,-5.37263,0.520672,-0.0443638
-3.68455,-5.38634,0.519425,-0.0305563
-3.69906,-5.40004,0.518179,-0.0167487
-3.71358,-5.41375,0.516932,-0.00294109
-3.46686,-5.33164,0.581041,-0.176583
-3.45189,-5.33486,0.593913,-0.175409
-3.43693,-5.33809,0.606785,-0.174235
-3.42196,-5.34131,0.619657,-0.173061
-3.407,-5.34454,0.632529,-0.171886
-3.39204,-5.34777,0.6454,-0.170712
-3.37707,-5.35099,0.658272,-0.169538
-3.36211,-5.35422,0.671144,-0.168363
-3.34715,-5.35744,0.684016,-0.167189
-3.33218,-5.36067,0.696888,-0.166015
-3.31722,-5.36389,0.70976,-0.164841
-3.30226,-5.36712,0.722632,-0.163666
-3.28729,-5.37034,0.735503,-0.162492
-3.27233,-5.37357,0.748375,-0.161318
-3.25736,-5.37679,0.761247,-0.160144
-3.2424,-5.38002,0.774119,-0.158969
-3.22744,-5.38325,0.786991,-0.157795
-3.21247,-5.38647,0.799863,-0.156621
-3.19751,-5.3897,0.812735,-0.155446
-3.18255,-5.39292,0.825606,-0.154272
-3.16758,-5.39615,0.838478,-0.153098
-3.15262,-5.39937,0.85135,-0.151924
-3.13765,-5.4026,0.864222,-0.150749
-3.12269,-5.40582,0.877094,-0.149575
-3.10773,-5.40905,0.889966,-0.148401
-3.09276,-5.41227,0.902837,-0.147227
-3.0778,-5.4155,0.915709,-0.146052
-3.06284,-5.41872,0.928581,-0.144878
-3.04787,-5.42195,0.941453,-0.143704
-3.03291,-5.42518,0.954325,-0.142529
-3.01795,-5.4284,0.967197,-0.141355
-3.00298,-5.43163,0.980069,-0.140181
-2.98802,-5.43485,0.99294,-0.139007
-2.97305,-5.43808,1.00581,-0.137832
-2.95809,-5.4413,1.01868,-0.136658
-2.94313,-5.44453,1.03156,-0.135484
-2.92816,-5.44775,1.04443,-0.13431
-2.9132,-5.45098,1.0573,-0.133135
-2.89824,-5.4542,1.07017,-0.131961
-2.88327,-5.45743,1.08304,-0.130787
-2.86831,-5.46066,1.09592,-0.129612
-2.85334,-5.46388,1.10879,-0.128438
-2.83838,-5.46711,1.12166,-0.127264
-2.82342,-5.47033,1.13453,-0.12609
-2.80845,-5.47356,1.1474,-0.124915
-2.79349,-5.47678,1.16027,-0.123741
-2.77853,-5.48001,1.17315,-0.122567
-2.76356,-5.48323,1.18602,-0.121393
-2.7486,-5.48646,1.19889,-0.120218
-2.73363,-5.48968,1.21176,-0.119044
-2.71867,-5.49291,1.22463,-0.11787
-2.70371,-5.49614,1.23751,-0.116695
-2.68874,-5.49936,1.25038,-0.115521
-2.67378,-5.50259,1.26325,-0.114347
-2.65882,-5.50581,1.27612,-0.113173
-2.64385,-5.50904,1.28899,-0.111998
-2.62889,-5.51226,1.30186,-0.110824
-2.61393,-5.51549,1.31474,-0.10965
-2.59896,-5.51871,1.32761,-0.108475
-2.584,-5.52194,1.34048,-0.107301
-2.56903,-5.52516,1.35335,-0.106127
-2.55407,-5.52839,1.36622,-0.104953
-2.53911,-5.53161,1.3791,-0.103778
-2.52414,-5.53484,1.39197,-0.102604
-2.50918,-5.53807,1.40484,-0.10143
-2.49422,-5.54129,1.41771,-0.100256
-2.47925,-5.54452,1.43058,-0.0990813
-2.46429,-5.54774,1.44346,-0.097907
-2.44932,-5.55097,1.45633,-0.0967327
-2.43436,-5.55419,1.4692,-0.0955585
-2.4194,-5.55742,1.48207,-0.0943842
-2.40443,-5.56064,1.49494,-0.0932099
-2.38947,-5.56387,1.50781,-0.0920356
-2.37451,-5.56709,1.52069,-0.0908614
-2.35954,-5.57032,1.53356,-0.0896871
-2.34458,-5.57355,1.54643,-0.0885128
-2.32962,-5.57677,1.5593,-0.0873386
-2.31465,-5.58,1.57217,-0.0861643
-2.29969,-5.58322,1.58505,-0.08499
-2.28472,-5.58645,1.59792,-0.0838157
-2.26976,-5.58967,1.61079,-0.0826415
-2.2548,-5.5929,1.62366,-0.0814672
-2.23983,-5.59612,1.63653,-0.0802929
-2.22487,-5.59935,1.6494,-0.0791186
-2.20991,-5.60257,1.66228,-0.0779444
-2.19494,-5.6058,1.67515,-0.0767701
-2.17998,-5.60902,1.68802,-0.0755958
-2.16501,-5.61225,1.70089,-0.0744215
-2.15005,-5.61548,1.71376,-0.0732473
-2.13509,-5.6187,1.72664,-0.072073
-2.12012,-5.62193,1.73951,-0.0708987
-2.10516,-5.62515,1.75238,-0.0697244
-2.0902,-5.62838,1.76525,-0.0685502
-2.07523,-5.6316,1.77812,-0.0673759
-2.06027,-5.63483,1.791,-0.0662016
-2.04531,-5.63805,1.80387,-0.0650273
-2.03034,-5.64128,1.81674,-0.0638531
-2.01538,-5.6445,1.82961,-0.0626788
-2.00041,-5.64773,1.84248,-0.0615045
-1.98545,-5.65096,1.85535,-0.0603302
-1.97049,-5.65418,1.86823,-0.059156
-1.95552,-5.65741,1.8811,-0.0579817
-1.94056,-5.66063,1.89397,-0.0568074
-1.9256,-5.66386,1.90684,-0.0556331
-1.91063,-5.66708,1.91971,-0.0544589
-1.89567,-5.67031,1.93259,-0.0532846
-1.8807,-5.67353,1.94546,-0.0521103
-1.86574,-5.67676,1.95833,-0.050936
-1.85078,-5.67998,1.9712,-0.0497618
-1.83581,-5.68321,1.98407,-0.0485875
-1.82085,-5.68643,1.99694,-0.0474132
-1.80589,-5.68966,2.00982,-0.0462389
-1.79092,-5.69289,2.02269,-0.0450647
-1.77596,-5.69611,2.03556,-0.0438904
-1.76099,-5.69934,2.04843,-0.0427161
-1.74603,-5.70256,2.0613,-0.0415418
-1.73107,-5.70579,2.07418,-0.0403676
-1.7161,-5.70901,2.08705,-0.0391933
-1.70114,-5.71224,2.09992,-0.038019
-1.68618,-5.71546,2.11279,-0.0368447
-1.67121,-5.71869,2.12566,-0.0356705
-1.65625,-5.72191,2.13854,-0.0344962
-1.64129,-5.72514,2.15141,-0.0333219
-1.62632,-5.72837,2.16428,-0.0321476
-1.61136,-5.73159,2.17715,-0.0309734
-1.59639,-5.73482,2.19002,-0.0297991
-1.58143,-5.73804,2.20289,-0.0286248
-1.56647,-5.74127,2.21577,-0.0274506
-1.5515,-5.74449,2.22864,-0.0262763
-1.53654,-5.74772,2.24151,-0.025102
-1.52158,-5.75094,2.25438,-0.0239277
-1.50661,-5.75417,2.26725,-0.0227535
-1.49165,-5.75739,2.28013,-0.0215792
-1.47668,-5.76062,2.293,-0.0204049
-1.46172,-5.76385,2.30587,-0.0192306
-1.44676,-5.76707,2.31874,-0.0180564
-1.43179,-5.7703,2.33161,-0.0168821
-1.41683,-5.77352,2.34448,-0.0157078
-1.40187,-5.77675,2.35736,-0.0145335
-1.3869,-5.77997,2.37023,-0.0133593
-1.37194,-5.7832,2.3831,-0.012185
-1.35698,-5.78642,2.39597,-0.0110107
-1.34201,-5.78965,2.40884,-0.00983643
-1.32705,-5.79287,2.42172,-0.00866216
-1.31208,-5.7961,2.43459,-0.00748788
-1.29712,-5.79932,2.44746,-0.00631361
-1.28216,-5.80255,2.46033,-0.00513933
-1.26719,-5.80578,2.4732,-0.00396506
-1.25223,-5.809,2.48608,-0.00279078
-1.23727,-5.81223,2.49895,-0.00161651
-1.2223,-5.81545,2.51182,-0.000442236
-1.2078,-5.79179,2.47027,-0.0151319
-1.22771,-5.79205,2.46845,-0.0150642
-1.24763,-5.79231,2.46662,-0.0149966
-1.26754,-5.79257,2.4648,-0.014929
-1.28746,-5.79283,2.46298,-0.0148613
-1.30737,-5.79309,2.46115,-0.0147937
-1.32729,-5.79335,2.45933,-0.014726
-1.3472,-5.79361,2.45751,-0.0146584
-1.36712,-5.79387,2.45569,-0.0145907
-1.38703,-5.79413,2.45386,-0.0145231
-1.40695,-5.79439,2.45204,-0.0144554
-1.42686,-5.79465,2.45022,-0.0143878
-1.44678,-5.79491,2.44839,-0.0143201
-1.46669,-5.79518,2.44657,-0.0142525
-1.48661,-5.79544,2.44475,-0.0141848
-1.50652,-5.7957,2.44292,-0.0141172
-1.52644,-5.79596,2.4411,-0.0140495
-1.54635,-5.79622,2.43928,-0.0139819
-1.56627,-5.79648,2.43746,-0.0139142
-1.58618,-5.79674,2.43563,-0.0138466
-1.6061,-5.797,2.43381,-0.0137789
-1.62601,-5.79726,2.43199,-0.0137113
-1.64593,-5.79752,2.43016,-0.0136436
-1.66584,-5.79778,2.42834,-0.013576
-1.68576,-5.79804,2.42652,-0.0135083
-1.70567,-5.7983,2.42469,-0.0134407
-1.72559,-5.79856,2.42287,-0.013373
-1.7455,-5.79882,2.42105,-0.0133054
-1.76542,-5.79908,2.41923,-0.0132377
-1.78533,-5.79934,2.4174,-0.0131701
-1.80525,-5.7996,2.41558,-0.0131025
-1.82516,-5.79986,2.41376,-0.0130348
-1.84508,-5.80012,2.41193,-0.0129672
-1.865,-5.80038,2.41011,-0.0128995
-1.88491,-5.80064,2.40829,-0.0128319
-1.90483,-5.8009,2.40647,-0.0127642
-1.92474,-5.80116,2.40464,-0.0126966
-1.94466,-5.80142,2.40282,-0.0126289
-1.96457,-5.80168,2.401,-0.0125613
-1.98449,-5.80194,2.39917,-0.0124936
-2.0044,-5.8022,2.39735,-0.012426
-2.02432,-5.80246,2.39553,-0.0123583
-2.04423,-5.80272,2.3937,-0.0122907
-2.06415,-5.80298,2.39188,-0.012223
-2.08406,-5.80324,2.39006,-0.0121554
-2.10398,-5.8035,2.38824,-0.0120877
-2.12389,-5.80376,2.38641,-0.0120201
-2.14381,-5.80402,2.38459,-0.0119524
-2.16372,-5.80428,2.38277,-0.0118848
-2.18364,-5.80454,2.38094,-0.0118171
-2.20355,-5.8048,2.37912,-0.0117495
-2.22347,-5.80506,2.3773,-0.0116818
-2.24338,-5.80532,2.37548,-0.0116142
-2.2633,-5.80558,2.37365,-0.0115465
-2.28321,-5.80584,2.37183,-0.0114789
-2.30313,-5.8061,2.37001,-0.0114112
-2.32304,-5.80636,2.36818,-0.0113436
-2.34296,-5.80662,2.36636,-0.011276
-2.36287,-5.80689,2.36454,-0.0112083
-2.38279,-5.80715,2.36271,-0.0111407
-2.4027,-5.80741,2.36089,-0.011073
-2.42262,-5.80767,2.35907,-0.0110054
-2.44253,-5.80793,2.35725,-0.0109377
-2.46245,-5.80819,2.35542,-0.0108701
-2.48236,-5.80845,2.3536,-0.0108024
-2.50228,-5.80871,2.35178,-0.0107348
-2.52219,-5.80897,2.34995,-0.0106671
-2.54211,-5.80923,2.34813,-0.0105995
-2.56202,-5.80949,2.34631,-0.0105318
-2.58194,-5.80975,2.34448,-0.0104642
-2.60185,-5.81001,2.34266,-0.0103965
-2.62177,-5.81027,2.34084,-0.0103289
-2.64168,-5.81053,2.33902,-0.0102612
-2.6616,-5.81079,2.33719,-0.0101936
-2.68151,-5.81105,2.33537,-0.0101259
-2.70143,-5.81131,2.33355,-0.0100583
-2.72134,-5.81157,2.33172,-0.009990
-
-2.74126,-5.81183,2.3299,-0.00992299
-2.76117,-5.81209,2.32808,-0.00985534
-2.78109,-5.81235,2.32626,-0.00978769
-2.801,-5.81261,2.32443,-0.00972004
-2.82092,-5.81287,2.32261,-0.0096524
-2.84083,-5.81313,2.32079,-0.00958475
-2.86075,-5.81339,2.31896,-0.0095171
-2.88066,-5.81365,2.31714,-0.00944945
-2.90058,-5.81391,2.31532,-0.0093818
-2.92049,-5.81417,2.31349,-0.00931415
-2.94041,-5.81443,2.31167,-0.00924651
-2.96032,-5.81469,2.30985,-0.00917886
-2.98024,-5.81495,2.30803,-0.00911121
-3.00015,-5.81521,2.3062,-0.00904356
-3.02007,-5.81547,2.30438,-0.00897591
-3.03998,-5.81573,2.30256,-0.00890827
-3.0599,-5.81599,2.30073,-0.00884062
-3.07981,-5.81625,2.29891,-0.00877297
-3.09973,-5.81651,2.29709,-0.00870532
-3.11964,-5.81677,2.29526,-0.00863767
-3.13956,-5.81703,2.29344,-0.00857002
-3.15947,-5.81729,2.29162,-0.00850238
-3.17939,-5.81755,2.2898,-0.00843473
-3.1993,-5.81781,2.28797,-0.00836708
-3.21922,-5.81807,2.28615,-0.00829943
-3.23913,-5.81833,2.28433,-0.00823178
-3.25905,-5.8186,2.2825,-0.00816414
-3.27896,-5.81886,2.28068,-0.00809649
-3.29888,-5.81912,2.27886,-0.00802884
-3.31879,-5.81938,2.27704,-0.00796119
-3.33871,-5.81964,2.27521,-0.00789354
-3.35862,-5.8199,2.27339,-0.00782589
-3.37854,-5.82016,2.27157,-0.00775825
-3.39845,-5.82042,2.26974,-0.0076906
-3.41837,-5.82068,2.26792,-0.00762295
-3.43828,-5.82094,2.2661,-0.0075553
-3.4582,-5.8212,2.26427,-0.00748765
-3.47811,-5.82146,2.26245,-0.00742
-3.49803,-5.82172,2.26063,-0.00735236
-3.51794,-5.82198,2.25881,-0.00728471
-3.53786,-5.82224,2.25698,-0.00721706
-3.55777,-5.8225,2.25516,-0.00714941
-3.57769,-5.82276,2.25334,-0.00708176
-3.5976,-5.82302,2.25151,-0.00701412
-3.61752,-5.82328,2.24969,-0.00694647
-3.63743,-5.82354,2.24787,-0.00687882
-3.65735,-5.8238,2.24604,-0.00681117
-3.67726,-5.82406,2.24422,-0.00674352
-3.69718,-5.82432,2.2424,-0.00667587
-3.71709,-5.82458,2.24058,-0.00660823
-3.73701,-5.82484,2.23875,-0.00654058
-3.75692,-5.8251,2.23693,-0.00647293
-3.77684,-5.82536,2.23511,-0.00640528
-3.79675,-5.82562,2.23328,-0.00633763
-3.81667,-5.82588,2.23146,-0.00626999
-3.83658,-5.82614,2.22964,-0.00620234
-3.8565,-5.8264,2.22782,-0.00613469
-3.87641,-5.82666,2.22599,-0.00606704
-3.89633,-5.82692,2.22417,-0.00599939
-3.91624,-5.82718,2.22235,-0.00593174
-3.93616,-5.82744,2.22052,-0.0058641
-3.95607,-5.8277,2.2187,-0.00579645
-3.97599,-5.82796,2.21688,-0.0057288
-3.99591,-5.82822,2.21505,-0.00566115
-4.01582,-5.82848,2.21323,-0.0055935
-4.03574,-5.82874,2.21141,-0.00552586
-4.05565,-5.829,2.20959,-0.00545821
-4.07557,-5.82926,2.20776,-0.00539056
-4.09548,-5.82952,2.20594,-0.00532291
-4.1154,-5.82978,2.20412,-0.00525526
-4.13531,-5.83004,2.20229,-0.00518761
-4.15523,-5.8303,2.20047,-0.00511997
-4.17514,-5.83057,2.19865,-0.00505232
-4.19506,-5.83083,2.19683,-0.00498467
-4.21497,-5.83109,2.195,-0.00491702
-4.23489,-5.83135,2.19318,-0.00484937
-4.2548,-5.83161,2.19136,-0.00478173
-4.27472,-5.83187,2.18953,-0.00471408
-4.29463,-5.83213,2.18771,-0.00464643
-4.31455,-5.83239,2.18589,-0.00457878
-4.33446,-5.83265,2.18406,-0.00451113
-4.35438,-5.83291,2.18224,-0.00444348
-4.37429,-5.83317,2.18042,-0.00437584
-4.39421,-5.83343,2.1786,-0.00430819
-4.41412,-5.83369,2.17677,-0.00424054
-4.43404,-5.83395,2.17495,-0.00417289
-4.45395,-5.83421,2.17313,-0.00410524
-4.47387,-5.83447,2.1713,-0.0040376
-4.49378,-5.83473,2.16948,-0.00396995
-4.5137,-5.83499,2.16766,-0.0039023
-4.53361,-5.83525,2.16583,-0.00383465
-4.55353,-5.83551,2.16401,-0.003767
-4.57344,-5.83577,2.16219,-0.00369935
-4.59336,-5.83603,2.16037,-0.00363171
-4.61327,-5.83629,2.15854,-0.00356406
-4.63319,-5.83655,2.15672,-0.00349641
-4.6531,-5.83681,2.1549,-0.00342876
-4.67302,-5.83707,2.15307,-0.00336111
-4.69293,-5.83733,2.15125,-0.00329347
-4.71285,-5.83759,2.14943,-0.00322582
-4.73276,-5.83785,2.14761,-0.00315817
-4.75268,-5.83811,2.14578,-0.00309052
-4.77259,-5.83837,2.14396,-0.00302287
-4.79251,-5.83863,2.14214,-0.00295522
-4.81242,-5.83889,2.14031,-0.00288758
-4.83234,-5.83915,2.13849,-0.00281993
-4.85225,-5.83941,2.13667,-0.00275228
-4.87217,-5.83967,2.13484,-0.00268463
-4.89208,-5.83993,2.13302,-0.00261698
-4.912,-5.84019,2.1312,-0.00254934
-4.93191,-5.84045,2.12938,-0.00248169
-4.95183,-5.84071,2.12755,-0.00241404
-4.97174,-5.84097,2.12573,-0.00234639
-4.99166,-5.84123,2.12391,-0.00227874
-5.01157,-5.84149,2.12208,-0.00221109
-5.03149,-5.84175,2.12026,-0.00214345
-5.0514,-5.84201,2.11844,-0.0020758
-5.07132,-5.84228,2.11661,-0.00200815
-5.09123,-5.84254,2.11479,-0.0019405
-5.11115,-5.8428,2.11297,-0.00187285
-5.13106,-5.84306,2.11115,-0.00180521
-5.15098,-5.84332,2.10932,-0.00173756
-5.17089,-5.84358,2.1075,-0.00166991
-5.19081,-5.84384,2.10568,-0.00160226
-5.21072,-5.8441,2.10385,-0.00153461
-5.23064,-5.84436,2.10203,-0.00146696
-5.25055,-5.84462,2.10021,-0.00139932
-5.27047,-5.84488,2.09839,-0.00133167
-5.29038,-5.84514,2.09656,-0.00126402
-5.3103,-5.8454,2.09474,-0.00119637
-5.33021,-5.84566,2.09292,-0.00112872
-5.35013,-5.84592,2.09109,-0.00106108
-5.37004,-5.84618,2.08927,-0.000993428
-5.38996,-5.84644,2.08745,-0.000925779
-5.40987,-5.8467,2.08562,-0.000858131
-5.42979,-5.84696,2.0838,-0.000790483
-5.4497,-5.84722,2.08198,-0.000722835
-5.46962,-5.84748,2.08016,-0.000655187
-5.48953,-5.84774,2.07833,-0.000587538
-5.50945,-5.848,2.07651,-0.00051989
-5.52936,-5.84826,2.07469,-0.000452242
-5.54928,-5.84852,2.07286,-0.000384594
-5.56919,-5.84878,2.07104,-0.000316946
-5.58911,-5.84904,2.06922,-0.000249297
-5.60902,-5.8493,2.0674,-0.000181649
-5.62894,-5.84956,2.06557,-0.000114001
-5.64885,-5.84982,2.06375,-4.63529e-05
-5.37795,-5.84876,2.12997,-0.000833436
-5.37616,-5.82885,2.13043,-0.000828469
-5.37438,-5.80893,2.13089,-0.000823502
-5.3726,-5.78902,2.13135,-0.000818535
-5.37081,-5.7691,2.13181,-0.000813568
-5.36903,-5.74919,2.13227,-0.000808601
-5.36724,-5.72927,2.13273,-0.000803634
-5.36546,-5.70936,2.13319,-0.000798667
-5.36368,-5.68944,2.13365,-0.0007937
-5.36189,-5.66953,2.13411,-0.000788733
-5.36011,-5.64961,2.13457,-0.000783766
-5.35832,-5.6297,2.13503,-0.000778799
-5.35654,-5.60978,2.13549,-0.000773832
-5.35475,-5.58987,2.13595,-0.000768865
-5.35297,-5.56995,2.13641,-0.000763898
-5.35119,-5.55004,2.13687,-0.000758931
-5.3494,-5.53012,2.13733,-0.000753964
-5.34762,-5.51021,2.13779,-0.000748997
-5.34583,-5.49029,2.13825,-0.00074403
-5.34405,-5.47038,2.13871,-0.000739063
-5.34226,-5.45046,2.13917,-0.000734096
-5.34048,-5.43055,2.13963,-0.000729129
-5.3387,-5.41063,2.14009,-0.000724162
-5.33691,-5.39072,2.14055,-0.000719195
-5.33513,-5.3708,2.14101,-0.000714228
-5.33334,-5.35089,2.14147,-0.000709261
-5.33156,-5.33097,2.14193,-0.000704294
-5.32978,-5.31106,2.14239,-0.000699327
-5.32799,-5.29114,2.14285,-0.00069436
-5.32621,-5.27123,2.14331,-0.000689393
-5.32442,-5.25131,2.14377,-0.000684426
-5.32264,-5.2314,2.14423,-0.000679459
-5.32085,-5.21148,2.14469,-0.000674492
-5.31907,-5.19157,2.14515,-0.000669525
-5.31729,-5.17165,2.14561,-0.000664558
-5.3155,-5.15174,2.14607,-0.000659591
-5.31372,-5.13182,2.14653,-0.000654624
-5.31193,-5.11191,2.14699,-0.000649657
-5.31015,-5.09199,2.14745,-0.00064469
-5.30837,-5.07208,2.14791,-0.000639723
-5.30658,-5.05216,2.14837,-0.000634756
-5.3048,-5.03225,2.14882,-0.000629789
-5.30301,-5.01233,2.14928,-0.000624822
-5.30123,-4.99242,2.14974,-0.000619855
-5.29944,-4.9725,2.1502,-0.000614888
-5.29766,-4.95259,2.15066,-0.000609921
-5.29588,-4.93267,2.15112,-0.000604954
-5.29409,-4.91276,2.15158,-0.000599987
-5.29231,-4.89284,2.15204,-0.00059502
-5.29052,-4.87293,2.1525,-0.000590053
-5.28874,-4.85301,2.15296,-0.000585086
-5.28696,-4.8331,2.15342,-0.000580119
-5.28517,-4.81318,2.15388,-0.000575152
-5.28339,-4.79327,2.15434,-0.000570185
-5.2816,-4.77335,2.1548,-0.000565218
-5.27982,-4.75344,2.15526,-0.000560251
-5.27803,-4.73352,2.15572,-0.000555284
-5.27625,-4.71361,2.15618,-0.000550317
-5.27447,-4.69369,2.15664,-0.00054535
-5.27268,-4.67378,2.1571,-0.000540383
-5.2709,-4.65386,2.15756,-0.000535416
-5.26911,-4.63395,2.15802,-0.000530449
-5.26733,-4.61403,2.15848,-0.000525482
-5.26554,-4.59412,2.15894,-0.000520515
-5.26376,-4.5742,2.1594,-0.000515548
-5.26198,-4.55429,2.15986,-0.000510581
-5.26019,-4.53437,2.16032,-0.000505614
-5.25841,-4.51446,2.16078,-0.000500647
-5.25662,-4.49454,2.16124,-0.000495,4.31949,0.404027,-0.00046225
-1.80477,4.3359,0.396188,-0.000448726
-1.81308,4.35232,0.38835,-0.000435201
-1.82139,4.36873,0.380511,-0.000421677
-1.82971,4.38515,0.372673,-0.000408153
-1.83802,4.40156,0.364834,-0.000394628
-1.84633,4.41798,0.356996,-0.000381104
-1.85464,4.43439,0.349157,-0.00036758
-1.86295,4.45081,0.341318,-0.000354056
-1.87127,4.46723,0.33348,-0.000340531
-1.87958,4.48364,0.325641,-0.000327007
-1.88789,4.50006,0.317803,-0.000313483
-1.8962,4.51647,0.309964,-0.000299959
-1.90451,4.53289,0.302126,-0.000286434
-1.91283,4.5493,0.294287,-0.00027291
-1.92114,4.56572,0.286449,-0.000259386
-1.92945,4.58213,0.27861,-0.000245861
-1.93776,4.59855,0.270772,-0.000232337
-1.94607,4.61497,0.262933,-0.000218813
-1.95439,4.63138,0.255095,-0.000205289
-1.9627,4.6478,0.247256,-0.000191764
-1.97101,4.66421,0.239417,-0.00017824
-1.97932,4.68063,0.231579,-0.000164716
-1.98763,4.69704,0.22374,-0.000151192
-1.99595,4.71346,0.215902,-0.000137667
-2.00426,4.72987,0.208063,-0.000124143
-2.01257,4.74629,0.200225,-0.000110619
-2.02088,4.7627,0.192386,-9.70945e-05
-2.02919,4.77912,0.184548,-8.35703e-05
-2.03751,4.79554,0.176709,-7.0046e-05
-2.04582,4.81195,0.168871,-5.65217e-05
-2.05413,4.82837,0.161032,-4.29974e-05
-2.06244,4.84478,0.153193,-2.94732e-05
-2.07075,4.8612,0.145355,-1.59489e-05
-2.07907,4.87761,0.137516,-2.42464e-06
-1.88042,4.74678,0.249759,0.00115497
-1.87379,4.72938,0.257066,0.00114785
-1.86716,4.71198,0.264373,0.00114073
-1.86053,4.69459,0.27168,0.0011336
-1.8539,4.67719,0.278987,0.00112648
-1.84727,4.65979,0.286295,0.00111936
-1.84064,4.6424,0.293602,0.00111224
-1.83401,4.625,0.300909,0.00110512
-1.82738,4.6076,0.308216,0.001098
-1.82075,4.5902,0.315524,0.00109088
-1.81412,4.57281,0.322831,0.00108376
-1.80748,4.55541,0.330138,0.00107664
-1.80085,4.53801,0.337445,0.00106952
-1.79422,4.52062,0.344752,0.0010624
-1.78759,4.50322,0.35206,0.00105528
-1.78096,4.48582,0.359367,0.00104816
-1.77433,4.46843,0.366674,0.00104104
-1.7677,4.45103,0.373981,0.00103392
-1.76107,4.43363,0.381288,0.0010268
-1.75444,4.41624,0.388596,0.00101968
-1.74781,4.39884,0.395903,0.00101255
-1.74118,4.38144,0.40321,0.00100543
-1.73455,4.36405,0.410517,0.000998314
-1.72792,4.34665,0.417825,0.000991193
-1.72129,4.32925,0.425132,0.000984073
-1.71466,4.31186,0.432439,0.000976952
-1.70803,4.29446,0.439746,0.000969832
-1.7014,4.27706,0.447053,0.000962711
-1.69477,4.25967,0.454361,0.00095559
-1.68814,4.24227,0.461668,0.00094847
-1.68151,4.22487,0.468975,0.000941349
-1.67488,4.20748,0.476282,0.000934229
-1.66825,4.19008,0.483589,0.000927108
-1.66162,4.17268,0.490897,0.000919988
-1.65499,4.15529,0.498204,0.000912867
-1.64836,4.13789,0.505511,0.000905746
-1.64173,4.12049,0.512818,0.000898626
-1.6351,4.1031,0.520126,0.000891505
-1.62847,4.0857,0.527433,0.000884385
-1.62184,4.0683,0.53474,0.000877264
-1.61521,4.05091,0.542047,0.000870144
-1.60858,4.03351,0.549354,0.000863023
-1.60195,4.01611,0.556662,0.000855903
-1.59532,3.99872,0.563969,0.000848782
-1.58869,3.98132,0.571276,0.000841661
-1.58206,3.96392,0.578583,0.000834541
-1.57543,3.94653,0.58589,0.00082742
-1.5688,3.92913,0.593198,0.0008203
-1.56217,3.91173,0.600505,0.000813179
-1.55554,3.89434,0.607812,0.000806059
-1.54891,3.87694,0.615119,0.000798938
-1.54228,3.85954,0.622427,0.000791817
-1.53565,3.84215,0.629734,0.000784697
-1.52902,3.82475,0.637041,0.000777576
-1.52239,3.80735,0.644348,0.000770456
-1.51576,3.78996,0.651655,0.000763335
-1.50913,3.77256,0.658963,0.000756215
-1.5025,3.75516,0.66627,0.000749094
-1.49587,3.73777,0.673577,0.000741974
-1.48924,3.72037,0.680884,0.000734853
-1.48261,3.70297,0.688192,0.000727732
-1.47598,3.68558,0.695499,0.000720612
-1.46935,3.66818,0.702806,0.000713491
-1.46272,3.65078,0.710113,0.000706371
-1.45609,3.63339,0.71742,0.00069925
-1.44946,3.61599,0.724728,0.00069213
-1.44283,3.59859,0.732035,0.000685009
-1.4362,3.58119,0.739342,0.000677888
-1.42957,3.5638,0.746649,0.000670768
-1.42294,3.5464,0.753956,0.000663647
-1.41631,3.529,0.761264,0.000656527
-1.40968,3.51161,0.768571,0.000649406
-1.40305,3.49421,0.775878,0.000642286
-1.39642,3.47681,0.783185,0.000635165
-1.38979,3.45942,0.790493,0.000628045
-1.38316,3.44202,0.7978,0.000620924
-1.37653,3.42462,0.805107,0.000613803
-1.3699,3.40723,0.812414,0.000606683
-1.36327,3.38983,0.819721,0.000599562
-1.35664,3.37243,0.827029,0.000592442
-1.35001,3.35504,0.834336,0.000585321
-1.34338,3.33764,0.841643,0.000578201
-1.33675,3.32024,0.84895,0.00057108
-1.33012,3.30285,0.856257,0.000563959
-1.32349,3.28545,0.863565,0.000556839
-1.31686,3.26805,0.870872,0.000549718
-1.31023,3.25066,0.878179,0.000542598
-1.3036,3.23326,0.885486,0.000535477
-1.29697,3.21586,0.892794,0.000528357
-1.29034,3.19847,0.900101,0.000521236
-1.28371,3.18107,0.907408,0.000514116
-1.27707,3.16367,0.914715,0.000506995
-1.27044,3.14628,0.922022,0.000499874
-1.26381,3.12888,0.92933,0.000492754
-1.25718,3.11148,0.936637,0.000485633
-1.25055,3.09409,0.943944,0.000478513
-1.24392,3.07669,0.951251,0.000471392
-1.23729,3.05929,0.958558,0.000464272
-1.23066,3.0419,0.965866,0.000457151
-1.22403,3.0245,0.973173,0.00045003
-1.2174,3.0071,0.98048,0.00044291
-1.21077,2.98971,0.987787,0.000435789
-1.20414,2.97231,0.995095,0.000428669
-1.19751,2.95491,1.0024,0.000421548
-1.19088,2.93752,1.00971,0.000414428
-1.18425,2.92012,1.01702,0.000407307
-1.17762,2.90272,1.02432,0.000400187
-1.17099,2.88533,1.03163,0.000393066
-1.16436,2.86793,1.03894,0.000385945
-1.15773,2.85053,1.04625,0.000378825
-1.1511,2.83314,1.05355,0.000371704
-1.14447,2.81574,1.06086,0.000364584
-1.13784,2.79834,1.06817,0.000357463
-1.13121,2.78095,1.07547,0.000350343
-1.12458,2.76355,1.08278,0.000343222
-1.11795,2.74615,1.09009,0.000336101
-1.11132,2.72876,1.0974,0.000328981
-1.10469,2.71136,1.1047,0.00032186
-1.09806,2.69396,1.11201,0.00031474
-1.09143,2.67657,1.11932,0.000307619
-1.0848,2.65917,1.12662,0.000300499
-1.07817,2.64177,1.13393,0.000293378
-1.07154,2.62437,1.14124,0.000286258
-1.06491,2.60698,1.14855,0.000279137
-1.05828,2.58958,1.15585,0.000272016
-1.05165,2.57218,1.16316,0.000264896
-1.04502,2.55479,1.17047,0.000257775
-1.03839,2.53739,1.17777,0.000250655
-1.03176,2.51999,1.18508,0.000243534
-1.02513,2.5026,1.19239,0.000236414
-1.0185,2.4852,1.1997,0.000229293
-1.01187,2.4678,1.207,0.000222172
-1.00524,2.45041,1.21431,0.000215052
-0.99861,2.43301,1.22162,0.000207931
-0.99198,2.41561,1.22893,0.000200811
-0.98535,2.39822,1.23623,0.00019369
-0.978719,2.38082,1.24354,0.00018657
-0.972089,2.36342,1.25085,0.000179449
-0.965459,2.34603,1.25815,0.000172329
-0.958829,2.32863,1.26546,0.000165208
-0.952199,2.31123,1.27277,0.000158087
-0.945569,2.29384,1.28008,0.000150967
-0.938939,2.27644,1.28738,0.000143846
-0.932309,2.25904,1.29469,0.000136726
-0.925678,2.24165,1.302,0.000129605
-0.919048,2.22425,1.3093,0.000122485
-0.912418,2.20685,1.31661,0.000115364
-0.905788,2.18946,1.32392,0.000108243
-0.899158,2.17206,1.33123,0.000101123
-0.892528,2.15466,1.33853,9.40023e-05
-0.885898,2.13727,1.34584,8.68818e-05
-0.879268,2.11987,1.35315,7.97612e-05
-0.872637,2.10247,1.36046,7.26406e-05
-0.866007,2.08508,1.36776,6.55201e-05
-0.859377,2.06768,1.37507,5.83995e-05
-0.852747,2.05028,1.38238,5.12789e-05
-0.846117,2.03289,1.38968,4.41584e-05
-0.839487,2.01549,1.39699,3.70378e-05
-0.832857,1.99809,1.4043,2.99173e-05
-0.826227,1.9807,1.41161,2.27967e-05
-0.819596,1.9633,1.41891,1.56761e-05
-0.812966,1.9459,1.42622,8.55557e-06
-0.806336,1.92851,1.43353,1.435e-06
-0.725432,2.06669,1.43355,-0.00136248
-0.733446,2.08333,1.42588,-0.00135442
-0.74146,2.09997,1.4182,-0.00134637
-0.749474,2.11661,1.41053,-0.00133831
-0.757488,2.13325,1.40286,-0.00133025
-0.765502,2.14989,1.39518,-0.00132219
-0.773516,2.16654,1.38751,-0.00131414
-0.781529,2.18318,1.37984,-0.00130608
-0.789543,2.19982,1.37217,-0.00129802
-0.797557,2.21646,1.36449,-0.00128997
-0.805571,2.2331,1.35682,-0.00128191
-0.813585,2.24974,1.34915,-0.00127385
-0.821599,2.26638,1.34148,-0.00126579
-0.829613,2.28302,1.3338,-0.00125774
-0.837627,2.29966,1.32613,-0.00124968
-0.84564,2.3163,1.31846,-0.00124162
-0.853654,2.33294,1.31078,-0.00123356
-0.861668,2.34958,1.30311,-0.00122551
-0.869682,2.36622,1.29544,-0.00121745
-0.877696,2.38286,1.28777,-0.00120939
-0.88571,2.3995,1.28009,-0.00120133
-0.893724,2.41614,1.27242,-0.00119328
-0.901738,2.43278,1.26475,-0.00118522
-0.909751,2.44942,1.25708,-0.00117716
-0.917765,2.46606,1.2494,-0.0011691
-0.925779,2.4827,1.24173,-0.00116105
-0.933793,2.49935,1.23406,-0.00115299
-0.941807,2.51599,1.22638,-0.00114493
-0.949821,2.53263,1.21871,-0.00113687
-0.957835,2.54927,1.21104,-0.00112882
-0.965849,2.56591,1.20337,-0.00112076
-0.973862,2.58255,1.19569,-0.0011127
-0.981876,2.59919,1.18802,-0.00110465
-0.98989,2.61583,1.18035,-0.00109659
-0.997904,2.63247,1.17268,-0.00108853
-1.00592,2.64911,1.165,-0.00108047
-1.01393,2.66575,1.15733,-0.00107242
-1.02195,2.68239,1.14966,-0.00106436
-1.02996,2.69903,1.14198,-0.0010563
-1.03797,2.71567,1.13431,-0.00104824
-1.04599,2.73231,1.12664,-0.00104019
-1.054,2.74895,1.11897,-0.00103213
-1.06202,2.76559,1.11129,-0.00102407
-1.07003,2.78223,1.10362,-0.00101601
-1.07804,2.79887,1.09595,-0.00100796
-1.08606,2.81552,1.08828,-0.000999899
-1.09407,2.83216,1.0806,-0.000991842
-1.10208,2.8488,1.07293,-0.000983784
-1.1101,2.86544,1.06526,-0.000975727
-1.11811,2.88208,1.05758,-0.000967669
-1.12613,2.89872,1.04991,-0.000959612
-1.13414,2.91536,1.04224,-0.000951555
-1.14215,2.932,1.03457,-0.000943497
-1.15017,2.94864,1.02689,-0.00093544
-1.15818,2.96528,1.01922,-0.000927383
-1.1662,2.98192,1.01155,-0.000919325
-1.17421,2.99856,1.00388,-0.000911268
-1.18222,3.0152,0.996203,-0.00090321
-1.19024,3.03184,0.98853,-0.000895153
-1.19825,3.04848,0.980857,-0.000887096
-1.20626,3.06512,0.973184,-0.000879038
-1.21428,3.08176,0.965512,-0.000870981
-1.22229,3.0984,0.957839,-0.000862923
-1.23031,3.11504,0.950166,-0.000854866
-1.23832,3.13169,0.942493,-0.000846809
-1.24633,3.14833,0.934821,-0.000838751
-1.25435,3.16497,0.927148,-0.000830694
-1.26236,3.18161,0.919475,-0.000822636
-1.27038,3.19825,0.911803,-0.000814579
-1.27839,3.21489,0.90413,-0.000806522
-1.2864,3.23153,0.896457,-0.000798464
-1.29442,3.24817,0.888784,-0.000790407
-1.30243,3.26481,0.881112,-0.000782349
-1.31045,3.28145,0.873439,-0.000774292
-1.31846,3.29809,0.865766,-0.000766235
-1.32647,3.31473,0.858093,-0.000758177
-1.33449,3.33137,0.850421,-0.00075012
-1.3425,3.34801,0.842748,-0.000742063
-1.35051,3.36465,0.835075,-0.000734005
-1.35853,3.38129,0.827402,-0.000725948
-1.36654,3.39793,0.81973,-0.00071789
-1.37456,3.41457,0.812057,-0.000709833
-1.38257,3.43121,0.804384,-0.000701776
-1.39058,3.44786,0.796712,-0.000693718
-1.3986,3.4645,0.789039,-0.000685661
-1.40661,3.48114,0.781366,-0.000677603
-1.41463,3.49778,0.773693,-0.000669546
-1.42264,3.51442,0.766021,-0.000661489
-1.43065,3.53106,0.758348,-0.000653431
-1.43867,3.5477,0.750675,-0.000645374
-1.44668,3.56434,0.743002,-0.000637316
-1.45469,3.58098,0.73533,-0.000629259
-1.46271,3.59762,0.727657,-0.000621202
-1.47072,3.61426,0.719984,-0.000613144
-1.47874,3.6309,0.712311,-0.000605087
-1.48675,3.64754,0.704639,-0.00059703
-1.49476,3.66418,0.696966,-0.000588972
-1.50278,3.68082,0.689293,-0.000580915
-1.51079,3.69746,0.68162,-0.000572857
-1.51881,3.7141,0.673948,-0.0005648
-1.52682,3.73074,0.666275,-0.000556743
-1.53483,3.74738,0.658602,-0.000548685
-1.54285,3.76403,0.65093,-0.000540628
-1.55086,3.78067,0.643257,-0.00053257
-1.55888,3.79731,0.635584,-0.000524513
-1.56689,3.81395,0.627911,-0.000516456
-1.5749,3.83059,0.620239,-0.000508398
-1.58292,3.84723,0.612566,-0.000500341
-1.59093,3.86387,0.604893,-0.000492283
-1.59894,3.88051,0.59722,-0.000484226
-1.60696,3.89715,0.589548,-0.000476169
-1.61497,3.91379,0.581875,-0.000468111
-1.62299,3.93043,0.574202,-0.000460054
-1.631,3.94707,0.566529,-0.000451996
-1.63901,3.96371,0.558857,-0.000443939
-1.64703,3.98035,0.551184,-0.000435882
-1.65504,3.99699,0.543511,-0.000427824
-1.66306,4.01363,0.535839,-0.000419767
-1.67107,4.03027,0.528166,-0.00041171
-1.67908,4.04691,0.520493,-0.000403652
-1.6871,4.06355,0.51282,-0.000395595
-1.69511,4.08019,0.505148,-0.000387537
-1.70313,4.09684,0.497475,-0.00037948
-1.71114,4.11348,0.489802,-0.000371423
-1.71915,4.13012,0.482129,-0.000363365
-1.72717,4.14676,0.474457,-0.000355308
-1.73518,4.1634,0.466784,-0.00034725
-1.74319,4.18004,0.459111,-0.000339193
-1.75121,4.19668,0.451438,-0.000331136
-1.75922,4.21332,0.443766,-0.000323078
-1.76724,4.22996,0.436093,-0.000315021
-1.77525,4.2466,0.42842,-0.000306963
-1.78326,4.26324,0.420748,-0.000298906
-1.79128,4.27988,0.413075,-0.000290849
-1.79929,4.29652,0.405402,-0.000282791
-1.80731,4.31316,0.397729,-0.000274734
-1.81532,4.3298,0.390057,-0.000266676
-1.82333,4.34644,0.382384,-0.000258619
-1.83135,4.36308,0.374711,-0.000250562
-1.83936,4.37972,0.367038,-0.000242504
-1.84737,4.39636,0.359366,-0.000234447
-1.85539,4.41301,0.351693,-0.00022639
-1.8634,4.42965,0.34402,-0.000218332
-1.87142,4.44629,0.336347,-0.000210275
-1.87943,4.46293,0.328675,-0.000202217
-1.88744,4.47957,0.321002,-0.00019416
-1.89546,4.49621,0.313329,-0.000186103
-1.90347,4.51285,0.305656,-0.000178045
-1.91149,4.52949,0.297984,-0.000169988
-1.9195,4.54613,0.290311,-0.00016193
-1.92751,4.56277,0.282638,-0.000153873
-1.93553,4.57941,0.274966,-0.000145816
-1.94354,4.59605,0.267293,-0.000137758
-1.95156,4.61269,0.25962,-0.000129701
-1.95957,4.62933,0.251947,-0.000121643
-1.96758,4.64597,0.244275,-0.000113586
-1.9756,4.66261,0.236602,-0.000105529
-1.98361,4.67925,0.228929,-9.74713e-05
-1.99162,4.69589,0.221256,-8.94139e-05
-1.99964,4.71253,0.213584,-8.13565e-05
-2.00765,4.72918,0.205911,-7.32991e-05
-2.01567,4.74582,0.198238,-6.52417e-05
-2.02368,4.76246,0.190565,-5.71843e-05
-2.03169,4.7791,0.182893,-4.91269e-05
-2.03971,4.79574,0.17522,-4.10695e-05
-2.04772,4.81238,0.167547,-3.30121e-05
-2.05574,4.82902,0.159875,-2.49548e-05
-2.06375,4.84566,0.152202,-1.68974e-05
-2.07176,4.8623,0.144529,-8.83997e-06
-2.07978,4.87894,0.136856,-7.82579e-07
-1.88367,4.74662,0.247758,0.00123076
-1.88774,4.72845,0.255042,0.001224
-1.89181,4.71027,0.262327,0.00121725
-1.89588,4.69209,0.269612,0.00121049
-1.89995,4.67392,0.276897,0.00120374
-1.90402,4.65574,0.284181,0.00119698
-1.90809,4.63757,0.291466,0.00119023
-1.91215,4.61939,0.298751,0.00118347
-1.91622,4.60121,0.306035,0.00117672
-1.92029,4.58304,0.31332,0.00116996
-1.92436,4.56486,0.320605,0.00116321
-1.92843,4.54668,0.32789,0.00115645
-1.9325,4.52851,0.335174,0.00114969
-1.93657,4.51033,0.342459,0.00114294
-1.94064,4.49216,0.349744,0.00113618
-1.94471,4.47398,0.357029,0.00112943
-1.94877,4.4558,0.364313,0.00112267
-1.95284,4.43763,0.371598,0.00111592
-1.95691,4.41945,0.378883,0.00110916
-1.96098,4.40127,0.386168,0.00110241
-1.96505,4.3831,0.393452,0.00109565
-1.96912,4.36492,0.400737,0.0010889
-1.97319,4.34675,0.408022,0.00108214
-1.97726,4.32857,0.415307,0.00107539
-1.98133,4.31039,0.422591,0.00106863
-1.98539,4.29222,0.429876,0.00106188
-1.98946,4.27404,0.437161,0.00105512
-1.99353,4.25586,0.444446,0.00104837
-1.9976,4.23769,0.45173,0.00104161
-2.00167,4.21951,0.459015,0.00103486
-2.00574,4.20133,0.4663,0.0010281
-2.00981,4.18316,0.473585,0.00102135
-2.01388,4.16498,0.480869,0.00101459
-2.01795,4.14681,0.488154,0.00100784
-2.02201,4.12863,0.495439,0.00100108
-2.02608,4.11045,0.502724,0.000994326
-2.03015,4.09228,0.510008,0.000987571
-2.03422,4.0741,0.517293,0.000980816
-2.03829,4.05592,0.524578,0.00097406
-2.04236,4.03775,0.531862,0.000967305
-2.04643,4.01957,0.539147,0.00096055
-2.0505,4.0014,0.546432,0.000953795
-2.05456,3.98322,0.553717,0.00094704
-2.05863,3.96504,0.561001,0.000940285
-2.0627,3.94687,0.568286,0.000933529
-2.06677,3.92869,0.575571,0.000926774
-2.07084,3.91051,0.582856,0.000920019
-2.07491,3.89234,0.59014,0.000913264
-2.07898,3.87416,0.597425,0.000906509
-2.08305,3.85599,0.60471,0.000899754
-2.08712,3.83781,0.611995,0.000892998
-2.09118,3.81963,0.619279,0.000886243
-2.09525,3.80146,0.626564,0.000879488
-2.09932,3.78328,0.633849,0.000872733
-2.10339,3.7651,0.641134,0.000865978
-2.10746,3.74693,0.648418,0.000859222
-2.11153,3.72875,0.655703,0.000852467
-2.1156,3.71058,0.662988,0.000845712
-2.11967,3.6924,0.670273,0.000838957
-2.12374,3.67422,0.677557,0.000832202
-2.1278,3.65605,0.684842,0.000825447
-2.13187,3.63787,0.692127,0.000818691
-2.13594,3.61969,0.699412,0.000811936
-2.14001,3.60152,0.706696,0.000805181
-2.14408,3.58334,0.713981,0.000798426
-2.14815,3.56517,0.721266,0.000791671
-2.15222,3.54699,0.728551,0.000784916
-2.15629,3.52881,0.735835,0.00077816
-2.16036,3.51064,0.74312,0.000771405
-2.16442,3.49246,0.750405,0.00076465
-2.16849,3.47428,0.757689,0.000757895
-2.17256,3.45611,0.764974,0.00075114
-2.17663,3.43793,0.772259,0.000744385
-2.1807,3.41976,0.779544,0.000737629
-2.18477,3.40158,0.786828,0.000730874
-2.18884,3.3834,0.794113,0.000724119
-2.19291,3.36523,0.801398,0.000717364
-2.19698,3.34705,0.808683,0.000710609
-2.20104,3.32887,0.815967,0.000703854
-2.20511,3.3107,0.823252,0.000697098
-2.20918,3.29252,0.830537,0.000690343
-2.21325,3.27435,0.837822,0.000683588
-2.21732,3.25617,0.845106,0.000676833
-2.22139,3.23799,0.852391,0.000670078
-2.22546,3.21982,0.859676,0.000663323
-2.22953,3.20164,0.866961,0.000656567
-2.2336,3.18346,0.874245,0.000649812
-2.23766,3.16529,0.88153,0.000643057
-2.24173,3.14711,0.888815,0.000636302
-2.2458,3.12893,0.8961,0.000629547
-2.24987,3.11076,0.903384,0.000622792
-2.25394,3.09258,0.910669,0.000616036
-2.25801,3.07441,0.917954,0.000609281
-2.26208,3.05623,0.925239,0.000602526
-2.26615,3.03805,0.932523,0.000595771
-2.27022,3.01988,0.939808,0.000589016
-2.27428,3.0017,0.947093,0.000582261
-2.27835,2.98352,0.954378,0.000575505
-2.28242,2.96535,0.961662,0.00056875
-2.28649,2.94717,0.968947,0.000561995
-2.29056,2.929,0.976232,0.00055524
-2.29463,2.91082,0.983516,0.000548485
-2.2987,2.89264,0.990801,0.00054173
-2.30277,2.87447,0.998086,0.000534974
-2.30684,2.85629,1.00537,0.000528219
-2.3109,2.83811,1.01266,0.000521464
-2.31497,2.81994,1.01994,0.000514709
-2.31904,2.80176,1.02722,0.000507954
-2.32311,2.78359,1.03451,0.000501199
-2.32718,2.76541,1.04179,0.000494443
-2.33125,2.74723,1.04908,0.000487688
-2.33532,2.72906,1.05636,0.000480933
-2.33939,2.71088,1.06365,0.000474178
-2.34345,2.6927,1.07093,0.000467423
-2.34752,2.67453,1.07822,0.000460668
-2.35159,2.65635,1.0855,0.000453912
-2.35566,2.63818,1.09279,0.000447157
-2.35973,2.62,1.10007,0.000440402
-2.3638,2.60182,1.10736,0.000433647
-2.36787,2.58365,1.11464,0.000426892
-2.37194,2.56547,1.12193,0.000420137
-2.37601,2.54729,1.12921,0.000413381
-2.38007,2.52912,1.1365,0.000406626
-2.38414,2.51094,1.14378,0.000399871
-2.38821,2.49277,1.15107,0.000393116
-2.39228,2.47459,1.15835,0.000386361
-2.39635,2.45641,1.16564,0.000379606
-2.40042,2.43824,1.17292,0.00037285
-2.40449,2.42006,1.1802,0.000366095
-2.40856,2.40188,1.18749,0.00035934
-2.41263,2.38371,1.19477,0.000352585
-2.41669,2.36553,1.20206,0.00034583
-2.42076,2.34736,1.20934,0.000339075
-2.42483,2.32918,1.21663,0.000332319
-2.4289,2.311,1.22391,0.000325564
-2.43297,2.29283,1.2312,0.000318809
-2.43704,2.27465,1.23848,0.000312054
-2.44111,2.25647,1.24577,0.000305299
-2.44518,2.2383,1.25305,0.000298544
-2.44925,2.22012,1.26034,0.000291788
-2.45331,2.20195,1.26762,0.000285033
-2.45738,2.18377,1.27491,0.000278278
-2.46145,2.16559,1.28219,0.000271523
-2.46552,2.14742,1.28948,0.000264768
-2.46959,2.12924,1.29676,0.000258013
-2.47366,2.11106,1.30405,0.000251257
-2.47773,2.09289,1.31133,0.000244502
-2.4818,2.07471,1.31861,0.000237747
-2.48587,2.05653,1.3259,0.000230992
-2.48993,2.03836,1.33318,0.000224237
-2.494,2.02018,1.34047,0.000217482
-2.49807,2.00201,1.34775,0.000210726
-2.50214,1.98383,1.35504,0.000203971
-2.50621,1.96565,1.36232,0.000197216
-2.51028,1.94748,1.36961,0.000190461
-2.51435,1.9293,1.37689,0.000183706
-2.51842,1.91112,1.38418,0.000176951
-2.52249,1.89295,1.39146,0.000170195
-2.52655,1.87477,1.39875,0.00016344
-2.53062,1.8566,1.40603,0.000156685
-2.53469,1.83842,1.41332,0.00014993
-2.53876,1.82024,1.4206,0.000143175
-2.54283,1.80207,1.42789,0.00013642
-2.5469,1.78389,1.43517,0.000129664
-2.55097,1.76571,1.44246,0.000122909
-2.55504,1.74754,1.44974,0.000116154
-2.55911,1.72936,1.45702,0.000109399
-2.56317,1.71119,1.46431,0.000102644
-2.56724,1.69301,1.47159,9.58886e-05
-2.57131,1.67483,1.47888,8.91334e-05
-2.57538,1.65666,1.48616,8.23783e-05
-2.57945,1.63848,1.49345,7.56231e-05
-2.58352,1.6203,1.50073,6.88679e-05
-2.58759,1.60213,1.50802,6.21128e-05
-2.59166,1.58395,1.5153,5.53576e-05
-2.59573,1.56578,1.52259,4.86024e-05
-2.59979,1.5476,1.52987,4.18473e-05
-2.60386,1.52942,1.53716,3.50921e-05
-2.60793,1.51125,1.54444,2.83369e-05
-2.612,1.49307,1.55173,2.15818e-05
-2.61607,1.47489,1.55901,1.48266e-05
-2.62014,1.45672,1.5663,8.07143e-06
-2.62421,1.43854,1.57358,1.31627e-06
-2.45868,1.58049,1.57486,-0.00146846
-2.45659,1.59872,1.56691,-0.00146035
-2.4545,1.61696,1.55896,-0.00145224
-2.45241,1.63519,1.55101,-0.00144412
-2.45033,1.65342,1.54306,-0.00143601
-2.44824,1.67166,1.53511,-0.0014279
-2.44615,1.68989,1.52716,-0.00141978
-2.44406,1.70812,1.51921,-0.00141167
-2.44197,1.72635,1.51126,-0.00140356
-2.43988,1.74459,1.50331,-0.00139544
-2.43779,1.76282,1.49536,-0.00138733
-2.4357,1.78105,1.48742,-0.00137922
-2.43361,1.79929,1.47947,-0.0013711
-2.43152,1.81752,1.47152,-0.00136299
-2.42943,1.83575,1.46357,-0.00135488
-2.42734,1.85399,1.45562,-0.00134676
-2.42526,1.87222,1.44767,-0.00133865
-2.42317,1.89045,1.43972,-0.00133054
-2.42108,1.90869,1.43177,-0.00132242
-2.41899,1.92692,1.42382,-0.00131431
-2.4169,1.94515,1.41587,-0.0013062
-2.41481,1.96339,1.40792,-0.00129808
-2.41272,1.98162,1.39997,-0.00128997
-2.41063,1.99985,1.39203,-0.00128186
-2.40854,2.01808,1.38408,-0.00127374
-2.40645,2.03632,1.37613,-0.00126563
-2.40436,2.05455,1.36818,-0.00125752
-2.40227,2.07278,1.36023,-0.0012494
-2.40019,2.09102,1.35228,-0.00124129
-2.3981,2.10925,1.34433,-0.00123318
-2.39601,2.12748,1.33638,-0.00122506
-2.39392,2.14572,1.32843,-0.00121695
-2.39183,2.16395,1.32048,-0.00120884
-2.38974,2.18218,1.31253,-0.00120072
-2.38765,2.20042,1.30458,-0.00119261
-2.38556,2.21865,1.29664,-0.0011845
-2.38347,2.23688,1.28869,-0.00117638
-2.38138,2.25511,1.28074,-0.00116827
-2.37929,2.27335,1.27279,-0.00116016
-2.3772,2.29158,1.26484,-0.00115204
-2.37512,2.30981,1.25689,-0.00114393
-2.37303,2.32805,1.24894,-0.00113582
-2.37094,2.34628,1.24099,-0.0011277
-2.36885,2.36451,1.23304,-0.00111959
-2.36676,2.38275,1.22509,-0.00111148
-2.36467,2.40098,1.21714,-0.00110336
-2.36258,2.41921,1.20919,-0.00109525
-2.36049,2.43745,1.20125,-0.00108714
-2.3584,2.45568,1.1933,-0.00107902
-2.35631,2.47391,1.18535,-0.00107091
-2.35422,2.49215,1.1774,-0.0010628
-2.35213,2.51038,1.16945,-0.00105468
-2.35004,2.52861,1.1615,-0.00104657
-2.34796,2.54684,1.15355,-0.00103845
-2.34587,2.56508,1.1456,-0.00103034
-2.34378,2.58331,1.13765,-0.00102223
-2.34169,2.60154,1.1297,-0.00101411
-2.3396,2.61978,1.12175,-0.001006
-2.33751,2.63801,1.1138,-0.000997888
-2.33542,2.65624,1.10586,-0.000989775
-2.33333,2.67448,1.09791,-0.000981661
-2.33124,2.69271,1.08996,-0.000973548
-2.32915,2.71094,1.08201,-0.000965435
-2.32706,2.72918,1.07406,-0.000957321
-2.32497,2.74741,1.06611,-0.000949208
-2.32289,2.76564,1.05816,-0.000941095
-2.3208,2.78387,1.05021,-0.000932981
-2.31871,2.80211,1.04226,-0.000924868
-2.31662,2.82034,1.03431,-0.000916754
-2.31453,2.83857,1.02636,-0.000908641
-2.31244,2.85681,1.01841,-0.000900528
-2.31035,2.87504,1.01047,-0.000892414
-2.30826,2.89327,1.00252,-0.000884301
-2.30617,2.91151,0.994567,-0.000876188
-2.30408,2.92974,0.986618,-0.000868074
-2.30199,2.94797,0.978669,-0.000859961
-2.2999,2.96621,0.97072,-0.000851848
-2.29782,2.98444,0.96277,-0.000843734
-2.29573,3.00267,0.954821,-0.000835621
-2.29364,3.02091,0.946872,-0.000827507
-2.29155,3.03914,0.938923,-0.000819394
-2.28946,3.05737,0.930974,-0.000811281
-2.28737,3.0756,0.923024,-0.000803167
-2.28528,3.09384,0.915075,-0.000795054
-2.28319,3.11207,0.907126,-0.000786941
-2.2811,3.1303,0.899177,-0.000778827
-2.27901,3.14854,0.891228,-0.000770714
-2.27692,3.16677,0.883279,-0.000762601
-2.27483,3.185,0.875329,-0.000754487
-2.27275,3.20324,0.86738,-0.000746374
-2.27066,3.22147,0.859431,-0.00073826
-2.26857,3.2397,0.851482,-0.000730147
-2.26648,3.25794,0.843533,-0.000722034
-2.26439,3.27617,0.835584,-0.00071392
-2.2623,3.2944,0.827634,-0.000705807
-2.26021,3.31263,0.819685,-0.000697694
-2.25812,3.33087,0.811736,-0.00068958
-2.25603,3.3491,0.803787,-0.000681467
-2.25394,3.36733,0.795838,-0.000673353
-2.25185,3.38557,0.787889,-0.00066524
-2.24976,3.4038,0.779939,-0.000657127
-2.24768,3.42203,0.77199,-0.000649013
-2.24559,3.44027,0.764041,-0.0006409
-2.2435,3.4585,0.756092,-0.000632787
-2.24141,3.47673,0.748143,-0.000624673
-2.23932,3.49497,0.740194,-0.00061656
-2.23723,3.5132,0.732244,-0.000608447
-2.23514,3.53143,0.724295,-0.000600333
-2.23305,3.54967,0.716346,-0.00059222
-2.23096,3.5679,0.708397,-0.000584106
-2.22887,3.58613,0.700448,-0.000575993
-2.22678,3.60436,0.692498,-0.00056788
-2.22469,3.6226,0.684549,-0.000559766
-2.22261,3.64083,0.6766,-0.000551653
-2.22052,3.65906,0.668651,-0.00054354
-2.21843,3.6773,0.660702,-0.000535426
-2.21634,3.69553,0.652753,-0.000527313
-2.21425,3.71376,0.644803,-0.0005192
-2.21216,3.732,0.636854,-0.000511086
-2.21007,3.75023,0.628905,-0.000502973
-2.20798,3.76846,0.620956,-0.000494859
-2.20589,3.7867,0.613007,-0.000486746
-2.2038,3.80493,0.605058,-0.000478633
-2.20171,3.82316,0.597108,-0.000470519
-2.19962,3.84139,0.589159,-0.000462406
-2.19754,3.85963,0.58121,-0.000454293
-2.19545,3.87786,0.573261,-0.000446179
-2.19336,3.89609,0.565312,-0.000438066
-2.19127,3.91433,0.557363,-0.000429953
-2.18918,3.93256,0.549413,-0.000421839
-2.18709,3.95079,0.541464,-0.000413726
-2.185,3.96903,0.533515,-0.000405612
-2.18291,3.98726,0.525566,-0.000397499
-2.18082,4.00549,0.517617,-0.000389386
-2.17873,4.02373,0.509668,-0.000381272
-2.17664,4.04196,0.501718,-0.000373159
-2.17455,4.06019,0.493769,-0.000365046
-2.17247,4.07843,0.48582,-0.000356932
-2.17038,4.09666,0.477871,-0.000348819
-2.16829,4.11489,0.469922,-0.000340706
-2.1662,4.13312,0.461972,-0.000332592
-2.16411,4.15136,0.454023,-0.000324479
-2.16202,4.16959,0.446074,-0.000316365
-2.15993,4.18782,0.438125,-0.000308252
-2.15784,4.20606,0.430176,-0.000300139
-2.15575,4.22429,0.422227,-0.000292025
-2.15366,4.24252,0.414277,-0.000283912
-2.15157,4.26076,0.406328,-0.000275799
-2.14948,4.27899,0.398379,-0.000267685
-2.14739,4.29722,0.39043,-0.000259572
-2.14531,4.31546,0.382481,-0.000251459
-2.14322,4.33369,0.374532,-0.000243345
-2.14113,4.35192,0.366582,-0.000235232
-2.13904,4.37015,0.358633,-0.000227118
-2.13695,4.38839,0.350684,-0.000219005
-2.13486,4.40662,0.342735,-0.000210892
-2.13277,4.42485,0.334786,-0.000202778
-2.13068,4.44309,0.326837,-0.000194665
-2.12859,4.46132,0.318887,-0.000186552
-2.1265,4.47955,0.310938,-0.000178438
-2.12441,4.49779,0.302989,-0.000170325
-2.12232,4.51602,0.29504,-0.000162211
-2.12024,4.53425,0.287091,-0.000154098
-2.11815,4.55249,0.279142,-0.000145985
-2.11606,4.57072,0.271192,-0.000137871
-2.11397,4.58895,0.263243,-0.000129758
-2.11188,4.60719,0.255294,-0.000121645
-2.10979,4.62542,0.247345,-0.000113531
-2.1077,4.64365,0.239396,-0.000105418
-2.10561,4.66188,0.231446,-9.73046e-05
-2.10352,4.68012,0.223497,-8.91912e-05
-2.10143,4.69835,0.215548,-8.10778e-05
-2.09934,4.71658,0.207599,-7.29645e-05
-2.09725,4.73482,0.19965,-6.48511e-05
-2.09517,4.75305,0.191701,-5.67377e-05
-2.09308,4.77128,0.183751,-4.86244e-05
-2.09099,4.78952,0.175802,-4.0511e-05
-2.0889,4.80775,0.167853,-3.23976e-05
-2.08681,4.82598,0.159904,-2.42843e-05
-2.08472,4.84422,0.151955,-1.61709e-05
-2.08263,4.86245,0.144006,-8.05755e-06
-1.94955,4.86246,0.19693,3.42379e-05
-1.95315,4.8442,0.204269,3.40555e-05
-1.95675,4.82595,0.211608,3.38732e-05
-1.96034,4.8077,0.218948,3.36908e-05
-1.96394,4.78944,0.226287,3.35085e-05
-1.96754,4.77119,0.233626,3.33262e-05
-1.97114,4.75294,0.240965,3.31438e-05
-1.97473,4.73468,0.248304,3.29615e-05
-1.97833,4.71643,0.255644,3.27791e-05
-1.98193,4.69818,0.262983,3.25968e-05
-1.98552,4.67992,0.270322,3.24144e-05
-1.98912,4.66167,0.277661,3.22321e-05
-1.99272,4.64341,0.285,3.20498e-05
-1.99632,4.62516,0.29234,3.18674e-05
-1.99991,4.60691,0.299679,3.16851e-05
-2.00351,4.58865,0.307018,3.15027e-05
-2.00711,4.5704,0.314357,3.13204e-05
-2.01071,4.55215,0.321696,3.11381e-05
-2.0143,4.53389,0.329036,3.09557e-05
-2.0179,4.51564,0.336375,3.07734e-05
-2.0215,4.49738,0.343714,3.0591e-05
-2.02509,4.47913,0.351053,3.04087e-05
-2.02869,4.46088,0.358393,3.02264e-05
-2.03229,4.44262,0.365732,3.0044e-05
-2.03589,4.42437,0.373071,2.98617e-05
-2.03948,4.40612,0.38041,2.96793e-05
-2.04308,4.38786,0.387749,2.9497e-05
-2.04668,4.36961,0.395089,2.93147e-05
-2.05027,4.35136,0.402428,2.91323e-05
-2.05387,4.3331,0.409767,2.895e-05
-2.05747,4.31485,0.417106,2.87676e-05
-2.06107,4.29659,0.424445,2.85853e-05
-2.06466,4.27834,0.431785,2.84029e-05
-2.06826,4.26009,0.439124,2.82206e-05
-2.07186,4.24183,0.446463,2.80383e-05
-2.07546,4.22358,0.453802,2.78559e-05
-2.07905,4.20533,0.461141,2.76736e-05
-2.08265,4.18707,0.468481,2.74912e-05
-2.08625,4.16882,0.47582,2.73089e-05
-2.08984,4.15057,0.483159,2.71266e-05
-2.09344,4.13231,0.490498,2.69442e-05
-2.09704,4.11406,0.497837,2.67619e-05
-2.10064,4.0958,0.505177,2.65795e-05
-2.10423,4.07755,0.512516,2.63972e-05
-2.10783,4.0593,0.519855,2.62149e-05
-2.11143,4.04104,0.527194,2.60325e-05
-2.11503,4.02279,0.534533,2.58502e-05
-2.11862,4.00454,0.541873,2.56678e-05
-2.12222,3.98628,0.549212,2.54855e-05
-2.12582,3.96803,0.556551,2.53032e-05
-2.12941,3.94978,0.56389,2.51208e-05
-2.13301,3.93152,0.571229,2.49385e-05
-2.13661,3.91327,0.578569,2.47561e-05
-2.14021,3.89501,0.585908,2.45738e-05
-2.1438,3.87676,0.593247,2.43914e-05
-2.1474,3.85851,0.600586,2.42091e-05
-2.151,3.84025,0.607925,2.40268e-05
-2.15459,3.822,0.615265,2.38444e-05
-2.15819,3.80375,0.622604,2.36621e-05
-2.16179,3.78549,0.629943,2.34797e-05
-2.16539,3.76724,0.637282,2.32974e-05
-2.16898,3.74898,0.644621,2.31151e-05
-2.17258,3.73073,0.651961,2.29327e-05
-2.17618,3.71248,0.6593,2.27504e-05
-2.17978,3.69422,0.666639,2.2568e-05
-2.18337,3.67597,0.673978,2.23857e-05
-2.18697,3.65772,0.681318,2.22034e-05
-2.19057,3.63946,0.688657,2.2021e-05
-2.19416,3.62121,0.695996,2.18387e-05
-2.19776,3.60296,0.703335,2.16563e-05
-2.20136,3.5847,0.710674,2.1474e-05
-2.20496,3.56645,0.718014,2.12916e-05
-2.20855,3.54819,0.725353,2.11093e-05
-2.21215,3.52994,0.732692,2.0927e-05
-2.21575,3.51169,0.740031,2.07446e-05
-2.21935,3.49343,0.74737,2.05623e-05
-2.22294,3.47518,0.75471,2.03799e-05
-2.22654,3.45693,0.762049,2.01976e-05
-2.23014,3.43867,0.769388,2.00153e-05
-2.23373,3.42042,0.776727,1.98329e-05
-2.23733,3.40217,0.784066,1.96506e-05
-2.24093,3.38391,0.791406,1.94682e-05
-2.24453,3.36566,0.798745,1.92859e-05
-2.24812,3.3474,0.806084,1.91036e-05
-2.25172,3.32915,0.813423,1.89212e-05
-2.25532,3.3109,0.820762,1.87389e-05
-2.25891,3.29264,0.828102,1.85565e-05
-2.26251,3.27439,0.835441,1.83742e-05
-2.26611,3.25614,0.84278,1.81919e-05
-2.26971,3.23788,0.850119,1.80095e-05
-2.2733,3.21963,0.857458,1.78272e-05
-2.2769,3.20138,0.864798,1.76448e-05
-2.2805,3.18312,0.872137,1.74625e-05
-2.2841,3.16487,0.879476,1.72801e-05
-2.28769,3.14661,0.886815,1.70978e-05
-2.29129,3.12836,0.894154,1.69155e-05
-2.29489,3.11011,0.901494,1.67331e-05
-2.29848,3.09185,0.908833,1.65508e-05
-2.30208,3.0736,0.916172,1.63684e-05
-2.30568,3.05535,0.923511,1.61861e-05
-2.30928,3.03709,0.93085,1.60038e-05
-2.31287,3.01884,0.93819,1.58214e-05
-2.31647,3.00059,0.945529,1.56391e-05
-2.32007,2.98233,0.952868,1.54567e-05
-2.32367,2.96408,0.960207,1.52744e-05
-2.32726,2.94582,0.967547,1.50921e-05
-2.33086,2.92757,0.974886,1.49097e-05
-2.33446,2.90932,0.982225,1.47274e-05
-2.33805,2.89106,0.989564,1.4545e-05
-2.34165,2.87281,0.996903,1.43627e-05
-2.34525,2.85456,1.00424,1.41803e-05
-2.34885,2.8363,1.01158,1.3998e-05
-2.35244,2.81805,1.01892,1.38157e-05
-2.35604,2.79979,1.02626,1.36333e-05
-2.35964,2.78154,1.0336,1.3451e-05
-2.36323,2.76329,1.04094,1.32686e-05
-2.36683,2.74503,1.04828,1.30863e-05
-2.37043,2.72678,1.05562,1.2904e-05
-2.37403,2.70853,1.06296,1.27216e-05
-2.37762,2.69027,1.0703,1.25393e-05
-2.38122,2.67202,1.07763,1.23569e-05
-2.38482,2.65377,1.08497,1.21746e-05
-2.38842,2.63551,1.09231,1.19923e-05
-2.39201,2.61726,1.09965,1.18099e-05
-2.39561,2.599,1.10699,1.16276e-05
-2.39921,2.58075,1.11433,1.14452e-05
-2.4028,2.5625,1.12167,1.12629e-05
-2.4064,2.54424,1.12901,1.10806e-05
-2.41,2.52599,1.13635,1.08982e-05
-2.4136,2.50774,1.14369,1.07159e-05
-2.41719,2.48948,1.15103,1.05335e-05
-2.42079,2.47123,1.15837,1.03512e-05
-2.42439,2.45298,1.16571,1.01688e-05
-2.42799,2.43472,1.17304,9.98651e-06
-2.43158,2.41647,1.18038,9.80417e-06
-2.43518,2.39821,1.18772,9.62183e-06
-2.43878,2.37996,1.19506,9.43948e-06
-2.44237,2.36171,1.2024,9.25714e-06
-2.44597,2.34345,1.20974,9.0748e-06
-2.44957,2.3252,1.21708,8.89246e-06
-2.45317,2.30695,1.22442,8.71012e-06
-2.45676,2.28869,1.23176,8.52778e-06
-2.46036,2.27044,1.2391,8.34544e-06
-2.46396,2.25219,1.24644,8.1631e-06
-2.46755,2.23393,1.25378,7.98076e-06
-2.47115,2.21568,1.26111,7.79842e-06
-2.47475,2.19742,1.26845,7.61607e-06
-2.47835,2.17917,1.27579,7.43373e-06
-2.48194,2.16092,1.28313,7.25139e-06
-2.48554,2.14266,1.29047,7.06905e-06
-2.48914,2.12441,1.29781,6.88671e-06
-2.49274,2.10616,1.30515,6.70437e-06
-2.49633,2.0879,1.31249,6.52203e-06
-2.49993,2.06965,1.31983,6.33969e-06
-2.50353,2.0514,1.32717,6.15735e-06
-2.50712,2.03314,1.33451,5.97501e-06
-2.51072,2.01489,1.34185,5.79266e-06
-2.51432,1.99663,1.34919,5.61032e-06
-2.51792,1.97838,1.35652,5.42798e-06
-2.52151,1.96013,1.36386,5.24564e-06
-2.52511,1.94187,1.3712,5.0633e-06
-2.52871,1.92362,1.37854,4.88096e-06
-2.53231,1.90537,1.38588,4.69862e-06
-2.5359,1.88711,1.39322,4.51628e-06
-2.5395,1.86886,1.40056,4.33394e-06
-2.5431,1.8506,1.4079,4.1516e-06
-2.54669,1.83235,1.41524,3.96925e-06
-2.55029,1.8141,1.42258,3.78691e-06
-2.55389,1.79584,1.42992,3.60457e-06
-2.55749,1.77759,1.43726,3.42223e-06
-2.56108,1.75934,1.44459,3.23989e-06
-2.56468,1.74108,1.45193,3.05755e-06
-2.56828,1.72283,1.45927,2.87521e-06
-2.57187,1.70458,1.46661,2.69287e-06
-2.57547,1.68632,1.47395,2.51053e-06
-2.57907,1.66807,1.48129,2.32819e-06
-2.58267,1.64981,1.48863,2.14584e-06
-2.58626,1.63156,1.49597,1.9635e-06
-2.58986,1.61331,1.50331,1.78116e-06
-2.59346,1.59505,1.51065,1.59882e-06
-2.59706,1.5768,1.51799,1.41648e-06
-2.60065,1.55855,1.52533,1.23414e-06
-2.60425,1.54029,1.53267,1.0518e-06
-2.60785,1.52204,1.54,8.69458e-07
-2.61144,1.50379,1.54734,6.87117e-07
-2.61504,1.48553,1.55468,5.04776e-07
-2.61864,1.46728,1.56202,3.22435e-07
-2.62224,1.44902,1.56936,1.40094e-07
-2.46011,1.59307,1.56961,-0.00155691
-2.45801,1.6113,1.56166,-0.00154827
-2.4559,1.62953,1.55371,-0.00153964
-2.4538,1.64777,1.54576,-0.00153101
-2.45169,1.666,1.53781,-0.00152237
-2.44959,1.68423,1.52986,-0.00151374
-2.44748,1.70246,1.52191,-0.0015051
-2.44538,1.72069,1.51397,-0.00149647
-2.44327,1.73892,1.50602,-0.00148784
-2.44117,1.75715,1.49807,-0.0014792
-2.43906,1.77538,1.49012,-0.00147057
-2.43696,1.79361,1.48217,-0.00146193
-2.43485,1.81185,1.47422,-0.0014533
-2.43275,1.83008,1.46627,-0.00144467
-2.43064,1.84831,1.45832,-0.00143603
-2.42854,1.86654,1.45037,-0.0014274
-2.42643,1.88477,1.44242,-0.00141876
-2.42433,1.903,1.43447,-0.00141013
-2.42222,1.92123,1.42652,-0.0014015
-2.42012,1.93946,1.41857,-0.00139286
-2.41801,1.95769,1.41062,-0.00138423
-2.41591,1.97593,1.40267,-0.00137559
-2.4138,1.99416,1.39472,-0.00136696
-2.4117,2.01239,1.38677,-0.00135833
-2.4096,2.03062,1.37882,-0.00134969
-2.40749,2.04885,1.37087,-0.00134106
-2.40539,2.06708,1.36292,-0.00133242
-2.40328,2.08531,1.35497,-0.00132379
-2.40118,2.10354,1.34702,-0.00131516
-2.39907,2.12177,1.33907,-0.00130652
-2.39697,2.14001,1.33112,-0.00129789
-2.39486,2.15824,1.32317,-0.00128925
-2.39276,2.17647,1.31522,-0.00128062
-2.39065,2.1947,1.30727,-0.00127199
-2.38855,2.21293,1.29932,-0.00126335
-2.38644,2.23116,1.29138,-0.00125472
-2.38434,2.24939,1.28343,-0.00124608
-2.38223,2.26762,1.27548,-0.00123745
-2.38013,2.28585,1.26753,-0.00122882
-2.37802,2.30409,1.25958,-0.00122018
-2.37592,2.32232,1.25163,-0.00121155
-2.37381,2.34055,1.24368,-0.00120291
-2.37171,2.35878,1.23573,-0.00119428
-2.3696,2.37701,1.22778,-0.00118565
-2.3675,2.39524,1.21983,-0.00117701
-2.36539,2.41347,1.21188,-0.00116838
-2.36329,2.4317,1.20393,-0.00115974
-2.36118,2.44993,1.19598,-0.00115111
-2.35908,2.46817,1.18803,-0.00114248
-2.35697,2.4864,1.18008,-0.00113384
-2.35487,2.50463,1.17213,-0.00112521
-2.35276,2.52286,1.16418,-0.00111657
-2.35066,2.54109,1.15623,-0.00110794
-2.34855,2.55932,1.14828,-0.00109931
-2.34645,2.57755,1.14033,-0.00109067
-2.34434,2.59578,1.13238,-0.00108204
-2.34224,2.61401,1.12443,-0.0010734
-2.34013,2.63225,1.11648,-0.00106477
-2.33803,2.65048,1.10853,-0.00105614
-2.33592,2.66871,1.10058,-0.0010475
-2.33382,2.68694,1.09263,-0.00103887
-2.33171,2.70517,1.08468,-0.00103023
-2.32961,2.7234,1.07674,-0.0010216
-2.32751,2.74163,1.06879,-0.00101297
-2.3254,2.75986,1.06084,-0.00100433
-2.3233,2.77809,1.05289,-0.000995698
-2.32119,2.79632,1.04494,-0.000987064
-2.31909,2.81456,1.03699,-0.00097843
-2.31698,2.83279,1.02904,-0.000969796
-2.31488,2.85102,1.02109,-0.000961162
-2.31277,2.86925,1.01314,-0.000952528
-2.31067,2.88748,1.00519,-0.000943894
-2.30856,2.90571,0.997239,-0.00093526
-2.30646,2.92394,0.989289,-0.000926626
-2.30435,2.94217,0.981339,-0.000917992
-2.30225,2.9604,0.97339,-0.000909358
-2.30014,2.97864,0.96544,-0.000900724
-2.29804,2.99687,0.957491,-0.00089209
-2.29593,3.0151,0.949541,-0.000883456
-2.29383,3.03333,0.941591,-0.000874822
-2.29172,3.05156,0.933642,-0.000866188
-2.28962,3.06979,0.925692,-0.000857554
-2.28751,3.08802,0.917742,-0.00084892
-2.28541,3.10625,0.909793,-0.000840286
-2.2833,3.12448,0.901843,-0.000831652
-2.2812,3.14272,0.893893,-0.000823018
-2.27909,3.16095,0.885944,-0.000814384
-2.27699,3.17918,0.877994,-0.00080575
-2.27488,3.19741,0.870045,-0.000797116
-2.27278,3.21564,0.862095,-0.000788482
-2.27067,3.23387,0.854145,-0.000779848
-2.26857,3.2521,0.846196,-0.000771214
-2.26646,3.27033,0.838246,-0.00076258
-2.26436,3.28856,0.830296,-0.000753946
-2.26225,3.3068,0.822347,-0.000745312
-2.26015,3.32503,0.814397,-0.000736678
-2.25804,3.34326,0.806447,-0.000728044
-2.25594,3.36149,0.798498,-0.00071941
-2.25383,3.37972,0.790548,-0.000710776
-2.25173,3.39795,0.782599,-0.000702142
-2.24962,3.41618,0.774649,-0.000693508
-2.24752,3.43441,0.766699,-0.000684874
-2.24542,3.45264,0.75875,-0.00067624
-2.24331,3.47088,0.7508,-0.000667606
-2.24121,3.48911,0.74285,-0.000658972
-2.2391,3.50734,0.734901,-0.000650338
-2.237,3.52557,0.726951,-0.000641704
-2.23489,3.5438,0.719001,-0.00063307
-2.23279,3.56203,0.711052,-0.000624436
-2.23068,3.58026,0.703102,-0.000615802
-2.22858,3.59849,0.695153,-0.000607168
-2.22647,3.61672,0.687203,-0.000598534
-2.22437,3.63496,0.679253,-0.0005899
-2.22226,3.65319,0.671304,-0.000581266
-2.22016,3.67142,0.663354,-0.000572632
-2.21805,3.68965,0.655404,-0.000563998
-2.21595,3.70788,0.647455,-0.000555364
-2.21384,3.72611,0.639505,-0.00054673
-2.21174,3.74434,0.631555,-0.000538096
-2.20963,3.76257,0.623606,-0.000529462
-2.20753,3.7808,0.615656,-0.000520828
-2.20542,3.79904,0.607707,-0.000512194
-2.20332,3.81727,0.599757,-0.00050356
-2.20121,3.8355,0.591807,-0.000494926
-2.19911,3.85373,0.583858,-0.000486292
-2.197,3.87196,0.575908,-0.000477658
-2.1949,3.89019,0.567958,-0.000469024
-2.19279,3.90842,0.560009,-0.00046039
-2.19069,3.92665,0.552059,-0.000451756
-2.18858,3.94488,0.544109,-0.000443122
-2.18648,3.96311,0.53616,-0.000434488
-2.18437,3.98135,0.52821,-0.000425854
-2.18227,3.99958,0.52026,-0.00041722
-2.18016,4.01781,0.512311,-0.000408586
-2.17806,4.03604,0.504361,-0.000399952
-2.17595,4.05427,0.496412,-0.000391318
-2.17385,4.0725,0.488462,-0.000382684
-2.17174,4.09073,0.480512,-0.00037405
-2.16964,4.10896,0.472563,-0.000365416
-2.16753,4.12719,0.464613,-0.000356782
-2.16543,4.14543,0.456663,-0.000348148
-2.16333,4.16366,0.448714,-0.000339514
-2.16122,4.18189,0.440764,-0.00033088
-2.15912,4.20012,0.432814,-0.000322246
-2.15701,4.21835,0.424865,-0.000313612
-2.15491,4.23658,0.416915,-0.000304978
-2.1528,4.25481,0.408966,-0.000296344
-2.1507,4.27304,0.401016,-0.00028771
-2.14859,4.29127,0.393066,-0.000279076
-2.14649,4.30951,0.385117,-0.000270442
-2.14438,4.32774,0.377167,-0.000261808
-2.14228,4.34597,0.369217,-0.000253174
-2.14017,4.3642,0.361268,-0.00024454
-2.13807,4.38243,0.353318,-0.000235906
-2.13596,4.40066,0.345368,-0.000227272
-2.13386,4.41889,0.337419,-0.000218638
-2.13175,4.43712,0.329469,-0.000210004
-2.12965,4.45535,0.32152,-0.00020137
-2.12754,4.47359,0.31357,-0.000192736
-2.12544,4.49182,0.30562,-0.000184102
-2.12333,4.51005,0.297671,-0.000175468
-2.12123,4.52828,0.289721,-0.000166834
-2.11912,4.54651,0.281771,-0.0001582
-2.11702,4.56474,0.273822,-0.000149566
-2.11491,4.58297,0.265872,-0.000140932
-2.11281,4.6012,0.257922,-0.000132298
-2.1107,4.61943,0.249973,-0.000123664
-2.1086,4.63767,0.242023,-0.00011503
-2.10649,4.6559,0.234074,-0.000106396
-2.10439,4.67413,0.226124,-9.77618e-05
-2.10228,4.69236,0.218174,-8.91278e-05
-2.10018,4.71059,0.210225,-8.04938e-05