-0.4872,-2.36607,0.794025,-3.08363
-0.49957,-2.38165,0.791962,-3.07607
-0.51194,-2.39723,0.789899,-3.06852
-0.52431,-2.41281,0.787837,-3.06097
-0.53668,-2.42839,0.785774,-3.05341
-0.54905,-2.44397,0.783711,-3.04586
-0.56142,-2.45955,0.781649,-3.03831
-0.57379,-2.47513,0.779586,-3.03075
-0.586161,-2.49071,0.777524,-3.0232
-0.598531,-2.50629,0.775461,-3.01565
-0.610901,-2.52187,0.773398,-3.00809
-0.623271,-2.53745,0.771336,-3.00054
-0.635641,-2.55303,0.769273,-2.99298
-0.648011,-2.56861,0.76721,-2.98543
-0.660381,-2.58419,0.765148,-2.97788
-0.672751,-2.59977,0.763085,-2.97032
-0.685121,-2.61535,0.761022,-2.96277
-0.697491,-2.63093,0.75896,-2.95522
-0.709861,-2.64651,0.756897,-2.94766
-0.722231,-2.66209,0.754834,-2.94011
-0.734601,-2.67767,0.752772,-2.93256
-0.746971,-2.69324,0.750709,-2.925
-0.759341,-2.70882,0.748646,-2.91745
-0.771711,-2.7244,0.746584,-2.9099
-0.784081,-2.73998,0.744521,-2.90234
-0.796451,-2.75556,0.742458,-2.89479
-0.808821,-2.77114,0.740396,-2.88724
-0.821191,-2.78672,0.738333,-2.87968
-0.833561,-2.8023,0.736271,-2.87213
-0.845931,-2.81788,0.734208,-2.86458
-0.858301,-2.83346,0.732145,-2.85702
-0.870671,-2.84904,0.730083,-2.84947
-0.883041,-2.86462,0.72802,-2.84192
-0.895411,-2.8802,0.725957,-2.83436
-0.907781,-2.89578,0.723895,-2.82681
-0.920151,-2.91136,0.721832,-2.81926
-0.932521,-2.92694,0.719769,-2.8117
-0.944891,-2.94252,0.717707,-2.80415
-0.957261,-2.9581,0.715644,-2.7966
-0.969631,-2.97368,0.713581,-2.78904
-0.982001,-2.98926,0.711519,-2.78149
-0.994371,-3.00484,0.709456,-2.77394
-1.00674,-3.02042,0.707393,-2.76638
-1.01911,-3.036,0.705331,-2.75883
-1.03148,-3.05158,0.703268,-2.75127
-1.04385,-3.06716,0.701205,-2.74372
-1.05622,-3.08274,0.699143,-2.73617
-1.06859,-3.09832,0.69708,-2.72861
-1.08096,-3.1139,0.695018,-2.72106
-1.09333,-3.12948,0.692955,-2.71351
-1.1057,-3.14506,0.690892,-2.70595
-1.11807,-3.16064,0.68883,-2.6984
-1.13044,-3.17622,0.686767,-2.69085
-1.14281,-3.1918,0.684704,-2.68329
-1.15518,-3.20738,0.682642,-2.67574
-1.16755,-3.22296,0.680579,-2.66819
-1.17992,-3.23854,0.678516,-2.66063
-1.19229,-3.25412,0.676454,-2.65308
-1.20466,-3.2697,0.674391,-2.64553
-1.21703,-3.28528,0.672328,-2.63797
-1.2294,-3.30085,0.670266,-2.63042
-1.24177,-3.31643,0.668203,-2.62287
-1.25414,-3.33201,0.66614,-2.61531
-1.26651,-3.34759,0.664078,-2.60776
-1.27888,-3.36317,0.662015,-2.60021
-1.29125,-3.37875,0.659952,-2.59265
-1.30362,-3.39433,0.65789,-2.5851
-1.31599,-3.40991,0.655827,-2.57755
-1.32836,-3.42549,0.653765,-2.56999
-1.34073,-3.44107,0.651702,-2.56244
-1.3531,-3.45665,0.649639,-2.55489
-1.36547,-3.47223,0.647577,-2.54733
-1.37784,-3.48781,0.645514,-2.53978
-1.39021,-3.50339,0.643451,-2.53223
-1.40258,-3.51897,0.641389,-2.52467
-1.41495,-3.53455,0.639326,-2.51712
-1.42732,-3.55013,0.637263,-2.50957
-1.43969,-3.56571,0.635201,-2.50201
-1.45206,-3.58129,0.633138,-2.49446
-1.46443,-3.59687,0.631075,-2.4869
-1.4768,-3.61245,0.629013,-2.47935
-1.48917,-3.62803,0.62695,-2.4718
-1.50154,-3.64361,0.624887,-2.46424
-1.51391,-3.65919,0.622825,-2.45669
-1.52628,-3.67477,0.620762,-2.44914
-1.53865,-3.69035,0.618699,-2.44158
-1.55102,-3.70593,0.616637,-2.43403
-1.56339,-3.72151,0.614574,-2.42648
-1.57576,-3.73709,0.612512,-2.41892
-1.58813,-3.75267,0.610449,-2.41137
-1.6005,-3.76825,0.608386,-2.40382
-1.61287,-3.78383,0.606324,-2.39626
-1.62524,-3.79941,0.604261,-2.38871
-1.63761,-3.81499,0.602198,-2.38116
-1.64998,-3.83057,0.600136,-2.3736
-1.66235,-3.84615,0.598073,-2.36605
-1.67472,-3.86173,0.59601,-2.3585
-1.68709,-3.87731,0.593948,-2.35094
-1.69946,-3.89288,0.591885,-2.34339
-1.71183,-3.90846,0.589822,-2.33584
-1.7242,-3.92404,0.58776,-2.32828
-1.73657,-3.93962,0.585697,-2.32073
-1.74894,-3.9552,0.583634,-2.31318
-1.76131,-3.97078,0.581572,-2.30562
-1.77368,-3.98636,0.579509,-2.29807
-1.78605,-4.00194,0.577446,-2.29052
-1.79842,-4.01752,0.575384,-2.28296
-1.81079,-4.0331,0.573321,-2.27541
-1.82316,-4.04868,0.571259,-2.26786
-1.83553,-4.06426,0.569196,-2.2603
-1.8479,-4.07984,0.567133,-2.25275
-1.86027,-4.09542,0.565071,-2.2452
-1.87264,-4.111,0.563008,-2.23764
-1.88501,-4.12658,0.560945,-2.23009
-1.89738,-4.14216,0.558883,-2.22253
-1.90975,-4.15774,0.55682,-2.21498
-1.92212,-4.17332,0.554757,-2.20743
-1.93449,-4.1889,0.552695,-2.19987
-1.94686,-4.20448,0.550632,-2.19232
-1.95923,-4.22006,0.548569,-2.18477
-1.9716,-4.23564,0.546507,-2.17721
-1.98397,-4.25122,0.544444,-2.16966
-1.99634,-4.2668,0.542381,-2.16211
-2.00871,-4.28238,0.540319,-2.15455
-2.02108,-4.29796,0.538256,-2.147
-2.03345,-4.31354,0.536193,-2.13945
-2.04582,-4.32912,0.534131,-2.13189
-2.05819,-4.3447,0.532068,-2.12434
-2.07056,-4.36028,0.530006,-2.11679
-2.08293,-4.37586,0.527943,-2.10923
-2.0953,-4.39144,0.52588,-2.10168
-2.10767,-4.40702,0.523818,-2.09413
-2.12004,-4.4226,0.521755,-2.08657
-2.13241,-4.43818,0.519692,-2.07902
-2.14478,-4.45376,0.51763,-2.07147
-2.15715,-4.46934,0.515567,-2.06391
-2.16952,-4.48491,0.513504,-2.05636
-2.18189,-4.50049,0.511442,-2.04881
-2.19426,-4.51607,0.509379,-2.04125
-2.20663,-4.53165,0.507316,-2.0337
-2.219,-4.54723,0.505254,-2.02615
-2.23137,-4.56281,0.503191,-2.01859
-2.24374,-4.57839,0.501128,-2.01104
-2.25611,-4.59397,0.499066,-2.00349
-2.26848,-4.60955,0.497003,-1.99593
-2.28085,-4.62513,0.49494,-1.98838
-2.29322,-4.64071,0.492878,-1.98082
-2.30559,-4.65629,0.490815,-1.97327
-2.31796,-4.67187,0.488753,-1.96572
-2.33033,-4.68745,0.48669,-1.95816
-2.3427,-4.70303,0.484627,-1.95061
-2.35507,-4.71861,0.482565,-1.94306
-2.36744,-4.73419,0.480502,-1.9355
-2.37981,-4.74977,0.478439,-1.92795
-2.39218,-4.76535,0.476377,-1.9204
-2.40455,-4.78093,0.474314,-1.91284
-2.41692,-4.79651,0.472251,-1.90529
-2.42929,-4.81209,0.470189,-1.89774
-2.44166,-4.82767,0.468126,-1.89018
-2.45403,-4.84325,0.466063,-1.88263
-2.4664,-4.85883,0.464001,-1.87508
-2.47877,-4.87441,0.461938,-1.86752
-2.49114,-4.88999,0.459875,-1.85997
-2.50351,-4.90557,0.457813,-1.85242
-2.51588,-4.92115,0.45575,-1.84486
-2.52825,-4.93673,0.453687,-1.83731
-2.54062,-4.95231,0.451625,-1.82976
-2.55299,-4.96789,0.449562,-1.8222
-2.56536,-4.98347,0.4475,-1.81465
-2.57773,-4.99905,0.445437,-1.8071
-2.5901,-5.01463,0.443374,-1.79954
-2.60247,-5.03021,0.441312,-1.79199
-2.61484,-5.04579,0.439249,-1.78444
-2.62721,-5.06137,0.437186,-1.77688
-2.63958,-5.07695,0.435124,-1.76933
-2.65195,-5.09252,0.433061,-1.76178
-2.66432,-5.1081,0.430998,-1.75422
-2.67669,-5.12368,0.428936,-1.74667
-2.68906,-5.13926,0.426873,-1.73912
-2.70143,-5.15484,0.42481,-1.73156
-2.7138,-5.17042,0.422748,-1.72401
-2.72617,-5.186,0.420685,-1.71645
-2.73854,-5.20158,0.418622,-1.7089
-2.75091,-5.21716,0.41656,-1.70135
-2.76328,-5.23274,0.414497,-1.69379
-2.77565,-5.24832,0.412434,-1.68624
-2.78802,-5.2639,0.410372,-1.67869
-2.80039,-5.27948,0.408309,-1.67113
-2.81276,-5.29506,0.406246,-1.66358
-2.82513,-5.31064,0.404184,-1.65603
-2.8375,-5.32622,0.402121,-1.64847
-2.84987,-5.3418,0.400059,-1.64092
-2.86224,-5.35738,0.397996,-1.63337
-2.87461,-5.37296,0.395933,-1.62581
-2.88698,-5.38854,0.393871,-1.61826
-2.89935,-5.40412,0.391808,-1.61071
-2.91172,-5.4197,0.389745,-1.60315
-2.92409,-5.43528,0.387683,-1.5956
-2.93646,-5.45086,0.38562,-1.58805
-2.94883,-5.46644,0.383557,-1.58049
-2.9612,-5.48202,0.381495,-1.57294
-2.97357,-5.4976,0.379432,-1.56539
-2.98594,-5.51318,0.377369,-1.55783
-2.99831,-5.52876,0.375307,-1.55028
-3.01068,-5.54434,0.373244,-1.54273
-3.02305,-5.55992,0.371181,-1.53517
-3.03542,-5.5755,0.369119,-1.52762
-3.04779,-5.59108,0.367056,-1.52007
-3.06016,-5.60666,0.364993,-1.51251
-3.07253,-5.62224,0.362931,-1.50496
-3.0849,-5.63782,0.360868,-1.49741
-3.09727,-5.6534,0.358806,-1.48985
-3.10964,-5.66898,0.356743,-1.4823
-3.12201,-5.68455,0.35468,-1.47475
-3.13438,-5.70013,0.352618,-1.46719
-3.14675,-5.71571,0.350555,-1.45964
-3.15912,-5.73129,0.348492,-1.45208
-3.17149,-5.74687,0.34643,-1.44453
-3.18386,-5.76245,0.344367,-1.43698
-3.19623,-5.77803,0.342304,-1.42942
-3.2086,-5.79361,0.340242,-1.42187
-3.22097,-5.80919,0.338179,-1.41432
-3.23334,-5.82477,0.336116,-1.40676
-3.24571,-5.84035,0.334054,-1.39921
-3.25808,-5.85593,0.331991,-1.39166
-3.27045,-5.87151,0.329928,-1.3841
-3.28282,-5.88709,0.327866,-1.37655
-3.29519,-5.90267,0.325803,-1.369
-3.30756,-5.91825,0.32374,-1.36144
-3.31993,-5.,-1.46152
6.32744,-6.20938,1.75252,-1.45482
6.33901,-6.22521,1.75646,-1.44812
6.35057,-6.24104,1.76041,-1.44142
6.36214,-6.25688,1.76435,-1.43471
6.3737,-6.27271,1.7683,-1.42801
6.38526,-6.28854,1.77224,-1.42131
6.39683,-6.30438,1.77618,-1.41461
6.40839,-6.32021,1.78013,-1.40791
6.41996,-6.33605,1.78407,-1.4012
6.43152,-6.35188,1.78801,-1.3945
6.44309,-6.36771,1.79196,-1.3878
6.45465,-6.38355,1.7959,-1.3811
6.46621,-6.39938,1.79985,-1.3744
6.47778,-6.41522,1.80379,-1.3677
6.48934,-6.43105,1.80773,-1.36099
6.50091,-6.44688,1.81168,-1.35429
6.51247,-6.46272,1.81562,-1.34759
6.52404,-6.47855,1.81956,-1.34089
6.5356,-6.49438,1.82351,-1.33419
6.54717,-6.51022,1.82745,-1.32748
6.55873,-6.52605,1.8314,-1.32078
6.57029,-6.54189,1.83534,-1.31408
6.58186,-6.55772,1.83928,-1.30738
6.59342,-6.57355,1.84323,-1.30068
6.60499,-6.58939,1.84717,-1.29398
6.61655,-6.60522,1.85111,-1.28727
6.62812,-6.62106,1.85506,-1.28057
6.63968,-6.63689,1.859,-1.27387
6.65125,-6.65272,1.86295,-1.26717
6.66281,-6.66856,1.86689,-1.26047
6.67437,-6.68439,1.87083,-1.25376
6.68594,-6.70022,1.87478,-1.24706
6.6975,-6.71606,1.87872,-1.24036
6.70907,-6.73189,1.88266,-1.23366
6.72063,-6.74773,1.88661,-1.22696
6.7322,-6.76356,1.89055,-1.22026
6.74376,-6.77939,1.8945,-1.21355
6.75533,-6.79523,1.89844,-1.20685
6.76689,-6.81106,1.90238,-1.20015
6.77845,-6.8269,1.90633,-1.19345
6.79002,-6.84273,1.91027,-1.18675
6.80158,-6.85856,1.91421,-1.18004
6.81315,-6.8744,1.91816,-1.17334
6.82471,-6.89023,1.9221,-1.16664
6.83628,-6.90606,1.92605,-1.15994
6.84784,-6.9219,1.92999,-1.15324
6.85941,-6.93773,1.93393,-1.14654
6.87097,-6.95357,1.93788,-1.13983
6.88253,-6.9694,1.94182,-1.13313
6.8941,-6.98523,1.94576,-1.12643
6.90566,-7.00107,1.94971,-1.11973
6.91723,-7.0169,1.95365,-1.11303
6.92879,-7.03274,1.9576,-1.10632
6.94036,-7.04857,1.96154,-1.09962
6.95192,-7.0644,1.96548,-1.09292
6.96349,-7.08024,1.96943,-1.08622
6.97505,-7.09607,1.97337,-1.07952
6.98661,-7.1119,1.97731,-1.07282
6.99818,-7.12774,1.98126,-1.06611
7.00974,-7.14357,1.9852,-1.05941
7.02131,-7.15941,1.98915,-1.05271
7.03287,-7.17524,1.99309,-1.04601
7.04444,-7.19107,1.99703,-1.03931
7.056,-7.20691,2.00098,-1.0326
7.06757,-7.22274,2.00492,-1.0259
7.07913,-7.23858,2.00886,-1.0192
7.09069,-7.25441,2.01281,-1.0125
7.10226,-7.27024,2.01675,-1.0058
7.11382,-7.28608,2.0207,-0.999095
7.12539,-7.30191,2.02464,-0.992394
7.13695,-7.31774,2.02858,-0.985692
7.14852,-7.33358,2.03253,-0.97899
7.16008,-7.34941,2.03647,-0.972288
7.17165,-7.36525,2.04041,-0.965586
7.18321,-7.38108,2.04436,-0.958885
7.19477,-7.39691,2.0483,-0.952183
7.20634,-7.41275,2.05225,-0.945481
7.2179,-7.42858,2.05619,-0.938779
7.22947,-7.44442,2.06013,-0.932077
7.24103,-7.46025,2.06408,-0.925375
7.2526,-7.47608,2.06802,-0.918674
7.26416,-7.49192,2.07196,-0.911972
7.27572,-7.50775,2.07591,-0.90527
7.28729,-7.52358,2.07985,-0.898568
7.29885,-7.53942,2.0838,-0.891866
7.31042,-7.55525,2.08774,-0.885164
7.32198,-7.57109,2.09168,-0.878463
7.33355,-7.58692,2.09563,-0.871761
7.34511,-7.60275,2.09957,-0.865059
7.35668,-7.61859,2.10351,-0.858357
7.36824,-7.63442,2.10746,-0.851655
7.3798,-7.65026,2.1114,-0.844954
7.39137,-7.66609,2.11535,-0.838252
7.40293,-7.68192,2.11929,-0.83155
7.4145,-7.69776,2.12323,-0.824848
7.42606,-7.71359,2.12718,-0.818146
7.43763,-7.72942,2.13112,-0.811444
7.44919,-7.74526,2.13506,-0.804743
7.46076,-7.76109,2.13901,-0.798041
7.47232,-7.77693,2.14295,-0.791339
7.48388,-7.79276,2.1469,-0.784637
7.49545,-7.80859,2.15084,-0.777935
7.50701,-7.82443,2.15478,-0.771233
7.51858,-7.84026,2.15873,-0.764532
7.53014,-7.8561,2.16267,-0.75783
7.54171,-7.87193,2.16661,-0.751128
7.55327,-7.88776,2.17056,-0.744426
7.56484,-7.9036,2.1745,-0.737724
7.5764,-7.91943,2.17845,-0.731023
7.58796,-7.93526,2.18239,-0.724321
7.59953,-7.9511,2.18633,-0.717619
7.61109,-7.96693,2.19028,-0.710917
7.62266,-7.98277,2.19422,-0.704215
7.63422,-7.9986,2.19816,-0.697513
7.64579,-8.01443,2.20211,-0.690812
7.65735,-8.03027,2.20605,-0.68411
7.66892,-8.0461,2.21,-0.677408
7.68048,-8.06194,2.21394,-0.670706
7.69204,-8.07777,2.21788,-0.664004
7.70361,-8.0936,2.22183,-0.657302
7.71517,-8.10944,2.22577,-0.650601
7.72674,-8.12527,2.22971,-0.643899
7.7383,-8.14111,2.23366,-0.637197
7.74987,-8.15694,2.2376,-0.630495
7.76143,-8.17277,2.24155,-0.623793
7.773,-8.18861,2.24549,-0.617091
7.78456,-8.20444,2.24943,-0.61039
7.79612,-8.22027,2.25338,-0.603688
7.80769,-8.23611,2.25732,-0.596986
7.81925,-8.25194,2.26126,-0.590284
7.83082,-8.26778,2.26521,-0.583582
7.84238,-8.28361,2.26915,-0.576881
7.85395,-8.29944,2.2731,-0.570179
7.86551,-8.31528,2.27704,-0.563477
7.87708,-8.33111,2.28098,-0.556775
7.88864,-8.34695,2.28493,-0.550073
7.9002,-8.36278,2.28887,-0.543371
7.91177,-8.37861,2.29281,-0.53667
7.92333,-8.39445,2.29676,-0.529968
7.9349,-8.41028,2.3007,-0.523266
7.94646,-8.42611,2.30465,-0.516564
7.95803,-8.44195,2.30859,-0.509862
7.96959,-8.45778,2.31253,-0.50316
7.98116,-8.47362,2.31648,-0.496459
7.99272,-8.48945,2.32042,-0.489757
8.00428,-8.50528,2.32436,-0.483055
8.01585,-8.52112,2.32831,-0.476353
8.02741,-8.53695,2.33225,-0.469651
8.03898,-8.55279,2.3362,-0.46295
8.05054,-8.56862,2.34014,-0.456248
8.06211,-8.58445,2.34408,-0.449546
8.07367,-8.60029,2.34803,-0.442844
8.08524,-8.61612,2.35197,-0.436142
8.0968,-8.63195,2.35591,-0.42944
8.10836,-8.64779,2.35986,-0.422739
8.11993,-8.66362,2.3638,-0.416037
8.13149,-8.67946,2.36775,-0.409335
8.14306,-8.69529,2.37169,-0.402633
8.15462,-8.71112,2.37563,-0.395931
8.16619,-8.72696,2.37958,-0.389229
8.17775,-8.74279,2.38352,-0.382528
8.18931,-8.75863,2.38746,-0.375826
8.20088,-8.77446,2.39141,-0.369124
8.21244,-8.79029,2.39535,-0.362422
8.22401,-8.80613,2.3993,-0.35572
8.23557,-8.82196,2.40324,-0.349019
8.24714,-8.83779,2.40718,-0.342317
8.2587,-8.85363,2.41113,-0.335615
8.27027,-8.86946,2.41507,-0.328913
8.28183,-8.8853,2.41901,-0.322211
8.29339,-8.90113,2.42296,-0.315509
8.30496,-8.91696,2.4269,-0.308808
8.31652,-8.9328,2.43085,-0.302106
8.32809,-8.94863,2.43479,-0.295404
8.33965,-8.96447,2.43873,-0.288702
8.35122,-8.9803,2.44268,-0.282
8.36278,-8.99613,2.44662,-0.275298
8.37435,-9.01197,2.45056,-0.268597
8.38591,-9.0278,2.45451,-0.261895
8.39747,-9.04363,2.45845,-0.255193
8.40904,-9.05947,2.4624,-0.248491
8.4206,-9.0753,2.46634,-0.241789
8.43217,-9.09114,2.47028,-0.235087
8.44373,-9.10697,2.47423,-0.228386
8.4553,-9.1228,2.47817,-0.221684
8.46686,-9.13864,2.48211,-0.214982
8.47843,-9.15447,2.48606,-0.20828
8.48999,-9.17031,2.49,-0.201578
8.50155,-9.18614,2.49395,-0.194877
8.51312,-9.20197,2.49789,-0.188175
8.52468,-9.21781,2.50183,-0.181473
8.53625,-9.23364,2.50578,-0.174771
8.54781,-9.24947,2.50972,-0.168069
8.55938,-9.26531,2.51366,-0.161367
8.57094,-9.28114,2.51761,-0.154666
8.58251,-9.29698,2.52155,-0.147964
8.59407,-9.31281,2.5255,-0.141262
8.60563,-9.32864,2.52944,-0.13456
8.6172,-9.34448,2.53338,-0.127858
8.62876,-9.36031,2.53733,-0.121156
8.64033,-9.37615,2.54127,-0.114455
8.65189,-9.39198,2.54521,-0.107753
8.66346,-9.40781,2.54916,-0.101051
8.67502,-9.42365,2.5531,-0.0943492
8.68659,-9.43948,2.55705,-0.0876474
8.69815,-9.45531,2.56099,-0.0809455
8.70971,-9.47115,2.56493,-0.0742437
8.72128,-9.48698,2.56888,-0.0675419
8.73284,-9.50282,2.57282,-0.0608401
8.74441,-9.51865,2.57676,-0.0541382
8.75597,-9.53448,2.58071,-0.0474364
8.76754,-9.55032,2.58465,-0.0407346
8.7791,-9.56615,2.5886,-0.0340328
8.79067,-9.58199,2.59254,-0.0273309
8.80223,-9.59782,2.59648,-0.0206291
8.81379,-9.61365,2.60043,-0.0139273
8.82536,-9.62949,2.60437,-0.00722547
8.83692,-9.64532,2.60831,-0.000523641
3.38793,-2.40306,0.851702,-2.88262
3.40031,-2.41823,0.855787,-2.87699
3.41269,-2.4334,0.859873,-2.87136
3.42507,-2.44857,0.863959,-2.86573
3.43744,-2.46374,0.868044,-2.8601
3.44982,-2.47891,0.87213,-2.85447
3.4622,-2.49408,0.876215,-2.84885
3.47457,-2.50925,0.880301,-2.84322
3.48695,-2.52442,0.884386,-2.83759
3.49933,-2.53959,0.888472,-2.83196
3.51171,-2.55476,0.892558,-2.82633
3.52408,-2.56993,0.896643,-2.8207
3.53646,-2.58509,0.900729,-2.81507
3.54884,-2.60026,0.904814,-2.80944
3.56121,-2.61543,0.9089,-2.80382
3.57359,-2.6306,0.912985,-2.79819
3.58597,-2.64577,0.917071,-2.79256
3.59834,-2.66094,0.921156,-2.78693
3.61072,-2.67611,0.925242,-2.7813
3.6231,-2.69128,0.929328,-2.77567
3.63548,-2.70645,0.933413,-2.77004
3.64785,-2.72162,0.937499,-2.76441
3.66023,-2.73679,0.941584,-2.75879
3.67261,-2.75196,0.94567,-2.75316
3.68498,-2.76713,0.949755,-2.74753
3.69736,-2.7823,0.953841,-2.7419
3.70974,-2.79747,0.957926,-2.73627
3.72212,-2.81264,0.962012,-2.73064
3.73449,-2.82781,0.966098,-2.72501
3.74687,-2.84298,0.970183,-2.71938
3.75925,-2.85815,0.974269,-2.71376
3.77162,-2.87332,0.978354,-2.70813
3.784,-2.88849,0.98244,-2.7025
3.79638,-2.90366,0.986525,-2.69687
3.80875,-2.91883,0.990611,-2.69124
3.82113,-2.934,0.994696,-2.68561
3.83351,-2.94917,0.998782,-2.67998
3.84589,-2.96433,1.00287,-2.67435
3.85826,-2.9795,1.00695,-2.66873
3.87064,-2.99467,1.01104,-2.6631
3.88302,-3.00984,1.01512,-2.65747
3.89539,-3.02501,1.01921,-2.65184
3.90777,-3.04018,1.0233,-2.64621
3.92015,-3.05535,1.02738,-2.64058
3.93253,-3.07052,1.03147,-2.63495
3.9449,-3.08569,1.03555,-2.62932
3.95728,-3.10086,1.03964,-2.6237
3.96966,-3.11603,1.04372,-2.61807
3.98203,-3.1312,1.04781,-2.61244
3.99441,-3.14637,1.05189,-2.60681
4.00679,-3.16154,1.05598,-2.60118
4.01917,-3.17671,1.06007,-2.59555
4.03154,-3.19188,1.06415,-2.58992
4.04392,-3.20705,1.06824,-2.58429
4.0563,-3.22222,1.07232,-2.57867
4.06867,-3.23739,1.07641,-2.57304
4.08105,-3.25256,1.08049,-2.56741
4.09343,-3.26773,1.08458,-2.56178
4.1058,-3.2829,1.08866,-2.55615
4.11818,-3.29807,1.09275,-2.55052
4.13056,-3.31324,1.09684,-2.54489
4.14294,-3.3284,1.10092,-2.53926
4.15531,-3.34357,1.10501,-2.53364
4.16769,-3.35874,1.10909,-2.52801
4.18007,-3.37391,1.11318,-2.52238
4.19244,-3.38908,1.11726,-2.51675
4.20482,-3.40425,1.12135,-2.51112
4.2172,-3.41942,1.12543,-2.50549
4.22958,-3.43459,1.12952,-2.49986
4.24195,-3.44976,1.13361,-2.49424
4.25433,-3.46493,1.13769,-2.48861
4.26671,-3.4801,1.14178,-2.48298
4.27908,-3.49527,1.14586,-2.47735
4.29146,-3.51044,1.14995,-2.47172
4.30384,-3.52561,1.15403,-2.46609
4.31621,-3.54078,1.15812,-2.46046
4.32859,-3.55595,1.1622,-2.45483
4.34097,-3.57112,1.16629,-2.44921
4.35335,-3.58629,1.17038,-2.44358
4.36572,-3.60146,1.17446,-2.43795
4.3781,-3.61663,1.17855,-2.43232
4.39048,-3.6318,1.18263,-2.42669
4.40285,-3.64697,1.18672,-2.42106
4.41523,-3.66214,1.1908,-2.41543
4.42761,-3.67731,1.19489,-2.4098
4.43999,-3.69247,1.19897,-2.40418
4.45236,-3.70764,1.20306,-2.39855
4.46474,-3.72281,1.20715,-2.39292
4.47712,-3.73798,1.21123,-2.38729
4.48949,-3.75315,1.21532,-2.38166
4.50187,-3.76832,1.2194,-2.37603
4.51425,-3.78349,1.22349,-2.3704
4.52662,-3.79866,1.22757,-2.36477
4.539,-3.81383,1.23166,-2.35915
4.55138,-3.829,1.23574,-2.35352
4.56376,-3.84417,1.23983,-2.34789
4.57613,-3.85934,1.24392,-2.34226
4.58851,-3.87451,1.248,-2.33663
4.60089,-3.88968,1.25209,-2.331
4.61326,-3.90485,1.25617,-2.32537
4.62564,-3.92002,1.26026,-2.31974
4.63802,-3.93519,1.26434,-2.31412
4.6504,-3.95036,1.26843,-2.30849
4.66277,-3.96553,1.27251,-2.30286
4.67515,-3.9807,1.2766,-2.29723
4.68753,-3.99587,1.28069,-2.2916
4.6999,-4.01104,1.28477,-2.28597
4.71228,-4.02621,1.28886,-2.28034
4.72466,-4.04138,1.29294,-2.27471
4.73703,-4.05655,1.29703,-2.26909
4.74941,-4.07171,1.30111,-2.26346
4.76179,-4.08688,1.3052,-2.25783
4.77417,-4.10205,1.30928,-2.2522
4.78654,-4.11722,1.31337,-2.24657
4.79892,-4.13239,1.31746,-2.24094
4.8113,-4.14756,1.32154,-2.23531
4.82367,-4.16273,1.32563,-2.22968
4.83605,-4.1779,1.32971,-2.22406
4.84843,-4.19307,1.3338,-2.21843
4.86081,-4.20824,1.33788,-2.2128
4.87318,-4.22341,1.34197,-2.20717
4.88556,-4.23858,1.34605,-2.20154
4.89794,-4.25375,1.35014,-2.19591
4.91031,-4.26892,1.35423,-2.19028
4.92269,-4.28409,1.35831,-2.18465
4.93507,-4.29926,1.3624,-2.17903
4.94744,-4.31443,1.36648,-2.1734
4.95982,-4.3296,1.37057,-2.16777
4.9722,-4.34477,1.37465,-2.16214
4.98458,-4.35994,1.37874,-2.15651
4.99695,-4.37511,1.38282,-2.15088
5.00933,-4.39028,1.38691,-2.14525
5.02171,-4.40545,1.391,-2.13962
5.03408,-4.42062,1.39508,-2.134
5.04646,-4.43578,1.39917,-2.12837
5.05884,-4.45095,1.40325,-2.12274
5.07122,-4.46612,1.40734,-2.11711
5.08359,-4.48129,1.41142,-2.11148
5.09597,-4.49646,1.41551,-2.10585
5.10835,-4.51163,1.41959,-2.10022
5.12072,-4.5268,1.42368,-2.0946
5.1331,-4.54197,1.42777,-2.08897
5.14548,-4.55714,1.43185,-2.08334
5.15786,-4.57231,1.43594,-2.07771
5.17023,-4.58748,1.44002,-2.07208
5.18261,-4.60265,1.44411,-2.06645
5.19499,-4.61782,1.44819,-2.06082
5.20736,-4.63299,1.45228,-2.05519
5.21974,-4.64816,1.45636,-2.04957
5.23212,-4.66333,1.46045,-2.04394
5.24449,-4.6785,1.46454,-2.03831
5.25687,-4.69367,1.46862,-2.03268
5.26925,-4.70884,1.47271,-2.02705
5.28163,-4.72401,1.47679,-2.02142
5.294,-4.73918,1.48088,-2.01579
5.30638,-4.75435,1.48496,-2.01016
5.31876,-4.76952,1.48905,-2.00454
5.33113,-4.78469,1.49313,-1.99891
5.34351,-4.79986,1.49722,-1.99328
5.35589,-4.81502,1.50131,-1.98765
5.36827,-4.83019,1.50539,-1.98202
5.38064,-4.84536,1.50948,-1.97639
5.39302,-4.86053,1.51356,-1.97076
5.4054,-4.8757,1.51765,-1.96513
5.41777,-4.89087,1.52173,-1.95951
5.43015,-4.90604,1.52582,-1.95388
5.44253,-4.92121,1.5299,-1.94825
5.4549,-4.93638,1.53399,-1.94262
5.46728,-4.95155,1.53808,-1.93699
5.47966,-4.96672,1.54216,-1.93136
5.49204,-4.98189,1.54625,-1.92573
5.50441,-4.99706,1.55033,-1.9201
5.51679,-5.01223,1.55442,-1.91448
5.52917,-5.0274,1.5585,-1.90885
5.54154,-5.04257,1.56259,-1.90322
5.55392,-5.05774,1.56667,-1.89759
5.5663,-5.07291,1.57076,-1.89196
5.57868,-5.08808,1.57485,-1.88633
5.59105,-5.10325,1.57893,-1.8807
5.60343,-5.11842,1.58302,-1.87507
5.61581,-5.13359,1.5871,-1.86945
5.62818,-5.14876,1.59119,-1.86382
5.64056,-5.16393,1.59527,-1.85819
5.65294,-5.17909,1.59936,-1.85256
5.66531,-5.19426,1.60344,-1.84693
5.67769,-5.20943,1.60753,-1.8413
5.69007,-5.2246,1.61162,-1.83567
5.70245,-5.23977,1.6157,-1.83004
5.71482,-5.25494,1.61979,-1.82442
5.7272,-5.27011,1.62387,-1.81879
5.73958,-5.28528,1.62796,-1.81316
5.75195,-5.30045,1.63204,-1.80753
5.76433,-5.31562,1.63613,-1.8019
5.77671,-5.33079,1.64021,-1.79627
5.78909,-5.34596,1.6443,-1.79064
5.80146,-5.36113,1.64839,-1.78501
5.81384,-5.3763,1.65247,-1.77939
5.82622,-5.39147,1.65656,-1.77376
5.83859,-5.40664,1.66064,-1.76813
5.85097,-5.42181,1.66473,-1.7625
5.86335,-5.43698,1.66881,-1.75687
5.87572,-5.45215,1.6729,-1.75124
5.8881,-5.46732,1.67698,-1.74561
5.90048,-5.48249,1.68107,-1.73998
5.91286,-5.49766,1.68516,-1.73436
5.92523,-5.51283,1.68924,-1.72873
5.93761,-5.528,1.69333,-1.7231
5.94999,-5.54316,1.69741,-1.71747
5.96236,-5.55833,1.7015,-1.71184
5.97474,-5.5735,1.70558,-1.70621
5.98712,-5.58867,1.70967,-1.70058
5.9995,-5.60384,1.71375,-1.69496
6.01187,-5.61901,1.71784,-1.68933
6.02425,-5.63418,1.72193,-1.6837
6.03663,-5.64935,1.72601,-1.67807
6.049,-5.66452,1.7301,-1.67244
6.06138,-5.67969,1.73418,-1.66681
6.07376,-5.69486,1.73827,-1.66118
6.08614,-5.71003,1.74235,-1.65555
6.09851,-5.7252,1.74644,-1.64993
6.11089,-5.74037,1.75052,-1.6443
6.12327,-5.75554,1.75461,-1.63867
6.13564,-5.77071,1.7587,-1.63304
6.14802,-5.78588,1.76278,-1.62741
6.1604,-5.80105,1.76687,-1.62178
6.17277,-5.81622,1.77095,-1.61615
6.18515,-5.83139,1.77504,-1.61052
6.19753,-5.84656,1.77912,-1.6049
6.20991,-5.86173,1.78321,-1.59927
6.22228,-5.8769,1.78729,-1.59364
6.23466,-5.89207,1.79138,-1.58801
6.24704,-5.90724,1.79547,-1.58238
6.25941,-5.9224,1.79955,-1.57675
6.27179,-5.93757,1.80364,-1.57112
6.28417,-5.95274,1.80772,-1.56549
6.29655,-5.96791,1.81181,-1.55987
6.30892,-5.98308,1.81589,-1.55424
6.3213,-5.99825,1.81998,-1.54861
6.33368,-6.01342,1.82406,-1.54298
6.34605,-6.02859,1.82815,-1.53735
6.35843,-6.04376,1.83224,-1.53172
6.37081,-6.05893,1.83632,-1.52609
6.38318,-6.0741,1.84041,-1.52046
6.39556,-6.08927,1.84449,-1.51484
6.40794,-6.10444,1.84858,-1.50921
6.42032,-6.11961,1.85266,-1.50358
6.43269,-6.13478,1.85675,-1.49795
6.44507,-6.14995,1.86083,-1.49232
6.45745,-6.16512,1.86492,-1.48669
6.46982,-6.18029,1.86901,-1.48106
6.4822,-6.19546,1.87309,-1.47543
6.49458,-6.21063,1.87718,-1.46981
6.50696,-6.2258,1.88126,-1.46418
6.51933,-6.24097,1.88535,-1.45855
6.53171,-6.25614,1.88943,-1.45292
6.54409,-6.27131,1.89352,-1.44729
6.55646,-6.28647,1.8976,-1.44166
6.56884,-6.30164,1.90169,-1.43603
6.58122,-6.31681,1.90578,-1.4304
6.59359,-6.33198,1.90986,-1.42478
6.60597,-6.34715,1.91395,-1.41915
6.61835,-6.36232,1.91803,-1.41352
6.63073,-6.37749,1.92212,-1.40789
6.6431,-6.39266,1.9262,-1.40226
6.65548,-6.40783,1.93029,-1.39663
6.66786,-6.423,1.93437,-1.391
6.68023,-6.43817,1.93846,-1.38537
6.69261,-6.45334,1.94255,-1.37975
6.70499,-6.46851,1.94663,-1.37412
6.71737,-6.48368,1.95072,-1.36849
6.72974,-6.49885,1.9548,-1.36286
6.74212,-6.51402,1.95889,-1.35723
6.7545,-6.52919,1.96297,-1.3516
6.76687,-6.54436,1.96706,-1.34597
6.77925,-6.55953,1.97114,-1.34034
6.79163,-6.5747,1.97523,-1.33472
6.804,-6.58987,1.97932,-1.32909
6.81638,-6.60504,1.9834,-1.32346
6.82876,-6.62021,1.98749,-1.31783
6.84114,-6.63538,1.99157,-1.3122
6.85351,-6.65055,1.99566,-1.30657
6.86589,-6.66571,1.99974,-1.30094
6.87827,-6.68088,2.00383,-1.29531
6.89064,-6.69605,2.00791,-1.28969
6.90302,-6.71122,2.012,-1.28406
6.9154,-6.72639,2.01609,-1.27843
6.92778,-6.74156,2.02017,-1.2728
6.94015,-6.75673,2.02426,-1.26717
6.95253,-6.7719,2.02834,-1.26154
6.96491,-6.78707,2.03243,-1.25591
6.97728,-6.80224,2.03651,-1.25029
6.98966,-6.81741,2.0406,-1.24466
7.00204,-6.83258,2.04468,-1.23903
7.01441,-6.84775,2.04877,-1.2334
7.02679,-6.86292,2.05286,-1.22777
7.03917,-6.87809,2.05694,-1.22214
7.05155,-6.89326,2.06103,-1.21651
7.06392,-6.90843,2.06511,-1.21088
7.0763,-6.9236,2.0692,-1.20526
7.08868,-6.93877,2.07328,-1.19963
7.10105,-6.95394,2.07737,-1.194
7.11343,-6.96911,2.08145,-1.18837
7.12581,-6.98428,2.08554,-1.18274
7.13819,-6.99945,2.08963,-1.17711
7.15056,-7.01462,2.09371,-1.17148
7.16294,-7.02978,2.0978,-1.16585
7.17532,-7.04495,2.10188,-1.16023
7.18769,-7.06012,2.10597,-1.1546
7.20007,-7.07529,2.11005,-1.14897
7.21245,-7.09046,2.11414,-1.14334
7.22483,-7.10563,2.11822,-1.13771
7.2372,-7.1208,2.12231,-1.13208
7.24958,-7.13597,2.1264,-1.12645
7.26196,-7.15114,2.13048,-1.12082
7.27433,-7.16631,2.13457,-1.1152
7.28671,-7.18148,2.13865,-1.10957
7.29909,-7.19665,2.14274,-1.10394
7.31146,-7.21182,2.14682,-1.09831
7.32384,-7.22699,2.15091,-1.09268
7.33622,-7.24216,2.15499,-1.08705
7.3486,-7.25733,2.15908,-1.08142
7.36097,-7.2725,2.16317,-1.07579
7.37335,-7.28767,2.16725,-1.07017
7.38573,-7.30284,2.17134,-1.06454
7.3981,-7.31801,2.17542,-1.05891
7.41048,-7.33318,2.17951,-1.05328
7.42286,-7.34835,2.18359,-1.04765
7.43524,-7.36352,2.18768,-1.04202
7.44761,-7.37869,2.19176,-1.03639
7.45999,-7.39385,2.19585,-1.03076
7.47237,-7.40902,2.19994,-1.02514
7.48474,-7.42419,2.20402,-1.01951
7.49712,-7.43936,2.20811,-1.01388
7.5095,-7.45453,2.21219,-1.00825
7.52187,-7.4697,2.21628,-1.00262
7.53425,-7.48487,2.22036,-0.996992
7.54663,-7.50004,2.22445,-0.991363
7.55901,-7.51521,2.22853,-0.985735
7.57138,-7.53038,2.23262,-0.980106
7.58376,-7.54555,2.23671,-0.974477
7.59614,-7.56072,2.24079,-0.968848
7.60851,-7.57589,2.24488,-0.96322
7.62089,-7.59106,2.24896,-0.957591
7.63327,-7.60623,2.25305,-0.951962
7.64565,-7.6214,2.25713,-0.946334
7.65802,-7.63657,2.26122,-0.940705
7.6704,-7.65174,2.2653,-0.935076
7.68278,-7.66691,2.26939,-0.929447
7.69515,-7.68208,2.27348,-0.923819
7.70753,-7.69725,2.27756,-0.91819
7.71991,-7.71242,2.28165,-0.912561
7.73228,-7.72759,2.28573,-0.906932
7.74466,-7.74276,2.28982,-0.901304
7.75704,-7.75793,2.2939,-0.895675
7.76942,-7.77309,2.29799,-0.890046
7.78179,-7.78826,2.30207,-0.884417
7.79417,-7.80343,2.30616,-0.878789
7.80655,-7.8186,2.31025,-0.87316
7.81892,-7.83377,2.31433,-0.867531
7.8313,-7.84894,2.31842,-0.861903
7.84368,-7.86411,2.3225,-0.856274
7.85606,-7.87928,2.32659,-0.850645
7.86843,-7.89445,2.33067,-0.845016
7.88081,-7.90962,2.33476,-0.839388
7.89319,-7.92479,2.33884,-0.833759
7.90556,-7.93996,2.34293,-0.82813
7.91794,-7.95513,2.34702,-0.822501
7.93032,-7.9703,2.3511,-0.816873
7.94269,-7.98547,2.35519,-0.811244
7.95507,-8.00064,2.35927,-0.805615
7.96745,-8.01581,2.36336,-0.799986
7.97983,-8.03098,2.36744,-0.794358
7.9922,-8.04615,2.37153,-0.788729
8.00458,-8.06132,2.37561,-0.7831
8.01696,-8.07649,2.3797,-0.777472
8.02933,-8.09166,2.38379,-0.771843
8.04171,-8.10683,2.38787,-0.766214
8.05409,-8.122,2.39196,-0.760585
8.06647,-8.13716,2.39604,-0.754957
8.07884,-8.15233,2.40013,-0.749328
8.09122,-8.1675,2.40421,-0.743699
8.1036,-8.18267,2.4083,-0.73807
8.11597,-8.19784,2.41238,-0.732442
8.12835,-8.21301,2.41647,-0.726813
8.14073,-8.22818,2.42056,-0.721184
8.1531,-8.24335,2.42464,-0.715555
8.16548,-8.25852,2.42873,-0.709927
8.17786,-8.27369,2.43281,-0.704298
8.19024,-8.28886,2.4369,-0.698669
8.20261,-8.30403,2.44098,-0.693041
8.21499,-8.3192,2.44507,-0.687412
8.22737,-8.33437,2.44915,-0.681783
8.23974,-8.34954,2.45324,-0.676154
8.25212,-8.36471,2.45733,-0.670526
8.2645,-8.37988,2.46141,-0.664897
8.27688,-8.39505,2.4655,-0.659268
8.28925,-8.41022,2.46958,-0.653639
8.30163,-8.42539,2.47367,-0.648011
8.31401,-8.44056,2.47775,-0.642382
8.32638,-8.45573,2.48184,-0.636753
8.33876,-8.4709,2.48593,-0.631124
8.35114,-8.48607,2.49001,-0.625496
8.36352,-8.50124,2.4941,-0.619867
8.37589,-8.5164,2.49818,-0.614238
8.38827,-8.53157,2.50227,-0.60861
8.40065,-8.54674,2.50635,-0.602981
8.41302,-8.56191,2.51044,-0.597352
8.4254,-8.57708,2.51452,-0.591723
8.43778,-8.59225,2.51861,-0.586095
8.45015,-8.60742,2.5227,-0.580466
8.46253,-8.62259,2.52678,-0.574837
8.47491,-8.63776,2.53087,-0.569208
8.48729,-8.65293,2.53495,-0.56358
8.49966,-8.6681,2.53904,-0.557951
8.51204,-8.68327,2.54312,-0.552322
8.52442,-8.69844,2.54721,-0.546693
8.53679,-8.71361,2.55129,-0.541065
8.54917,-8.72878,2.55538,-0.535436
8.56155,-8.74395,2.55947,-0.529807
8.57393,-8.75912,2.56355,-0.524179
8.5863,-8.77429,2.56764,-0.51855
8.59868,-8.78946,2.57172,-0.512921
8.61106,-8.80463,2.57581,-0.507292
8.62343,-8.8198,2.57989,-0.501664
8.63581,-8.83497,2.58398,-0.496035
8.64819,-8.85014,2.58806,-0.490406
8.66056,-8.86531,2.59215,-0.484777
8.67294,-8.88047,2.59624,-0.479149
8.68532,-8.89564,2.60032,-0.47352
8.6977,-8.91081,2.60441,-0.467891
8.71007,-8.92598,2.60849,-0.462262
8.72245,-8.94115,2.61258,-0.456634
8.73483,-8.95632,2.61666,-0.451005
8.7472,-8.97149,2.62075,-0.445376
8.75958,-8.98666,2.62483,-0.439748
8.77196,-9.00183,2.62892,-0.434119
8.78434,-9.017,2.63301,-0.42849
8.79671,-9.03217,2.63709,-0.422861
8.80909,-9.04734,2.64118,-0.417233
8.82147,-9.06251,2.64526,-0.411604
8.83384,-9.07768,2.64935,-0.405975
8.84622,-9.09285,2.65343,-0.400346
8.8586,-9.10802,2.65752,-0.394718
8.87097,-9.12319,2.6616,-0.389089
8.88335,-9.13836,2.66569,-0.38346
8.89573,-9.15353,2.66978,-0.377831
8.90811,-9.1687,2.67386,-0.372203
8.92048,-9.18387,2.67795,-0.366574
8.93286,-9.19904,2.68203,-0.360945
8.94524,-9.21421,2.68612,-0.355317
8.95761,-9.22938,2.6902,-0.349688
8.96999,-9.24454,2.69429,-0.344059
8.98237,-9.25971,2.69837,-0.33843
8.99475,-9.27488,2.70246,-0.332802
9.00712,-9.29005,2.70655,-0.327173
9.0195,-9.30522,2.71063,-0.321544
9.03188,-9.32039,2.71472,-0.315915
9.04425,-9.33556,2.7188,-0.310287
9.05663,-9.35073,2.72289,-0.304658
9.06901,-9.3659,2.72697,-0.299029
9.08138,-9.38107,2.73106,-0.2934
9.09376,-9.39624,2.73514,-0.287772
9.10614,-9.41141,2.73923,-0.282143
9.11852,-9.42658,2.74332,-0.276514
9.13089,-9.44175,2.7474,-0.270886
9.14327,-9.45692,2.75149,-0.265257
9.15565,-9.47209,2.75557,-0.259628
9.16802,-9.48726,2.75966,-0.253999
9.1804,-9.50243,2.76374,-0.248371
9.19278,-9.5176,2.76783,-0.242742
9.20516,-9.53277,2.77191,-0.237113
9.21753,-9.54794,2.776,-0.231484
9.22991,-9.56311,2.78009,-0.225856
9.24229,-9.57828,2.78417,-0.220227
9.25466,-9.59345,2.78826,-0.214598
9.26704,-9.60862,2.79234,-0.208969
9.27942,-9.62378,2.79643,-0.203341
9.2918,-9.63895,2.80051,-0.197712
9.30417,-9.65412,2.8046,-0.192083
9.31655,-9.66929,2.80868,-0.186455
9.32893,-9.68446,2.81277,-0.180826
9.3413,-9.69963,2.81686,-0.175197
9.35368,-9.7148,2.82094,-0.169568
9.36606,-9.72997,2.82503,-0.16394
9.37843,-9.74514,2.82911,-0.158311
9.39081,-9.76031,2.8332,-0.152682
9.40319,-9.77548,2.83728,-0.147053
9.41557,-9.79065,2.84137,-0.141425
9.42794,-9.80582,2.84545,-0.135796
9.44032,-9.82099,2.84954,-0.130167
9.4527,-9.83616,2.85363,-0.124539
9.46507,-9.85133,2.85771,-0.11891
9.47745,-9.8665,2.8618,-0.113281
9.48983,-9.88167,2.86588,-0.107652
9.50221,-9.89684,2.86997,-0.102024
9.51458,-9.91201,2.87405,-0.0963948
9.52696,-9.92718,2.87814,-0.0907661
9.53934,-9.94235,2.88222,-0.0851374
9.55171,-9.95752,2.88631,-0.0795086
9.56409,-9.97269,2.8904,-0.0738799
9.57647,-9.98785,2.89448,-0.0682512
9.58884,-10.003,2.89857,-0.0626224
9.60122,-10.0182,2.90265,-0.0569937400744,-0.846113