-0.369195,-0.441387,0.807136,0.357176
-0.364001,-0.422327,0.810257,0.354364
-0.358808,-0.403267,0.813379,0.351552
-0.353614,-0.384207,0.8165,0.348739
-0.348421,-0.365147,0.819622,0.345927
-0.343227,-0.346087,0.822743,0.343115
-0.338034,-0.327027,0.825864,0.340302
-0.33284,-0.307967,0.828986,0.33749
-0.327647,-0.288906,0.832107,0.334678
-0.322453,-0.269846,0.835229,0.331865
-0.31726,-0.250786,0.83835,0.329053
-0.312066,-0.231726,0.841471,0.326241
-0.306873,-0.212666,0.844593,0.323428
-0.301679,-0.193606,0.847714,0.320616
-0.296486,-0.174546,0.850836,0.317804
-0.291292,-0.155486,0.853957,0.314991
-0.286099,-0.136426,0.857079,0.312179
-0.280905,-0.117366,0.8602,0.309367
-0.275711,-0.0983064,0.863321,0.306554
-0.270518,-0.0792464,0.866443,0.303742
-0.265324,-0.0601864,0.869564,0.30093
-0.260131,-0.0411263,0.872686,0.298118
-0.254937,-0.0220663,0.875807,0.295305
-0.249744,-0.00300633,0.878928,0.292493
-0.24455,0.0160537,0.88205,0.289681
-0.239357,0.0351137,0.885171,0.286868
-0.234163,0.0541737,0.888293,0.284056
-0.22897,0.0732337,0.891414,0.281244
-0.223776,0.0922937,0.894536,0.278431
-0.218583,0.111354,0.897657,0.275619
-0.213389,0.130414,0.900778,0.272807
-0.208196,0.149474,0.9039,0.269994
-0.203002,0.168534,0.907021,0.267182
-0.197809,0.187594,0.910143,0.26437
-0.192615,0.206654,0.913264,0.261557
-0.187422,0.225714,0.916386,0.258745
-0.182228,0.244774,0.919507,0.255933
-0.177034,0.263834,0.922628,0.25312
-0.171841,0.282894,0.92575,0.250308
-0.166647,0.301954,0.928871,0.247496
-0.161454,0.321014,0.931993,0.244683
-0.15626,0.340074,0.935114,0.241871
-0.151067,0.359134,0.938235,0.239059
-0.145873,0.378194,0.941357,0.236246
-0.14068,0.397254,0.944478,0.233434
-0.135486,0.416314,0.9476,0.230622
-0.130293,0.435374,0.950721,0.227809
-0.125099,0.454434,0.953843,0.224997
-0.119906,0.473494,0.956964,0.222185
-0.114712,0.492554,0.960085,0.219372
-0.109519,0.511614,0.963207,0.21656
-0.104325,0.530674,0.966328,0.213748
-0.0991316,0.549734,0.96945,0.210935
-0.0939381,0.568794,0.972571,0.208123
-0.0887445,0.587854,0.975692,0.205311
-0.083551,0.606914,0.978814,0.202498
-0.0783575,0.625974,0.981935,0.199686
-0.0731639,0.645034,0.985057,0.196874
-0.0679704,0.664094,0.988178,0.194061
-0.0627769,0.683154,0.9913,0.191249
-0.0575834,0.702214,0.994421,0.188437
-0.0523898,0.721274,0.997542,0.185624
-0.0471963,0.740334,1.00066,0.182812
-0.0420028,0.759394,1.00379,0.18
-0.0368093,0.778454,1.00691,0.177187
-0.0316157,0.797514,1.01003,0.174375
-0.0264222,0.816574,1.01315,0.171563
-0.0212287,0.835634,1.01627,0.16875
-0.0160352,0.854694,1.01939,0.165938
-0.0108416,0.873754,1.02251,0.163126
-0.0056481,0.892814,1.02564,0.160313
-0.000454572,0.911874,1.02876,0.157501
0.00473895,0.930934,1.03188,0.154689
0.00993248,0.949994,1.035,0.151876
0.015126,0.969054,1.03812,0.149064
0.0203195,0.988114,1.04124,0.146252
0.0255131,1.00717,1.04436,0.143439
0.0307066,1.02623,1.04749,0.140627
0.0359001,1.04529,1.05061,0.137815
0.0410936,1.06435,1.05373,0.135002
0.0462872,1.08341,1.05685,0.13219
0.0514807,1.10247,1.05997,0.129378
0.0566742,1.12153,1.06309,0.126565
0.0618677,1.14059,1.06621,0.123753
0.0670613,1.15965,1.06934,0.120941
0.0722548,1.17871,1.07246,0.118128
0.0774483,1.19777,1.07558,0.115316
0.0826419,1.21683,1.0787,0.112504
0.0878354,1.23589,1.08182,0.109691
0.0930289,1.25495,1.08494,0.106879
0.0982224,1.27401,1.08806,0.104067
0.103416,1.29307,1.09119,0.101254
0.108609,1.31213,1.09431,0.0984421
0.113803,1.33119,1.09743,0.0956298
0.118997,1.35025,1.10055,0.0928175
0.12419,1.36931,1.10367,0.0900051
0.129384,1.38837,1.10679,0.0871928
0.134577,1.40743,1.10991,0.0843805
0.139771,1.42649,1.11303,0.0815682
0.144964,1.44555,1.11616,0.0787558
0.150158,1.46461,1.11928,0.0759435
0.155351,1.48367,1.1224,0.0731312
0.160545,1.50273,1.12552,0.0703188
0.165738,1.52179,1.12864,0.0675065
0.170932,1.54085,1.13176,0.0646942
0.176125,1.55991,1.13488,0.0618819
0.181319,1.57897,1.13801,0.0590695
0.186512,1.59803,1.14113,0.0562572
0.191706,1.61709,1.14425,0.0534449
0.196899,1.63615,1.14737,0.0506325
0.202093,1.65521,1.15049,0.0478202
0.207287,1.67427,1.15361,0.0450079
0.21248,1.69333,1.15673,0.0421956
0.217674,1.71239,1.15986,0.0393832
0.222867,1.73145,1.16298,0.0365709
0.228061,1.75051,1.1661,0.0337586
0.233254,1.76957,1.16922,0.0309462
0.238448,1.78863,1.17234,0.0281339
0.243641,1.80769,1.17546,0.0253216
0.248835,1.82675,1.17858,0.0225092
0.254028,1.84581,1.18171,0.0196969
0.259222,1.86487,1.18483,0.0168846
0.264415,1.88393,1.18795,0.0140723
0.269609,1.90299,1.19107,0.0112599
0.274802,1.92205,1.19419,0.0084476
0.279996,1.94111,1.19731,0.00563527
0.285189,1.96017,1.20043,0.00282294
0.290383,1.97923,1.20356,1.06144e-05
0.423224,2.02078,1.25907,0.214401
0.424656,2.00967,1.27564,0.208825
0.426088,1.99857,1.29221,0.203249
0.42752,1.98746,1.30878,0.197673
0.428952,1.97635,1.32535,0.192097
0.430384,1.96525,1.34192,0.186521
0.431815,1.95414,1.35849,0.180944
0.433247,1.94303,1.37506,0.175368
0.434679,1.93192,1.39163,0.169792
0.436111,1.92082,1.4082,0.164216
0.437543,1.90971,1.42477,0.15864
0.438975,1.8986,1.44134,0.153063
0.440407,1.8875,1.45792,0.147487
0.441838,1.87639,1.47449,0.141911
0.44327,1.86528,1.49106,0.136335
0.444702,1.85418,1.50763,0.130759
0.446134,1.84307,1.5242,0.125183
0.447566,1.83196,1.54077,0.119606
0.448998,1.82086,1.55734,0.11403
0.45043,1.80975,1.57391,0.108454
0.451862,1.79864,1.59048,0.102878
0.453293,1.78753,1.60705,0.0973017
0.454725,1.77643,1.62362,0.0917255
0.456157,1.76532,1.64019,0.0861494
0.457589,1.75421,1.65676,0.0805732
0.459021,1.74311,1.67333,0.074997
0.460453,1.732,1.6899,0.0694208
0.461885,1.72089,1.70647,0.0638446
0.463316,1.70979,1.72305,0.0582685
0.464748,1.69868,1.73962,0.0526923
0.46618,1.68757,1.75619,0.0471161
0.467612,1.67646,1.77276,0.0415399
0.469044,1.66536,1.78933,0.0359638
0.470476,1.65425,1.8059,0.0303876
0.471908,1.64314,1.82247,0.0248114
0.47334,1.63204,1.83904,0.0192352
0.474771,1.62093,1.85561,0.0136591
0.476203,1.60982,1.87218,0.00808287
0.477635,1.59872,1.88875,0.0025067
0.603606,1.67556,1.94698,0.505842
0.620676,1.68591,1.94819,0.501775
0.637747,1.69626,1.94941,0.497708
0.654818,1.70661,1.95063,0.493641
0.671888,1.71695,1.95185,0.489574
0.688959,1.7273,1.95307,0.485507
0.706029,1.73765,1.95429,0.48144
0.7231,1.748,1.9555,0.477373
0.740171,1.75835,1.95672,0.473306
0.757241,1.7687,1.95794,0.469239
0.774312,1.77905,1.95916,0.465172
0.791383,1.7894,1.96038,0.461105
0.808453,1.79975,1.96159,0.457038
0.825524,1.8101,1.96281,0.452971
0.842595,1.82045,1.96403,0.448904
0.859665,1.8308,1.96525,0.444837
0.876736,1.84115,1.96647,0.44077
0.893807,1.8515,1.96768,0.436703
0.910877,1.86185,1.9689,0.432636
0.927948,1.87219,1.97012,0.428569
0.945019,1.88254,1.97134,0.424502
0.962089,1.89289,1.97256,0.420435
0.97916,1.90324,1.97378,0.416368
0.996231,1.91359,1.97499,0.412301
1.0133,1.92394,1.97621,0.408234
1.03037,1.93429,1.97743,0.404167
1.04744,1.94464,1.97865,0.4001
1.06451,1.95499,1.97987,0.396033
1.08158,1.96534,1.98108,0.391966
1.09865,1.97569,1.9823,0.387899
1.11573,1.98604,1.98352,0.383832
1.1328,1.99639,1.98474,0.379765
1.14987,2.00674,1.98596,0.375698
1.16694,2.01709,1.98718,0.371631
1.18401,2.02744,1.98839,0.367564
1.20108,2.03778,1.98961,0.363497
1.21815,2.04813,1.99083,0.35943
1.23522,2.05848,1.99205,0.355363
1.25229,2.06883,1.99327,0.351296
1.26936,2.07918,1.99448,0.347229
1.28643,2.08953,1.9957,0.343162
1.3035,2.09988,1.99692,0.339095
1.32057,2.11023,1.99814,0.335028
1.33764,2.12058,1.99936,0.330961
1.35471,2.13093,2.00058,0.326894
1.37178,2.14128,2.00179,0.322827
1.38886,2.15163,2.00301,0.31876
1.40593,2.16198,2.00423,0.314693
1.423,2.17233,2.00545,0.310626
1.44007,2.18268,2.00667,0.306559
1.45714,2.19302,2.00788,0.302492
1.47421,2.20337,2.0091,0.298425
1.49128,2.21372,2.01032,0.294358
1.50835,2.22407,2.01154,0.290291
1.52542,2.23442,2.01276,0.286224
1.54249,2.24477,2.01398,0.282157
1.55956,2.25512,2.01519,0.27809
1.57663,2.26547,2.01641,0.274023
1.5937,2.27582,2.01763,0.269956
1.61077,2.28617,2.01885,0.265889
1.62784,2.29652,2.02007,0.261822
1.64492,2.30687,2.02128,0.257755
1.66199,2.31722,2.0225,0.253688
1.67906,2.32757,2.02372,0.249621
1.69613,2.33792,2.02494,0.245554
1.7132,2.34826,2.02616,0.241487
1.73027,2.35861,2.02738,0.23742
1.74734,2.36896,2.02859,0.233353
1.76441,2.37931,2.02981,0.229286
1.78148,2.38966,2.03103,0.225219
1.79855,2.40001,2.03225,0.221152
1.81562,2.41036,2.03347,0.217085
1.83269,2.42071,2.03468,0.213018
1.84976,2.43106,2.0359,0.208951
1.86683,2.44141,2.03712,0.204884
1.8839,2.45176,2.03834,0.200817
1.90098,2.46211,2.03956,0.19675
1.91805,2.47246,2.04077,0.192683
1.93512,2.48281,2.04199,0.188616
1.95219,2.49316,2.04321,0.184549
1.96926,2.5035,2.04443,0.180482
1.98633,2.51385,2.04565,0.176415
2.0034,2.5242,2.04687,0.172348
2.02047,2.53455,2.04808,0.168281
2.03754,2.5449,2.0493,0.164214
2.05461,2.55525,2.05052,0.160147
2.07168,2.5656,2.05174,0.15608
2.08875,2.57595,2.05296,0.152013
2.10582,2.5863,2.05417,0.147946
2.12289,2.59665,2.05539,0.143879
2.13996,2.607,2.05661,0.139812
2.15703,2.61735,2.05783,0.135745
2.17411,2.6277,2.05905,0.131678
2.19118,2.63805,2.06027,0.127611
2.20825,2.6484,2.06148,0.123544
2.22532,2.65875,2.0627,0.119477
2.24239,2.66909,2.06392,0.11541
2.25946,2.67944,2.06514,0.111343
2.27653,2.68979,2.06636,0.107276
2.2936,2.70014,2.06757,0.103209
2.31067,2.71049,2.06879,0.0991416
2.32774,2.72084,2.07001,0.0950746
2.34481,2.73119,2.07123,0.0910076
2.36188,2.74154,2.07245,0.0869406
2.37895,2.75189,2.07367,0.0828736
2.39602,2.76224,2.07488,0.0788066
2.41309,2.77259,2.0761,0.0747396
2.43017,2.78294,2.07732,0.0706726
2.44724,2.79329,2.07854,0.0666056
2.46431,2.80364,2.07976,0.0625386
2.48138,2.81399,2.08097,0.0584716
2.49845,2.82433,2.08219,0.0544046
2.51552,2.83468,2.08341,0.0503375
2.53259,2.84503,2.08463,0.0462705
2.54966,2.85538,2.08585,0.0422035
2.56673,2.86573,2.08707,0.0381365
2.5838,2.87608,2.08828,0.0340695
2.60087,2.88643,2.0895,0.0300025
2.61794,2.89678,2.09072,0.0259355
2.63501,2.90713,2.09194,0.0218685
2.65208,2.91748,2.09316,0.0178015
2.66915,2.92783,2.09437,0.0137345
2.68622,2.93818,2.09559,0.00966748
2.7033,2.94853,2.09681,0.00560047
2.72037,2.95888,2.09803,0.00153347
2.84885,3.02753,2.15587,0.440745
2.86271,3.04192,2.15676,0.437194
2.87656,3.05631,2.15765,0.433643
2.89042,3.07071,2.15855,0.430092
2.90428,3.0851,2.15944,0.42654
2.91814,3.09949,2.16034,0.422989
2.932,3.11388,2.16123,0.419438
2.94586,3.12828,2.16212,0.415887
2.95972,3.14267,2.16302,0.412336
2.97358,3.15706,2.16391,0.408784
2.98743,3.17145,2.16481,0.405233
3.00129,3.18584,2.1657,0.401682
3.01515,3.20024,2.16659,0.398131
3.02901,3.21463,2.16749,0.394579
3.04287,3.22902,2.16838,0.391028
3.05673,3.24341,2.16928,0.387477
3.07059,3.25781,2.17017,0.383926
3.08445,3.2722,2.17106,0.380375
3.0983,3.28659,2.17196,0.376823
3.11216,3.30098,2.17285,0.373272
3.12602,3.31537,2.17375,0.369721
3.13988,3.32977,2.17464,0.36617
3.15374,3.34416,2.17553,0.362618
3.1676,3.35855,2.17643,0.359067
3.18146,3.37294,2.17732,0.355516
3.19532,3.38734,2.17822,0.351965
3.20917,3.40173,2.17911,0.348414
3.22303,3.41612,2.18,0.344862
3.23689,3.43051,2.1809,0.341311
3.25075,3.4449,2.18179,0.33776
3.26461,3.4593,2.18269,0.334209
3.27847,3.47369,2.18358,0.330658
3.29233,3.48808,2.18447,0.327106
3.30618,3.50247,2.18537,0.323555
3.32004,3.51687,2.18626,0.320004
3.3339,3.53126,2.18716,0.316453
3.34776,3.54565,2.18805,0.312901
3.36162,3.56004,2.18894,0.30935
3.37548,3.57443,2.18984,0.305799
3.38934,3.58883,2.19073,0.302248
3.4032,3.60322,2.19163,0.298697
3.41705,3.61761,2.19252,0.295145
3.43091,3.632,2.19341,0.291594
3.44477,3.6464,2.19431,0.288043
3.45863,3.66079,2.1952,0.284492
3.47249,3.67518,2.1961,0.28094
3.48635,3.68957,2.19699,0.277389
3.50021,3.70396,2.19788,0.273838
3.51407,3.71836,2.19878,0.270287
3.52792,3.73275,2.19967,0.266736
3.54178,3.74714,2.20057,0.263184
3.55564,3.76153,2.20146,0.259633
3.5695,3.77593,2.20235,0.256082
3.58336,3.79032,2.20325,0.252531
3.59722,3.80471,2.20414,0.24898
3.61108,3.8191,2.20504,0.245428
3.62494,3.83349,2.20593,0.241877
3.63879,3.84789,2.20682,0.238326
3.65265,3.86228,2.20772,0.234775
3.66651,3.87667,2.20861,0.231223
3.68037,3.89106,2.20951,0.227672
3.69423,3.90546,2.2104,0.224121
3.70809,3.91985,2.21129,0.22057
3.72195,3.93424,2.21219,0.217019
3.73581,3.94863,2.21308,0.213467
3.74966,3.96302,2.21398,0.209916
3.76352,3.97742,2.21487,0.206365
3.77738,3.99181,2.21576,0.202814
3.79124,4.0062,2.21666,0.199262
3.8051,4.02059,2.21755,0.195711
3.81896,4.03499,2.21845,0.19216
3.83282,4.04938,2.21934,0.188609
3.84668,4.06377,2.22023,0.185058
3.86053,4.07816,2.22113,0.181506
3.87439,4.09256,2.22202,0.177955
3.88825,4.10695,2.22292,0.174404
3.90211,4.12134,2.22381,0.170853
3.91597,4.13573,2.2247,0.167302
3.92983,4.15012,2.2256,0.16375
3.94369,4.16452,2.22649,0.160199
3.95754,4.17891,2.22739,0.156648
3.9714,4.1933,2.22828,0.153097
3.98526,4.20769,2.22917,0.149545
3.99912,4.22209,2.23007,0.145994
4.01298,4.23648,2.23096,0.142443
4.02684,4.25087,2.23186,0.138892
4.0407,4.26526,2.23275,0.135341
4.05456,4.27965,2.23364,0.131789
4.06841,4.29405,2.23454,0.128238
4.08227,4.30844,2.23543,0.124687
4.09613,4.32283,2.23633,0.121136
4.10999,4.33722,2.23722,0.117584
4.12385,4.35162,2.23811,0.114033
4.13771,4.36601,2.23901,0.110482
4.15157,4.3804,2.2399,0.106931
4.16543,4.39479,2.2408,0.10338
4.17928,4.40918,2.24169,0.0998284
4.19314,4.42358,2.24258,0.0962772
4.207,4.43797,2.24348,0.0927259
4.22086,4.45236,2.24437,0.0891747
4.23472,4.46675,2.24527,0.0856235
4.24858,4.48115,2.24616,0.0820723
4.26244,4.49554,2.24705,0.0785211
4.2763,4.50993,2.24795,0.0749698
4.29015,4.52432,2.24884,0.0714186
4.30401,4.53871,2.24974,0.0678674
4.31787,4.55311,2.25063,0.0643162
4.33173,4.5675,2.25152,0.060765
4.34559,4.58189,2.25242,0.0572138
4.35945,4.59628,2.25331,0.0536625
4.37331,4.61068,2.25421,0.0501113
4.38717,4.62507,2.2551,0.0465601
4.40102,4.63946,2.25599,0.0430089
4.41488,4.65385,2.25689,0.0394577
4.42874,4.66824,2.25778,0.0359065
4.4426,4.68264,2.25868,0.0323552
4.45646,4.69703,2.25957,0.028804
4.47032,4.71142,2.26046,0.0252528
4.48418,4.72581,2.26136,0.0217016
4.49804,4.74021,2.26225,0.0181504
4.51189,4.7546,2.26315,0.0145992
4.52575,4.76899,2.26404,0.0110479
4.53961,4.78338,2.26493,0.00749672
4.55347,4.79777,2.26583,0.0039455
4.56733,4.81217,2.26672,0.000394282
4.68763,4.90081,2.32536,0.594646
4.69957,4.91298,2.33582,0.576203
4.7115,4.92515,2.34628,0.557761
4.72343,4.93732,2.35675,0.539318
4.73537,4.9495,2.36721,0.520875
4.7473,4.96167,2.37767,0.502432
4.75923,4.97384,2.38813,0.48399
4.77116,4.98601,2.39859,0.465547
4.7831,4.99818,2.40906,0.447104
4.79503,5.01035,2.41952,0.428661
4.80696,5.02253,2.42998,0.410219
4.8189,5.0347,2.44044,0.391776
4.83083,5.04687,2.4509,0.373333
4.84276,5.05904,2.46136,0.354891
4.8547,5.07121,2.47183,0.336448
4.86663,5.08339,2.48229,0.318005
4.87856,5.09556,2.49275,0.299562
4.89049,5.10773,2.50321,0.28112
4.90243,5.1199,2.51367,0.262677
4.91436,5.13207,2.52414,0.244234
4.92629,5.14424,2.5346,0.225791
4.93823,5.15642,2.54506,0.207349
4.95016,5.16859,2.55552,0.188906
4.96209,5.18076,2.56598,0.170463
4.97403,5.19293,2.57645,0.15202
4.98596,5.2051,2.58691,0.133578
4.99789,5.21728,2.59737,0.115135
5.00983,5.22945,2.60783,0.0966921
5.02176,5.24162,2.61829,0.0782494
5.03369,5.25379,2.62875,0.0598066
5.04562,5.26596,2.63922,0.0413639
5.05756,5.27813,2.64968,0.0229211
5.06949,5.29031,2.66014,0.00447838
5.19349,5.37188,2.71856,0.541753
5.17437,5.37758,2.71998,0.537713
5.15525,5.38328,2.72141,0.533673
5.13614,5.38898,2.72283,0.529632
5.11702,5.39468,2.72425,0.525592
5.0979,5.40038,2.72567,0.521551
5.07878,5.40607,2.7271,0.517511
5.05966,5.41177,2.72852,0.51347
5.04055,5.41747,2.72994,0.50943
5.02143,5.42317,2.73136,0.505389
5.00231,5.42887,2.73278,0.501349
4.98319,5.43457,2.73421,0.497309
4.96407,5.44026,2.73563,0.493268
4.94495,5.44596,2.73705,0.489228
4.92584,5.45166,2.73847,0.485187
4.90672,5.45736,2.7399,0.481147
4.8876,5.46306,2.74132,0.477106
4.86848,5.46876,2.74274,0.473066
4.84936,5.47446,2.74416,0.469025
4.83025,5.48015,2.74559,0.464985
4.81113,5.48585,2.74701,0.460944
4.79201,5.49155,2.74843,0.456904
4.77289,5.49725,2.74985,0.452864
4.75377,5.50295,2.75128,0.448823
4.73465,5.50865,2.7527,0.444783
4.71554,5.51434,2.75412,0.440742
4.69642,5.52004,2.75554,0.436702
4.6773,5.52574,2.75697,0.432661
4.65818,5.53144,2.75839,0.428621
4.63906,5.53714,2.75981,0.42458
4.61995,5.54284,2.76123,0.42054
4.60083,5.54853,2.76266,0.4165
4.58171,5.55423,2.76408,0.412459
4.56259,5.55993,2.7655,0.408419
4.54347,5.56563,2.76692,0.404378
4.52435,5.57133,2.76834,0.400338
4.50524,5.57703,2.76977,0.396297
4.48612,5.58273,2.77119,0.392257
4.467,5.58842,2.77261,0.388216
4.44788,5.59412,2.77403,0.384176
4.42876,5.59982,2.77546,0.380135
4.40965,5.60552,2.77688,0.376095
4.39053,5.61122,2.7783,0.372055
4.37141,5.61692,2.77972,0.368014
4.35229,5.62261,2.78115,0.363974
4.33317,5.62831,2.78257,0.359933
4.31405,5.63401,2.78399,0.355893
4.29494,5.63971,2.78541,0.351852
4.27582,5.64541,2.78684,0.347812
4.2567,5.65111,2.78826,0.343771
4.23758,5.6568,2.78968,0.339731
4.21846,5.6625,2.7911,0.335691
4.19935,5.6682,2.79253,0.33165
4.18023,5.6739,2.79395,0.32761
4.16111,5.6796,2.79537,0.323569
4.14199,5.6853,2.79679,0.319529
4.12287,5.691,2.79822,0.315488
4.10375,5.69669,2.79964,0.311448
4.08464,5.70239,2.80106,0.307407
4.06552,5.70809,2.80248,0.303367
4.0464,5.71379,2.8039,0.299326
4.02728,5.71949,2.80533,0.295286
4.00816,5.72519,2.80675,0.291246
3.98905,5.73088,2.80817,0.287205
3.96993,5.73658,2.80959,0.283165
3.95081,5.74228,2.81102,0.279124
3.93169,5.74798,2.81244,0.275084
3.91257,5.75368,2.81386,0.271043
3.89345,5.75938,2.81528,0.267003
3.87434,5.76507,2.81671,0.262962
3.85522,5.77077,2.81813,0.258922
3.8361,5.77647,2.81955,0.254881
3.81698,5.78217,2.82097,0.250841
3.79786,5.78787,2.8224,0.246801
3.77875,5.79357,2.82382,0.24276
3.75963,5.79927,2.82524,0.23872
3.74051,5.80496,2.82666,0.234679
3.72139,5.81066,2.82809,0.230639
3.70227,5.81636,2.82951,0.226598
3.68315,5.82206,2.83093,0.222558
3.66404,5.82776,2.83235,0.218517
3.64492,5.83346,2.83378,0.214477
3.6258,5.83915,2.8352,0.210437
3.60668,5.84485,2.83662,0.206396
3.58756,5.85055,2.83804,0.202356
3.56845,5.85625,2.83947,0.198315
3.54933,5.86195,2.84089,0.194275
3.53021,5.86765,2.84231,0.190234
3.51109,5.87334,2.84373,0.186194
3.49197,5.87904,2.84515,0.182153
3.47285,5.88474,2.84658,0.178113
3.45374,5.89044,2.848,0.174072
3.43462,5.89614,2.84942,0.170032
3.4155,5.90184,2.85084,0.165992
3.39638,5.90754,2.85227,0.161951
3.37726,5.91323,2.85369,0.157911
3.35815,5.91893,2.85511,0.15387
3.33903,5.92463,2.85653,0.14983
3.31991,5.93033,2.85796,0.145789
3.30079,5.93603,2.85938,0.141749
3.28167,5.94173,2.8608,0.137708
3.26255,5.94742,2.86222,0.133668
3.24344,5.95312,2.86365,0.129628
3.22432,5.95882,2.86507,0.125587
3.2052,5.96452,2.86649,0.121547
3.18608,5.97022,2.86791,0.117506
3.16696,5.97592,2.86934,0.113466
3.14785,5.98161,2.87076,0.109425
3.12873,5.98731,2.87218,0.105385
3.10961,5.99301,2.8736,0.101344
3.09049,5.99871,2.87503,0.0973039
3.07137,6.00441,2.87645,0.0932635
3.05225,6.01011,2.87787,0.089223
3.03314,6.01581,2.87929,0.0851826
3.01402,6.0215,2.88071,0.0811421
2.9949,6.0272,2.88214,0.0771017
2.97578,6.0329,2.88356,0.0730612
2.95666,6.0386,2.88498,0.0690208
2.93755,6.0443,2.8864,0.0649803
2.91843,6.05,2.88783,0.0609399
2.89931,6.05569,2.88925,0.0568994
2.88019,6.06139,2.89067,0.052859
2.86107,6.06709,2.89209,0.0488185
2.84195,6.07279,2.89352,0.0447781
2.82284,6.07849,2.89494,0.0407376
2.80372,6.08419,2.89636,0.0366972
2.7846,6.08988,2.89778,0.0326567
2.76548,6.09558,2.89921,0.0286163
2.74636,6.10128,2.90063,0.0245758
2.72725,6.10698,2.90205,0.0205354
2.70813,6.11268,2.90347,0.0164949
2.68901,6.11838,2.9049,0.0124545
2.66989,6.12408,2.90632,0.00841401
2.65077,6.12977,2.90774,0.00437356
2.63165,6.13547,2.90916,0.000333106
2.75567,6.21725,2.9676,0.544094
2.74393,6.20106,2.96805,0.528911
2.73219,6.18488,2.96851,0.513729
2.72045,6.16869,2.96896,0.498546
2.70872,6.1525,2.96941,0.483363
2.69698,6.13632,2.96986,0.468181
2.68524,6.12013,2.97031,0.452998
2.6735,6.10395,2.97077,0.437816
2.66176,6.08776,2.97122,0.422633
2.65002,6.07157,2.97167,0.40745
2.63828,6.05539,2.97212,0.392268
2.62654,6.0392,2.97257,0.377085
2.6148,6.02302,2.97303,0.361902
2.60306,6.00683,2.97348,0.34672
2.59132,5.99064,2.97393,0.331537
2.57958,5.97446,2.97438,0.316355
2.56785,5.95827,2.97483,0.301172
2.55611,5.94209,2.97529,0.285989
2.54437,5.9259,2.97574,0.270807
2.53263,5.90971,2.97619,0.255624
2.52089,5.89353,2.97664,0.240442
2.50915,5.87734,2.97709,0.225259
2.49741,5.86116,2.97755,0.210076
2.48567,5.84497,2.978,0.194894
2.47393,5.82878,2.97845,0.179711
2.46219,5.8126,2.9789,0.164529
2.45045,5.79641,2.97935,0.149346
2.43871,5.78023,2.97981,0.134163
2.42697,5.76404,2.98026,0.118981
2.41524,5.74785,2.98071,0.103798
2.4035,5.73167,2.98116,0.0886156
2.39176,5.71548,2.98161,0.073433
2.38002,5.6993,2.98207,0.0582504
2.36828,5.68311,2.98252,0.0430678
2.35654,5.66692,2.98297,0.0278852
2.3448,5.65074,2.98342,0.0127026
2.46667,5.73692,3.04211,0.577631
2.44703,5.73976,3.03956,0.573253
2.4274,5.7426,3.03702,0.568875
2.40776,5.74543,3.03448,0.564497
2.38813,5.74827,3.03194,0.560119
2.3685,5.75111,3.0294,0.555741
2.34886,5.75395,3.02686,0.551363
2.32923,5.75678,3.02431,0.546985
2.30959,5.75962,3.02177,0.542607
2.28996,5.76246,3.01923,0.538229
2.27033,5.7653,3.01669,0.533851
2.25069,5.76813,3.01415,0.529473
2.23106,5.77097,3.01161,0.525095
2.21143,5.77381,3.00907,0.520717
2.19179,5.77665,3.00652,0.516339
2.17216,5.77948,3.00398,0.511961
2.15252,5.78232,3.00144,0.507583
2.13289,5.78516,2.9989,0.503205
2.11326,5.788,2.99636,0.498827
2.09362,5.79084,2.99382,0.494449
2.07399,5.79367,2.99127,0.490071
2.05435,5.79651,2.98873,0.485693
2.03472,5.79935,2.98619,0.481315
2.01509,5.80219,2.98365,0.476937
1.99545,5.80502,2.98111,0.472559
1.97582,5.80786,2.97857,0.468181
1.95619,5.8107,2.97602,0.463803
1.93655,5.81354,2.97348,0.459425
1.91692,5.81637,2.97094,0.455047
1.89728,5.81921,2.9684,0.450669
1.87765,5.82205,2.96586,0.446291
1.85802,5.82489,2.96332,0.441913
1.83838,5.82772,2.96077,0.437535
1.81875,5.83056,2.95823,0.433157
1.79911,5.8334,2.95569,0.428779
1.77948,5.83624,2.95315,0.424401
1.75985,5.83908,2.95061,0.420023
1.74021,5.84191,2.94807,0.415645
1.72058,5.84475,2.94552,0.411267
1.70095,5.84759,2.94298,0.406889
1.68131,5.85043,2.94044,0.402511
1.66168,5.85326,2.9379,0.398133
1.64204,5.8561,2.93536,0.393755
1.62241,5.85894,2.93282,0.389377
1.60278,5.86178,2.93028,0.384999
1.58314,5.86461,2.92773,0.380621
1.56351,5.86745,2.92519,0.376243
1.54387,5.87029,2.92265,0.371865
1.52424,5.87313,2.92011,0.367487
1.50461,5.87596,2.91757,0.363109
1.48497,5.8788,2.91503,0.358731
1.46534,5.88164,2.91248,0.354353
1.44571,5.88448,2.90994,0.349975
1.42607,5.88732,2.9074,0.345597
1.40644,5.89015,2.90486,0.341219
1.3868,5.89299,2.90232,0.336841
1.36717,5.89583,2.89978,0.332463
1.34754,5.89867,2.89723,0.328085
1.3279,5.9015,2.89469,0.323707
1.30827,5.90434,2.89215,0.319329
1.28863,5.90718,2.88961,0.314951
1.269,5.91002,2.88707,0.310573
1.24937,5.91285,2.88453,0.306195
1.22973,5.91569,2.88198,0.301817
1.2101,5.91853,2.87944,0.297439
1.19047,5.92137,2.8769,0.293061
1.17083,5.9242,2.87436,0.288683
1.1512,5.92704,2.87182,0.284305
1.13156,5.92988,2.86928,0.279927
1.11193,5.93272,2.86673,0.275549
1.0923,5.93556,2.86419,0.271171
1.07266,5.93839,2.86165,0.266793
1.05303,5.94123,2.85911,0.262415
1.03339,5.94407,2.85657,0.258037
1.01376,5.94691,2.85403,0.253659
0.994127,5.94974,2.85149,0.249281
0.974493,5.95258,2.84894,0.244903
0.954859,5.95542,2.8464,0.240525
0.935225,5.95826,2.84386,0.236147
0.915592,5.96109,2.84132,0.231768
0.895958,5.96393,2.83878,0.22739
0.876324,5.96677,2.83624,0.223012
0.85669,5.96961,2.83369,0.218634
0.837056,5.97244,2.83115,0.214256
0.817422,5.97528,2.82861,0.209878
0.797789,5.97812,2.82607,0.2055
0.778155,5.98096,2.82353,0.201122
0.758521,5.9838,2.82099,0.196744
0.738887,5.98663,2.81844,0.192366
0.719253,5.98947,2.8159,0.187988
0.699619,5.99231,2.81336,0.18361
0.679985,5.99515,2.81082,0.179232
0.660352,5.99798,2.80828,0.174854
0.640718,6.00082,2.80574,0.170476
0.621084,6.00366,2.80319,0.166098
0.60145,6.0065,2.80065,0.16172
0.581816,6.00933,2.79811,0.157342
0.562182,6.01217,2.79557,0.152964
0.542549,6.01501,2.79303,0.148586
0.522915,6.01785,2.79049,0.144208
0.503281,6.02068,2.78794,0.13983
0.483647,6.02352,2.7854,0.135452
0.464013,6.02636,2.78286,0.131074
0.444379,6.0292,2.78032,0.126696
0.424745,6.03204,2.77778,0.122318
0.405112,6.03487,2.77524,0.11794
0.385478,6.03771,2.77269,0.113562
0.365844,6.04055,2.77015,0.109184
0.34621,6.04339,2.76761,0.104806
0.326576,6.04622,2.76507,0.100428
0.306942,6.04906,2.76253,0.0960503
0.287309,6.0519,2.75999,0.0916723
0.267675,6.05474,2.75745,0.0872943
0.248041,6.05757,2.7549,0.0829163
0.228407,6.06041,2.75236,0.0785383
0.208773,6.06325,2.74982,0.0741603
0.189139,6.06609,2.74728,0.0697823
0.169505,6.06892,2.74474,0.0654043
0.149872,6.07176,2.7422,0.0610263
0.130238,6.0746,2.73965,0.0566483
0.110604,6.07744,2.73711,0.0522703
0.09097,6.08028,2.73457,0.0478923
0.0713362,6.08311,2.73203,0.0435143
0.0517024,6.08595,2.72949,0.0391363
0.0320685,6.08879,2.72695,0.0347583
0.0124347,6.09163,2.7244,0.0303802
-0.00719919,6.09446,2.72186,0.0260022
-0.026833,6.0973,2.71932,0.0216242
-0.0464669,6.10014,2.71678,0.0172462
-0.0661007,6.10298,2.71424,0.0128682
-0.0857346,6.10581,2.7117,0.00849022
-0.105368,6.10865,2.70915,0.00411222
0.0216533,6.18163,2.76722,0.474546
0.00971269,6.16666,2.773,0.465878
-0.00222787,6.15169,2.77878,0.45721
-0.0141684,6.13673,2.78456,0.448541
-0.026109,6.12176,2.79034,0.439873
-0.0380495,6.10679,2.79612,0.431205
-0.0499901,6.09183,2.8019,0.422536
-0.0619307,6.07686,2.80768,0.413868
-0.0738712,6.06189,2.81346,0.4052
-0.0858118,6.04692,2.81923,0.396531
-0.0977523,6.03196,2.82501,0.387863
-0.109693,6.01699,2.83079,0.379195
-0.121633,6.00202,2.83657,0.370526
-0.133574,5.98705,2.84235,0.361858
-0.145515,5.97209,2.84813,0.35319
-0.157455,5.95712,2.85391,0.344521
-0.169396,5.94215,2.85969,0.335853
-0.181336,5.92718,2.86547,0.327185
-0.193277,5.91222,2.87125,0.318516
-0.205217,5.89725,2.87703,0.309848
-0.217158,5.88228,2.88281,0.30118
-0.229099,5.86731,2.88859,0.292511
-0.241039,5.85235,2.89437,0.283843
-0.25298,5.83738,2.90015,0.275175
-0.26492,5.82241,2.90592,0.266506
-0.276861,5.80745,2.9117,0.257838
-0.288801,5.79248,2.91748,0.24917
-0.300742,5.77751,2.92326,0.240501
-0.312682,5.76254,2.92904,0.231833
-0.324623,5.74758,2.93482,0.223165
-0.336564,5.73261,2.9406,0.214496
-0.348504,5.71764,2.94638,0.205828
-0.360445,5.70267,2.95216,0.19716
-0.372385,5.68771,2.95794,0.188491
-0.384326,5.67274,2.96372,0.179823
-0.396266,5.65777,2.9695,0.171155
-0.408207,5.6428,2.97528,0.162486
-0.420147,5.62784,2.98106,0.153818
-0.432088,5.61287,2.98684,0.14515
-0.444029,5.5979,2.99262,0.136481
-0.455969,5.58293,2.99839,0.127813
-0.46791,5.56797,3.00417,0.119145
-0.47985,5.553,3.00995,0.110476
-0.491791,5.53803,3.01573,0.101808
-0.503731,5.52307,3.02151,0.0931396
-0.515672,5.5081,3.02729,0.0844713
-0.527612,5.49313,3.03307,0.075803
-0.539553,5.47816,3.03885,0.0671347
-0.551494,5.4632,3.04463,0.0584663
-0.563434,5.44823,3.05041,0.049798
-0.575375,5.43326,3.05619,0.0411297
-0.587315,5.41829,3.06197,0.0324613
-0.599256,5.40333,3.06775,0.023793
-0.611196,5.38836,3.07353,0.0151247
-0.623137,5.37339,3.07931,0.00645632
-0.494866,5.44242,3.13711,0.442848
-0.475477,5.44702,3.1388,0.429586
-0.456088,5.45163,3.14049,0.416324
-0.436699,5.45623,3.14218,0.403061
-0.41731,5.46084,3.14387,0.389799
-0.397921,5.46544,3.14556,0.376537
-0.378532,5.47005,3.14725,0.363275
-0.359143,5.47466,3.14894,0.350013
-0.339754,5.47926,3.15063,0.336751
-0.320365,5.48387,3.15232,0.323489
-0.300977,5.48847,3.15401,0.310227
-0.281588,5.49308,3.1557,0.296964
-0.262199,5.49768,3.15739,0.283702
-0.24281,5.50229,3.15908,0.27044
-0.223421,5.5069,3.16077,0.257178
-0.204032,5.5115,3.16246,0.243916
-0.184643,5.51611,3.16415,0.230654
-0.165254,5.52071,3.16584,0.217392
-0.145865,5.52532,3.16754,0.204129
-0.126476,5.52992,3.16923,0.190867
-0.107087,5.53453,3.17092,0.177605
-0.0876984,5.53913,3.17261,0.164343
-0.0683095,5.54374,3.1743,0.151081
-0.0489206,5.54835,3.17599,0.137819
-0.0295316,5.55295,3.17768,0.124557
-0.0101427,5.55756,3.17937,0.111294
0.00924622,5.56216,3.18106,0.0980323
0.0286351,5.56677,3.18275,0.0847702
0.0480241,5.57137,3.18444,0.0715081
0.067413,5.57598,3.18613,0.0582459
0.0868019,5.58059,3.18782,0.0449838
0.106191,5.58519,3.18951,0.0317217
0.12558,5.5898,3.1912,0.0184595
0.144969,5.5944,3.19289,0.00519738
0.271457,5.66947,3.25107,0.492135
0.252742,5.6725,3.24471,0.488808
0.234027,5.67553,3.23834,0.485482
0.215312,5.67856,3.23197,0.482156
0.196597,5.68159,3.2256,0.47883
0.177882,5.68463,3.21923,0.475504
0.159166,5.68766,3.21287,0.472178
0.140451,5.69069,3.2065,0.468851
0.121736,5.69372,3.20013,0.465525
0.103021,5.69675,3.19376,0.462199
0.084306,5.69979,3.18739,0.458873
0.0655909,5.70282,3.18103,0.455547
0.0468758,5.70585,3.17466,0.452221
0.0281607,5.70888,3.16829,0.448894
0.00944555,5.71191,3.16192,0.445568
-0.00926957,5.71494,3.15555,0.442242
-0.0279847,5.71798,3.14919,0.438916
-0.0466998,5.72101,3.14282,0.43559
-0.0654149,5.72404,3.13645,0.432264
-0.08413,5.72707,3.13008,0.428937
-0.102845,5.7301,3.12371,0.425611
-0.12156,5.73314,3.11735,0.422285
-0.140275,5.73617,3.11098,0.418959
-0.158991,5.7392,3.10461,0.415633
-0.177706,5.74223,3.09824,0.412307
-0.196421,5.74526,3.09187,0.40898
-0.215136,5.7483,3.08551,0.405654
-0.233851,5.75133,3.07914,0.402328
-0.252566,5.75436,3.07277,0.399002
-0.271281,5.75739,3.0664,0.395676
-0.289996,5.76042,3.06003,0.39235
-0.308711,5.76346,3.05367,0.389023
-0.327427,5.76649,3.0473,0.385697
-0.346142,5.76952,3.04093,0.382371
-0.364857,5.77255,3.03456,0.379045
-0.383572,5.77558,3.02819,0.375719
-0.402287,5.77862,3.02183,0.372393
-0.421002,5.78165,3.01546,0.369066
-0.439717,5.78468,3.00909,0.36574
-0.458432,5.78771,3.00272,0.362414
-0.477148,5.79074,2.99635,0.359088
-0.495863,5.79378,2.98998,0.355762
-0.514578,5.79681,2.98362,0.352436
-0.533293,5.79984,2.97725,0.349109
-0.552008,5.80287,2.97088,0.345783
-0.570723,5.8059,2.96451,0.342457
-0.589438,5.80893,2.95814,0.339131
-0.608153,5.81197,2.95178,0.335805
-0.626868,5.815,2.94541,0.332479
-0.645584,5.81803,2.93904,0.329152
-0.664299,5.82106,2.93267,0.325826
-0.683014,5.82409,2.9263,0.3225
-0.701729,5.82713,2.91994,0.319174
-0.720444,5.83016,2.91357,0.315848
-0.739159,5.83319,2.9072,0.312522
-0.757874,5.83622,2.90083,0.309196
-0.776589,5.83925,2.89446,0.305869
-0.795305,5.84229,2.8881,0.302543
-0.81402,5.84532,2.88173,0.299217
-0.832735,5.84835,2.87536,0.295891
-0.85145,5.85138,2.86899,0.292565
-0.870165,5.85441,2.86262,0.289239
-0.88888,5.85745,2.85626,0.285912
-0.907595,5.86048,2.84989,0.282586
-0.92631,5.86351,2.84352,0.27926
-0.945025,5.86654,2.83715,0.275934
-0.963741,5.86957,2.83078,0.272608
-0.982456,5.87261,2.82442,0.269282
-1.00117,5.87564,2.81805,0.265955
-1.01989,5.87867,2.81168,0.262629
-1.0386,5.8817,2.80531,0.259303
-1.05732,5.88473,2.79894,0.255977
-1.07603,5.88776,2.79258,0.252651
-1.09475,5.8908,2.78621,0.249325
-1.11346,5.89383,2.77984,0.245998
-1.13218,5.89686,2.77347,0.242672
-1.15089,5.89989,2.7671,0.239346
-1.16961,5.90292,2.76074,0.23602
-1.18832,5.90596,2.75437,0.232694
-1.20704,5.90899,2.748,0.229368
-1.22575,5.91202,2.74163,0.226041
-1.24447,5.91505,2.73526,0.222715
-1.26318,5.91808,2.7289,0.219389
-1.2819,5.92112,2.72253,0.216063
-1.30061,5.92415,2.71616,0.212737
-1.31933,5.92718,2.70979,0.209411
-1.33804,5.93021,2.70342,0.206084
-1.35676,5.93324,2.69706,0.202758
-1.37547,5.93628,2.69069,0.199432
-1.39419,5.93931,2.68432,0.196106
-1.4129,5.94234,2.67795,0.19278
-1.43162,5.94537,2.67158,0.189454
-1.45033,5.9484,2.66522,0.186127
-1.46905,5.95144,2.65885,0.182801
-1.48776,5.95447,2.65248,0.179475
-1.50648,5.9575,2.64611,0.176149
-1.52519,5.96053,2.63974,0.172823
-1.54391,5.96356,2.63338,0.169497
-1.56262,5.9666,2.62701,0.16617
-1.58134,5.96963,2.62064,0.162844
-1.60005,5.97266,2.61427,0.159518
-1.61877,5.97569,2.6079,0.156192
-1.63748,5.97872,2.60154,0.152866
-1.6562,5.98175,2.59517,0.14954
-1.67492,5.98479,2.5888,0.146213
-1.69363,5.98782,2.58243,0.142887
-1.71235,5.99085,2.57606,0.139561
-1.73106,5.99388,2.5697,0.136235
-1.74978,5.99691,2.56333,0.132909
-1.76849,5.99995,2.55696,0.129583
-1.78721,6.00298,2.55059,0.126256
-1.80592,6.00601,2.54422,0.12293
-1.82464,6.00904,2.53786,0.119604
-1.84335,6.01207,2.53149,0.116278
-1.86207,6.01511,2.52512,0.112952
-1.88078,6.01814,2.51875,0.109626
-1.8995,6.02117,2.51238,0.106299
-1.91821,6.0242,2.50602,0.102973
-1.93693,6.02723,2.49965,0.0996471
-1.95564,6.03027,2.49328,0.096321
-1.97436,6.0333,2.48691,0.0929948
-1.99307,6.03633,2.48054,0.0896686
-2.01179,6.03936,2.47418,0.0863425
-2.0305,6.04239,2.46781,0.0830163
-2.04922,6.04543,2.46144,0.0796901
-2.06793,6.04846,2.45507,0.076364
-2.08665,6.05149,2.4487,0.0730378
-2.10536,6.05452,2.44233,0.0697116
-2.12408,6.05755,2.43597,0.0663855
-2.14279,6.06059,2.4296,0.0630593
-2.16151,6.06362,2.42323,0.0597331
-2.18022,6.06665,2.41686,0.056407
-2.19894,6.06968,2.41049,0.0530808
-2.21765,6.07271,2.40413,0.0497547
-2.23637,6.07574,2.39776,0.0464285
-2.25508,6.07878,2.39139,0.0431023
-2.2738,6.08181,2.38502,0.0397762
-2.29251,6.08484,2.37865,0.03645
-2.31123,6.08787,2.37229,0.0331238
-2.32994,6.0909,2.36592,0.0297977
-2.34866,6.09394,2.35955,0.0264715
-2.36737,6.09697,2.35318,0.0231453
-2.38609,6.1,2.34681,0.0198192
-2.4048,6.10303,2.34045,0.016493
-2.42352,6.10606,2.33408,0.0131668
-2.44223,6.1091,2.32771,0.00984068
-2.46095,6.11213,2.32134,0.00651451
-2.47967,6.11516,2.31497,0.00318835
-2.35687,6.19905,2.37352,0.560445
-2.37014,6.18633,2.3814,0.551839
-2.38341,6.17361,2.38929,0.543233
-2.39669,6.1609,2.39717,0.534627
-2.40996,6.14818,2.40505,0.526021
-2.42323,6.13547,2.41293,0.517415
-2.43651,6.12275,2.42081,0.508809
-2.44978,6.11003,2.42869,0.500203
-2.46306,6.09732,2.43657,0.491597
-2.47633,6.0846,2.44445,0.482991
-2.4896,6.07189,2.45233,0.474385
-2.50288,6.05917,2.46022,0.465779
-2.51615,6.04646,2.4681,0.457173
-2.52942,6.03374,2.47598,0.448567
-2.5427,6.02102,2.48386,0.439961
-2.55597,6.00831,2.49174,0.431355
-2.56925,5.99559,2.49962,0.422749
-2.58252,5.98288,2.5075,0.414143
-2.59579,5.97016,2.51538,0.405537
-2.60907,5.95744,2.52326,0.396931
-2.62234,5.94473,2.53115,0.388325
-2.63562,5.93201,2.53903,0.379719
-2.64889,5.9193,2.54691,0.371113
-2.66216,5.90658,2.55479,0.362507
-2.67544,5.89386,2.56267,0.353901
-2.68871,5.88115,2.57055,0.345295
-2.70198,5.86843,2.57843,0.336689
-2.71526,5.85572,2.58631,0.328083
-2.72853,5.843,2.59419,0.319477
-2.74181,5.83028,2.60208,0.310871
-2.75508,5.81757,2.60996,0.302265
-2.76835,5.80485,2.61784,0.293659
-2.78163,5.79214,2.62572,0.285053
-2.7949,5.77942,2.6336,0.276447
-2.80817,5.7667,2.64148,0.267841
-2.82145,5.75399,2.64936,0.259235
-2.83472,5.74127,2.65724,0.250629
-2.848,5.72856,2.66512,0.242023
-2.86127,5.71584,2.67301,0.233417
-2.87454,5.70313,2.68089,0.224811
-2.88782,5.69041,2.68877,0.216205
-2.90109,5.67769,2.69665,0.207599
-2.91436,5.66498,2.70453,0.198993
-2.92764,5.65226,2.71241,0.190387
-2.94091,5.63955,2.72029,0.181781
-2.95419,5.62683,2.72817,0.173175
-2.96746,5.61411,2.73605,0.164569
-2.98073,5.6014,2.74394,0.155963
-2.99401,5.58868,2.75182,0.147357
-3.00728,5.57597,2.7597,0.138751
-3.02056,5.56325,2.76758,0.130145
-3.03383,5.55053,2.77546,0.121539
-3.0471,5.53782,2.78334,0.112933
-3.06038,5.5251,2.79122,0.104327
-3.07365,5.51239,2.7991,0.0957214
-3.08692,5.49967,2.80698,0.0871154
-3.1002,5.48695,2.81487,0.0785094
-3.11347,5.47424,2.82275,0.0699034
-3.12675,5.46152,2.83063,0.0612974
-3.14002,5.44881,2.83851,0.0526914
-3.15329,5.43609,2.84639,0.0440853
-3.16657,5.42337,2.85427,0.0354793
-3.17984,5.41066,2.86215,0.0268733
-3.19311,5.39794,2.87003,0.0182673
-3.20639,5.38523,2.87791,0.00966134
-3.21966,5.37251,2.8858,0.00105534
-3.09499,5.45186,2.94418,0.526481
-3.08883,5.43291,2.94586,0.522056
-3.08266,5.41395,2.94753,0.51763
-3.0765,5.395,2.94921,0.513204
-3.07034,5.37605,2.95088,0.508778
-3.06417,5.3571,2.95256,0.504352
-3.05801,5.33814,2.95423,0.499926
-3.05184,5.31919,2.95591,0.4955
-3.04568,5.30024,2.95759,0.491074
-3.03952,5.28129,2.95926,0.486648
-3.03335,5.26233,2.96094,0.482223
-3.02719,5.24338,2.96261,0.477797
-3.02103,5.22443,2.96429,0.473371
-3.01486,5.20548,2.96596,0.468945
-3.0087,5.18652,2.96764,0.464519
-3.00253,5.16757,2.96932,0.460093
-2.99637,5.14862,2.97099,0.455667
-2.99021,5.12967,2.97267,0.451241
-2.98404,5.11071,2.97434,0.446815
-2.97788,5.09176,2.97602,0.44239
-2.97172,5.07281,2.97769,0.437964
-2.96555,5.05386,2.97937,0.433538
-2.95939,5.0349,2.98105,0.429112
-2.95322,5.01595,2.98272,0.424686
-2.94706,4.997,2.9844,0.42026
-2.9409,4.97805,2.98607,0.415834
-2.93473,4.95909,2.98775,0.411408
-2.92857,4.94014,2.98942,0.406982
-2.92241,4.92119,2.9911,0.402557
-2.91624,4.90224,2.99278,0.398131
-2.91008,4.88328,2.99445,0.393705
-2.90391,4.86433,2.99613,0.389279
-2.89775,4.84538,2.9978,0.384853
-2.89159,4.82643,2.99948,0.380427
-2.88542,4.80747,3.00115,0.376001
-2.87926,4.78852,3.00283,0.371575
-2.8731,4.76957,3.00451,0.367149
-2.86693,4.75061,3.00618,0.362724
-2.86077,4.73166,3.00786,0.358298
-2.8546,4.71271,3.00953,0.353872
-2.84844,4.69376,3.01121,0.349446
-2.84228,4.6748,3.01289,0.34502
-2.83611,4.65585,3.01456,0.340594
-2.82995,4.6369,3.01624,0.336168
-2.82379,4.61795,3.01791,0.331742
-2.81762,4.59899,3.01959,0.327316
-2.81146,4.58004,3.02126,0.322891
-2.80529,4.56109,3.02294,0.318465
-2.79913,4.54214,3.02462,0.314039
-2.79297,4.52318,3.02629,0.309613
-2.7868,4.50423,3.02797,0.305187
-2.78064,4.48528,3.02964,0.300761
-2.77448,4.46633,3.03132,0.296335
-2.76831,4.44737,3.03299,0.291909
-2.76215,4.42842,3.03467,0.287483
-2.75598,4.40947,3.03635,0.283057
-2.74982,4.39052,3.03802,0.278632
-2.74366,4.37156,3.0397,0.274206
-2.73749,4.35261,3.04137,0.26978
-2.73133,4.33366,3.04305,0.265354
-2.72517,4.31471,3.04472,0.260928
-2.719,4.29575,3.0464,0.256502
-2.71284,4.2768,3.04808,0.252076
-2.70667,4.25785,3.04975,0.24765
-2.70051,4.2389,3.05143,0.243224
-2.69435,4.21994,3.0531,0.238799
-2.68818,4.20099,3.05478,0.234373
-2.68202,4.18204,3.05645,0.229947
-2.67586,4.16309,3.05813,0.225521
-2.66969,4.14413,3.05981,0.221095
-2.66353,4.12518,3.06148,0.216669
-2.65736,4.10623,3.06316,0.212243
-2.6512,4.08727,3.06483,0.207817
-2.64504,4.06832,3.06651,0.203391
-2.63887,4.04937,3.06818,0.198966
-2.63271,4.03042,3.06986,0.19454
-2.62655,4.01146,3.07154,0.190114
-2.62038,3.99251,3.07321,0.185688
-2.61422,3.97356,3.07489,0.181262
-2.60805,3.95461,3.07656,0.176836
-2.60189,3.93565,3.07824,0.17241
-2.59573,3.9167,3.07992,0.167984
-2.58956,3.89775,3.08159,0.163558
-2.5834,3.8788,3.08327,0.159133
-2.57723,3.85984,3.08494,0.154707
-2.57107,3.84089,3.08662,0.150281
-2.56491,3.82194,3.08829,0.145855
-2.55874,3.80299,3.08997,0.141429
-2.55258,3.78403,3.09165,0.137003
-2.54642,3.76508,3.09332,0.132577
-2.54025,3.74613,3.095,0.128151
-2.53409,3.72718,3.09667,0.123725
-2.52792,3.70822,3.09835,0.1193
-2.52176,3.68927,3.10002,0.114874
-2.5156,3.67032,3.1017,0.110448
-2.50943,3.65137,3.10338,0.106022
-2.50327,3.63241,3.10505,0.101596
-2.49711,3.61346,3.10673,0.0971701
-2.49094,3.59451,3.1084,0.0927442
-2.48478,3.57556,3.11008,0.0883183
-2.47861,3.5566,3.11175,0.0838924
-2.47245,3.53765,3.11343,0.0794665
-2.46629,3.5187,3.11511,0.0750406
-2.46012,3.49975,3.11678,0.0706147
-2.45396,3.48079,3.11846,0.0661888
-2.4478,3.46184,3.12013,0.0617629
-2.44163,3.44289,3.12181,0.0573371
-2.43547,3.42393,3.12348,0.0529112
-2.4293,3.40498,3.12516,0.0484853
-2.42314,3.38603,3.12684,0.0440594
-2.41698,3.36708,3.12851,0.0396335
-2.41081,3.34812,3.13019,0.0352076
-2.40465,3.32917,3.13186,0.0307817
-2.39849,3.31022,3.13354,0.0263558
-2.39232,3.29127,3.13522,0.0219299
-2.38616,3.27231,3.13689,0.017504
-2.37999,3.25336,3.13857,0.0130781
-2.37383,3.23441,3.14024,0.00865225
-2.36767,3.21546,3.14192,0.00422636
-2.23724,3.27554,3.19919,0.370625
-2.21968,3.26601,3.20024,0.366742
-2.20213,3.25649,3.20129,0.36286
-2.18457,3.24696,3.20234,0.358977
-2.16702,3.23744,3.20339,0.355095
-2.14947,3.22792,3.20445,0.351212
-2.13191,3.21839,3.2055,0.347329
-2.11436,3.20887,3.20655,0.343447
-2.0968,3.19934,3.2076,0.339564
-2.07925,3.18982,3.20865,0.335682
-2.06169,3.18029,3.2097,0.331799
-2.04414,3.17077,3.21076,0.327916
-2.02658,3.16124,3.21181,0.324034
-2.00903,3.15172,3.21286,0.320151
-1.99147,3.14219,3.21391,0.316269
-1.97392,3.13267,3.21496,0.312386
-1.95636,3.12315,3.21602,0.308503
-1.93881,3.11362,3.21707,0.304621
-1.92125,3.1041,3.21812,0.300738
-1.9037,3.09457,3.21917,0.296856
-1.88614,3.08505,3.22022,0.292973
-1.86859,3.07552,3.22127,0.289091
-1.85103,3.066,3.22233,0.285208
-1.83348,3.05647,3.22338,0.281325
-1.81592,3.04695,3.22443,0.277443
-1.79837,3.03742,3.22548,0.27356
-1.78081,3.0279,3.22653,0.269678
-1.76326,3.01838,3.22759,0.265795
-1.7457,3.00885,3.22864,0.261912
-1.72815,2.99933,3.22969,0.25803
-1.71059,2.9898,3.23074,0.254147
-1.69304,2.98028,3.23179,0.250265
-1.67548,2.97075,3.23284,0.246382
-1.65793,2.96123,3.2339,0.242499
-1.64037,2.9517,3.23495,0.238617
-1.62282,2.94218,3.236,0.234734
-1.60526,2.93265,3.23705,0.230852
-1.58771,2.92313,3.2381