-2.76773e-11,2.48133e-11,0.13,-9.17257e-18
-2.76773e-11,2.48133e-11,0.13,-1.15119e-17
-3.88685e-11,1.15919e-11,0.13,-1.37064e-17
-3.88685e-11,1.15919e-11,0.13,-1.62182e-17
-2.76773e-11,2.48133e-11,0.13,-1.89205e-17
-3.88685e-11,1.15919e-11,0.13,-2.10906e-17
-2.76773e-11,2.48133e-11,0.13,-2.38088e-17
-3.88685e-11,1.15919e-11,0.13,-2.60166e-17
-2.76773e-11,2.48133e-11,0.13,-2.87188e-17
-3.88685e-11,1.15919e-11,0.13,-3.08759e-17
-2.76773e-11,2.48133e-11,0.13,-3.35358e-17
-3.88685e-11,1.15919e-11,0.13,-3.57189e-17
-2.76773e-11,2.48133e-11,0.13,-3.83895e-17
-3.88685e-11,1.15919e-11,0.13,-4.05492e-17
-2.76773e-11,2.48133e-11,0.13,-4.32606e-17
-3.88686e-11,1.15919e-11,0.13,-4.54375e-17
-2.76773e-11,2.48133e-11,0.13,-4.81056e-17
-3.88686e-11,1.15919e-11,0.13,-5.02852e-17
-2.76774e-11,2.48133e-11,0.13,-5.29517e-17
0.000762482,8.07231e-08,0.149831,-4.99555e-08
0.023747,9.17737e-06,0.266955,1.00505e-06
0.0671835,6.22912e-05,0.406666,8.66861e-06
0.105695,0.000201735,0.560208,8.12774e-06
0.121821,0.000298328,0.671636,-0.00394564
0.125298,-0.00123507,0.748769,-0.0285136
0.123691,-0.00519207,0.794866,-0.0662789
0.121714,-0.0104017,0.817872,-0.108884
0.121266,-0.0151781,0.826037,-0.148423
0.122207,-0.0215788,0.828008,-0.203592
0.123574,-0.0332382,0.824307,-0.286742
0.123298,-0.0427438,0.819339,-0.355689
0.122279,-0.0504386,0.815663,-0.42135
0.120108,-0.0599984,0.8129,-0.504342
0.116064,-0.0701165,0.810555,-0.586685
0.110538,-0.0789828,0.808581,-0.664174
0.104887,-0.0860029,0.807872,-0.736528
0.0941117,-0.098403,0.808076,-0.864661
0.0801037,-0.109829,0.807315,-0.990645
0.0797661,-0.110051,0.807286,-0.993534
0.0674291,-0.117665,0.808253,-1.1095
0.0670462,-0.117905,0.808268,-1.11287
0.0505525,-0.126373,0.808094,-1.24327
0.0302536,-0.131979,0.808208,-1.40414
0.0298666,-0.132072,0.808231,-1.40742
0.00491084,-0.135729,0.807905,-1.59058
0.00447547,-0.135732,0.807878,-1.59362
0.00404273,-0.135733,0.80785,-1.59664
-0.0204239,-0.134126,0.808466,-1.7836
-0.0208947,-0.134076,0.808465,-1.78696
-0.0491117,-0.126162,0.807718,-1.99629
-0.0494382,-0.126021,0.807757,-1.99934
-0.0497656,-0.12588,0.807795,-2.00241
-0.0767272,-0.112203,0.807858,-2.22147
-0.0770789,-0.111949,0.807832,-2.22447
-0.100191,-0.0918669,0.808248,-2.45654
-0.100513,-0.0915293,0.808238,-2.4598
-0.100832,-0.09119,0.808228,-2.46306
-0.101149,-0.090849,0.808218,-2.4663
-0.121731,-0.0602086,0.808402,-2.74137
-0.121958,-0.0597905,0.808397,-2.74472
-0.122183,-0.0593705,0.80839,-2.74805
-0.229821,-0.135241,0.807513,-3.02209
-0.235301,-0.140132,0.807014,-3.02351
-0.240869,-0.145061,0.806508,-3.02494
-0.246517,-0.150024,0.805996,-3.02637
-0.589536,-0.464683,0.79808,-3.11321
-0.591243,-0.466374,0.798212,-3.11382
-0.592896,-0.468013,0.798343,-3.11442
-0.594499,-0.469601,0.798475,-3.11501
-0.632849,-0.499297,0.80368,3.13591
-0.632854,-0.4993,0.803666,3.13593
-0.632859,-0.499303,0.803651,3.13596
-0.632865,-0.499307,0.803637,3.13598
-0.63287,-0.49931,0.803623,3.13601
-0.632875,-0.499314,0.803609,3.13604
-0.63288,-0.499317,0.803595,3.13606
-0.633137,-0.499697,0.802903,3.13937
-0.633138,-0.499699,0.802901,3.1394
-0.633138,-0.499701,0.8029,3.13943
-0.633138,-0.499703,0.802898,3.13945
-0.633121,-0.499887,0.802874,3.14124
-0.633121,-0.499889,0.802874,3.14125
-0.633121,-0.49989,0.802874,3.14126
-0.63312,-0.499891,0.802874,3.14126
-0.63312,-0.499893,0.802875,3.14127
-0.633113,-0.499981,0.802892,-3.14152
-0.633113,-0.499981,0.802892,-3.14152
-0.633113,-0.499982,0.802892,-3.14152
-0.633113,-0.499982,0.802892,-3.14152
-0.729162,-0.498917,0.838751,-3.10832
-0.731491,-0.498909,0.839386,-3.10708
-0.733824,-0.4989,0.840021,-3.10582
-0.736159,-0.49889,0.840657,-3.10454
-0.899721,-0.49368,0.887751,-2.93576
-0.901677,-0.49356,0.888307,-2.93268
-0.90363,-0.493441,0.888859,-2.92959
-1.05425,-0.488833,0.929046,-2.6181
-1.05591,-0.488831,0.929475,-2.61392
-1.05757,-0.488829,0.929904,-2.60972
-1.18344,-0.488289,0.96374,-2.25009
-1.18488,-0.48824,0.964152,-2.24548
-1.18632,-0.48819,0.964564,-2.24086
-1.28418,-0.478829,0.994275,-1.90723
-1.28549,-0.478614,0.994694,-1.90248
-1.2868,-0.478396,0.995115,-1.89774
-1.37863,-0.454381,1.02565,-1.55001
-1.37987,-0.453929,1.02608,-1.54522
-1.38112,-0.453474,1.0265,-1.54043
-1.45433,-0.421677,1.05046,-1.25888
-1.45537,-0.421138,1.05078,-1.2545
-1.45641,-0.420601,1.05109,-1.25015
-1.48817,-0.397954,1.0609,-1.05661
-1.48821,-0.382367,1.06277,-0.921402
-1.48807,-0.38214,1.06278,-0.919468
-1.48794,-0.381915,1.06278,-0.917555
-1.48311,-0.372752,1.06446,-0.844741
-1.48322,-0.372526,1.06458,-0.843545
-1.50827,-0.354951,1.07464,-0.803136
-1.5093,-0.354371,1.07497,-0.802484
-1.56109,-0.32767,1.08996,-0.785144
-1.6436,-0.288453,1.11251,-0.781377
-1.64533,-0.287652,1.11298,-0.781461
-1.7175,-0.254699,1.13272,-0.788732
-1.71929,-0.253893,1.13321,-0.788988
-1.78728,-0.223483,1.15173,-0.800484
-1.78906,-0.222695,1.15222,-0.800826
-1.87097,-0.186809,1.17465,-0.817868
-1.87276,-0.186027,1.17514,-0.81826
-1.95437,-0.150607,1.19728,-0.836262
-2.02791,-0.118873,1.21709,-0.852744
-2.02968,-0.11811,1.21757,-0.853143
-2.10436,-0.0860172,1.2378,-0.869733
-2.10614,-0.0852505,1.23828,-0.870125
-2.1822,-0.0525052,1.25892,-0.886415
-2.18402,-0.0517183,1.25941,-0.8868
-2.28103,-0.00977047,1.28492,-0.907001
-2.2827,-0.00903765,1.28532,-0.907353
-2.36557,0.025834,1.30503,-0.933024
-2.36591,0.0259945,1.30518,-0.933186
-2.36626,0.0261635,1.30533,-0.933347
-2.36661,0.0263414,1.30549,-0.933507
-2.40199,0.0544059,1.31931,-0.939966
-2.403,0.0553149,1.31967,-0.940059
-2.45884,0.10797,1.33847,-0.943412
-2.46014,0.109231,1.33891,-0.943465
-2.52466,0.172692,1.36029,-0.945378
-2.52603,0.174049,1.36075,-0.945407
-2.59067,0.238644,1.38247,-0.946458
-2.59204,0.240025,1.38293,-0.946475
-2.66075,0.309043,1.40618,-0.947185
-2.66212,0.31042,1.40665,-0.947197
-2.72386,0.372521,1.42773,-0.947723
-2.72524,0.373916,1.4282,-0.947734
-2.81089,0.460129,1.45716,-0.948467
-2.81226,0.461504,1.45763,-0.94848
-2.87906,0.528724,1.48027,-0.94912
-2.88042,0.530095,1.48073,-0.949133
-2.98225,0.632587,1.51494,-0.950191
-2.9836,0.633943,1.51536,-0.950206
-2.98494,0.635294,1.51578,-0.950221
-3.05662,0.70781,1.53618,-0.951414
-3.05668,0.707883,1.5362,-0.951419
-3.05675,0.707953,1.53623,-0.951424
-3.05681,0.70802,1.53625,-0.951429
-3.05686,0.708085,1.53627,-0.951434
-3.06005,0.715553,1.53916,-0.941785
-3.06015,0.716054,1.53924,-0.941107
-3.06026,0.716579,1.53931,-0.940404
-3.06708,0.819767,1.54022,-0.80068
-3.06711,0.821773,1.54015,-0.797667
-3.06714,0.823789,1.54008,-0.794625
-3.06282,0.990487,1.5309,-0.50852
-3.06272,0.992966,1.53074,-0.503878
-3.06263,0.995449,1.53058,-0.499219
-3.05975,1.1138,1.52333,-0.270443
-3.05974,1.11644,1.52316,-0.265205
-3.06454,1.25355,1.51521,0.0119889
-3.06474,1.25628,1.51506,0.0175973
-3.09029,1.44625,1.50482,0.414063
-3.12234,1.57951,1.49769,0.703824
-3.12311,1.58219,1.49754,0.709776
-3.12389,1.58487,1.4974,0.715728
-3.17765,1.73779,1.48875,1.07441
-3.17864,1.7402,1.48861,1.08041
-3.17963,1.74261,1.48847,1.08642
-3.25674,1.89606,1.47938,1.51227
-3.25769,1.89734,1.47931,1.51738
-3.25863,1.8986,1.47925,1.52247
-3.28652,1.92733,1.47757,1.69551
-3.34858,1.94257,1.48443,1.97324
-3.34993,1.94276,1.48471,1.9752
-3.35129,1.94296,1.48499,1.97715
-3.35267,1.94315,1.48529,1.97908
-3.44602,1.95085,1.50761,2.06193
-3.44795,1.95095,1.50812,2.06313
-3.44987,1.95104,1.50864,2.06432
-3.58305,1.95629,1.54716,2.12542
-3.58506,1.95637,1.54777,2.12613
-3.81504,1.96877,1.61831,2.19053
-3.81699,1.96889,1.6189,2.19101
-3.81894,1.96901,1.6195,2.1915
-3.82089,1.96913,1.6201,2.19198
-3.82284,1.96925,1.6207,2.19246
-3.92842,1.97585,1.65298,2.21861
-3.93039,1.97598,1.65358,2.2191
-4.0269,1.98216,1.68285,2.24343
-4.02887,1.98229,1.68345,2.24394
-4.10752,1.98725,1.70736,2.26435
-4.10948,1.98738,1.70795,2.26487
-4.21515,1.99397,1.73914,2.29297
-4.21691,1.99408,1.73963,2.29345
-4.30016,1.9979,1.76576,2.32557
-4.30047,1.99806,1.76589,2.32563
-4.30076,1.99824,1.76602,2.32569
-4.30106,1.99843,1.76614,2.32572
-4.30611,2.02227,1.76839,2.31501
-4.30605,2.02333,1.76839,2.3144
-4.28669,2.11089,1.76557,2.25174
-4.28612,2.11277,1.76549,2.25017
-4.25835,2.19884,1.76179,2.17041
-4.25764,2.20092,1.7617,2.16829
-4.22371,2.29687,1.75763,2.06184
-4.22295,2.29895,1.75755,2.05936
-4.18209,2.40622,1.75302,1.92311
-4.18128,2.40828,1.75293,1.92038
-4.14512,2.49656,1.74905,1.80046
-4.14426,2.49859,1.74896,1.79762
-4.08943,2.623,1.74333,1.6197
-4.08853,2.62498,1.74324,1.6168
-4.03085,2.74861,1.73765,1.43165
-4.02995,2.75049,1.73757,1.42876
-4.02905,2.75238,1.73748,1.42587
-3.96803,2.87873,1.73139,1.23044
-3.96715,2.88049,1.7313,1.22769
-3.90658,2.96972,1.72582,0.982571
-3.90602,2.97014,1.72566,0.980748
-3.90545,2.97056,1.72549,0.978911
-3.90485,2.971,1.72532,0.977061
-3.90424,2.97144,1.72514,0.975198
-3.84248,3.00846,1.70747,0.848167
-3.84092,3.00928,1.70704,0.845372
-3.83935,3.01009,1.7066,0.842558
-3.73188,3.06076,1.67658,0.639128
-3.73002,3.06159,1.67606,0.635323
-3.61339,3.11046,1.64192,0.369058
-3.61163,3.11116,1.64138,0.364623
-3.60987,3.11185,1.64085,0.360184
-3.52484,3.1435,1.61386,0.126376
-3.52326,3.14407,1.61333,0.121672
-3.44585,3.17215,1.58629,-0.122999
-3.44439,3.17268,1.58576,-0.127871
-3.37402,3.19992,1.55872,-0.379026
-3.37273,3.20047,1.55818,-0.383997
-3.2916,3.24101,1.52161,-0.728542
-3.29054,3.24165,1.52107,-0.733568
-3.28947,3.24231,1.52054,-0.738595
-3.22474,3.2904,1.48635,-1.07134
-3.22396,3.29108,1.48592,-1.07602
-3.22318,3.29176,1.48549,-1.08068
-3.21263,3.32399,1.46089,-1.47595
-3.21281,3.32403,1.46084,-1.47782
-3.21298,3.32405,1.46078,-1.47968
-3.21315,3.32407,1.46073,-1.48151
-3.21331,3.32407,1.46068,-1.48331
-3.224,3.27816,1.4558,-1.55348
-3.22419,3.27676,1.45572,-1.55377
-3.23564,3.18018,1.45218,-1.54235
-3.23585,3.17825,1.45214,-1.54171
-3.23605,3.17633,1.45209,-1.54107
-3.24654,3.06794,1.45014,-1.48971
-3.24672,3.06595,1.45011,-1.48855
-3.25571,2.94232,1.44807,-1.40547
-3.25583,2.94039,1.44803,-1.40404
-3.25595,2.93845,1.44799,-1.40261
-3.26257,2.81686,1.44518,-1.3095
-3.26267,2.81492,1.44513,-1.30799
-3.26794,2.70439,1.44243,-1.22172
-3.26803,2.70246,1.44238,-1.22021
-3.26812,2.70053,1.44233,-1.2187
-3.27395,2.58033,1.43936,-1.12421
-3.27405,2.57843,1.4393,-1.12272
-3.27967,2.46384,1.43627,-1.03299
-3.27973,2.46221,1.43623,-1.03166
-3.27978,2.46059,1.43619,-1.03033
-3.27927,2.39236,1.43463,-0.929967
-3.27922,2.39234,1.43462,-0.929489
-3.27918,2.39233,1.43461,-0.929017
-3.27913,2.39232,1.43459,-0.928551
-3.27704,2.38096,1.4332,-0.911232
-3.27701,2.38026,1.43313,-0.911296
-3.27697,2.37953,1.43306,-0.911372
-3.27291,2.28238,1.424,-0.947562
-3.27285,2.28049,1.42384,-0.94852
-3.27279,2.27859,1.42367,-0.94949
-3.26885,2.07911,1.40752,-1.08653
-3.26883,2.07701,1.40736,-1.08828
-3.26882,2.07491,1.40719,-1.09002
-3.2688,2.07281,1.40702,-1.09178
-3.27054,1.87786,1.39075,-1.26908
-3.27059,1.8758,1.39057,-1.27106
-3.27064,1.87375,1.3904,-1.27303
-3.27069,1.87169,1.39022,-1.275
-3.27568,1.713,1.37658,-1.43031
-3.27575,1.71096,1.3764,-1.43232
-3.27583,1.70892,1.37622,-1.43433
-3.28119,1.56832,1.36384,-1.57298
-3.28127,1.56632,1.36366,-1.57498
-3.28135,1.56431,1.36348,-1.57699
-3.28649,1.45054,1.35373,-1.69175
-3.2866,1.44887,1.3536,-1.69353
-3.29636,1.35584,1.35118,-1.8522
-3.29636,1.35485,1.35128,-1.85356
-3.29636,1.35384,1.35138,-1.85493
-3.29636,1.35282,1.35149,-1.85631
-3.29636,1.35178,1.3516,-1.8577
-3.29412,1.27356,1.36183,-1.9494
-3.29405,1.27187,1.36209,-1.95135
-3.28877,1.16816,1.37995,-2.08237
-3.28866,1.16639,1.38028,-2.08484
-3.28856,1.16462,1.38062,-2.08731
-3.28089,1.0426,1.40453,-2.27518
-3.28078,1.04088,1.40488,-2.27804
-3.28066,1.03917,1.40522,-2.2809
-3.27484,0.95369,1.42219,-2.4301
-3.27471,0.952047,1.42252,-2.43309
-3.2669,0.863905,1.44039,-2.59708
-3.26673,0.862289,1.44072,-2.60015
-3.25634,0.776186,1.45849,-2.76681
-3.25612,0.774618,1.45882,-2.76991
-3.24296,0.693957,1.47585,-2.93112
-3.24267,0.692419,1.47617,-2.93422
-3.22843,0.622694,1.49067,-3.07529
-3.22812,0.621265,1.49095,-3.07823
-3.20881,0.549769,1.50783,2.96157
-3.20892,0.549254,1.50799,2.9609
-3.20905,0.548719,1.50814,2.96025
-3.20919,0.548165,1.5083,2.95964
-3.20935,0.547591,1.50845,2.95907
-3.23711,0.481893,1.52018,2.98228
-3.23786,0.480231,1.52043,2.98364
-3.23862,0.478556,1.52069,2.98503
-3.28708,0.370836,1.53682,3.10583
-3.28801,0.36876,1.53713,3.10864
-3.33921,0.251318,1.5547,-2.99441
-3.34011,0.249146,1.55501,-2.99077
-3.3898,0.119845,1.57336,-2.76105
-3.39058,0.117616,1.57367,-2.75695
-3.4241,0.0143685,1.58768,-2.56418
-3.42477,0.0121245,1.58798,-2.55992
-3.45459,-0.0979375,1.60321,-2.34513
-3.45513,-0.100097,1.60352,-2.3408
-3.48624,-0.236491,1.62337,-2.05959
-3.48667,-0.238518,1.62368,-2.05527
-3.48709,-0.240542,1.62399,-2.05094
-3.50951,-0.353254,1.6414,-1.80435
-3.50988,-0.355174,1.64169,-1.80008
-3.51551,-0.463858,1.65923,-1.43156
-3.51041,-0.473049,1.65972,-1.30803
-3.51063,-0.473501,1.65968,-1.30609
-3.51086,-0.473965,1.65963,-1.30414
-3.51111,-0.474443,1.65957,-1.30218
-3.51137,-0.474932,1.65952,-1.30019
-3.51163,-0.475435,1.65946,-1.29819
-3.51192,-0.47595,1.65941,-1.29616
-3.54296,-0.518656,1.65332,-1.15908
-3.54377,-0.519672,1.65316,-1.15592
-3.60316,-0.586038,1.64075,-0.91337
-3.60416,-0.587022,1.64053,-0.909021
-3.60517,-0.588002,1.64031,-0.904658
-3.67815,-0.647624,1.6242,-0.568965
-3.73265,-0.678355,1.61322,-0.319626
-3.73389,-0.678947,1.61299,-0.314184
-3.73513,-0.679537,1.61276,-0.308739
-3.73637,-0.680125,1.61253,-0.303289
-3.82307,-0.713789,1.59785,0.0529522
-3.82456,-0.71427,1.59762,0.0586152
-3.95031,-0.751637,1.58047,0.48859
-3.95216,-0.752179,1.58024,0.494383
-3.95402,-0.752722,1.58001,0.500179
-4.08565,-0.793716,1.56502,0.883725
-4.08776,-0.794435,1.56481,0.889496
-4.08988,-0.795157,1.56459,0.895258
-4.22064,-0.841828,1.55062,1.30721
-4.22151,-0.842012,1.5505,1.31109
-4.22237,-0.842189,1.55039,1.31494
-4.2812,-0.852743,1.55317,1.55019
-4.28238,-0.853081,1.55345,1.55284
-4.28358,-0.853427,1.55374,1.55548
-4.39661,-0.890851,1.58567,1.72596
-4.39863,-0.891556,1.58629,1.72848
-4.40066,-0.892263,1.58691,1.73099
-4.50257,-0.928375,1.61965,1.85556
-4.50468,-0.929127,1.62035,1.85814
-4.70209,-1.00283,1.68773,2.10906
-4.70418,-1.00365,1.68844,2.11181
-4.70627,-1.00448,1.68916,2.11455
-4.70836,-1.00531,1.68987,2.1173
-4.82853,-1.05495,1.73111,2.27894
-4.83058,-1.05584,1.73182,2.28175
-4.83264,-1.05672,1.73252,2.28456
-4.94444,-1.1065,1.77109,2.4403
-4.94645,-1.10743,1.77179,2.44314
-5.04977,-1.15659,1.8081,2.59131
-5.05173,-1.15755,1.8088,2.59416
-5.15312,-1.20868,1.8451,2.74295
-5.15506,-1.20968,1.84578,2.7458
-5.26466,-1.27328,1.88375,2.93517
-5.26533,-1.27379,1.88401,2.93709
-5.26598,-1.27429,1.88427,2.939
-5.27944,-1.28596,1.89046,2.99128
-5.27974,-1.28625,1.89062,2.9928
-5.28933,-1.29734,1.89372,3.03228
-5.30551,-1.3242,1.89403,3.07141
-5.32371,-1.36364,1.89226,3.10473
-5.35075,-1.43216,1.88802,-3.13396
-5.35148,-1.4341,1.88789,-3.13278
-5.37208,-1.4898,1.88408,-3.09957
-5.39643,-1.55667,1.87942,-3.05958
-5.42927,-1.64749,1.87307,-3.00356
-5.42999,-1.6495,1.87293,-3.0023
-5.44926,-1.70344,1.86923,-2.96792
-5.47193,-1.76742,1.86486,-2.92659
-5.49279,-1.82721,1.86078,-2.88744
-5.51906,-1.90344,1.85557,-2.83725
-5.51975,-1.90546,1.85544,-2.83592
-5.54529,-1.98047,1.85035,-2.78656
-5.56709,-2.04536,1.84605,-2.74356
-5.56777,-2.0474,1.84592,-2.74221
-5.58807,-2.1083,1.84185,-2.70175
-5.61459,-2.18882,1.83644,-2.64832
-5.61522,-2.19076,1.83632,-2.64704
-5.63894,-2.2674,1.83203,-2.58922
-5.6392,-2.26836,1.83198,-2.58826
-5.64533,-2.29519,1.82956,-2.55235
-5.64421,-2.32176,1.81012,-2.51479
-5.64404,-2.32257,1.80936,-2.51379
-5.63017,-2.36652,1.76342,-2.46134
-5.62973,-2.36768,1.76214,-2.45996
-5.60698,-2.42486,1.69622,-2.38789
-5.60645,-2.42615,1.69468,-2.38615
-5.58739,-2.47227,1.63868,-2.32106
-5.56314,-2.52876,1.56931,-2.23439
-5.56254,-2.5301,1.56766,-2.23224
-5.54191,-2.57518,1.51183,-2.15748
-5.48952,-2.67945,1.38138,-1.97122
-5.48885,-2.6807,1.37978,-1.96888
-5.48817,-2.68195,1.37819,-1.96654
-5.4875,-2.6832,1.37659,-1.9642
-5.46638,-2.7219,1.32705,-1.89144
-5.43709,-2.77355,1.2602,-1.79257
-5.43638,-2.77476,1.25861,-1.79022
-5.37958,-2.86951,1.1317,-1.60227
-5.37887,-2.87065,1.13021,-1.59998
-5.37817,-2.87179,1.12873,-1.59771
-5.32326,-2.93595,1.03939,-1.37219
-5.32316,-2.93591,1.03932,-1.37181
-5.32305,-2.93587,1.03925,-1.37145
-5.32295,-2.93582,1.03918,-1.37111
-5.32285,-2.93576,1.03912,-1.37079
-5.32275,-2.93569,1.03905,-1.37048
-5.32265,-2.93561,1.03899,-1.3702
-5.32219,-2.91909,1.0393,-1.37757
-5.33417,-2.8415,1.04802,-1.45803
-5.33449,-2.83975,1.04822,-1.46014
-5.33481,-2.83799,1.04843,-1.46227
-5.35289,-2.75127,1.05856,-1.58057
-5.35335,-2.74932,1.05879,-1.58353
-5.3838,-2.6338,1.0722,-1.77534
-5.38437,-2.63177,1.07244,-1.77893
-5.41237,-2.53235,1.08383,-1.95781
-5.41296,-2.53023,1.08407,-1.96166
-5.43816,-2.43688,1.09453,-2.1302
-5.43874,-2.43465,1.09477,-2.13418
-5.46795,-2.31305,1.10772,-2.34758
-5.46847,-2.31071,1.10796,-2.35164
-5.49784,-2.16326,1.12287,-2.60323
-5.49827,-2.16083,1.12311,-2.60731
-5.51492,-2.0548,1.13342,-2.78225
-5.51525,-2.05231,1.13366,-2.78631
-5.52997,-1.8956,1.14701,-3.05517
-5.53004,-1.8942,1.1471,-3.05822
-5.5301,-1.89283,1.1472,-3.06125
-5.52933,-1.83339,1.15273,3.06955
-5.52908,-1.83249,1.15286,3.06802
-5.52882,-1.83159,1.153,3.06651
-5.51783,-1.80713,1.15692,3.03915
-5.49981,-1.77898,1.16163,3.02825
-5.46576,-1.73344,1.1695,3.03669
-5.43544,-1.69623,1.17624,3.06039
-5.39367,-1.64819,1.18549,3.10903
-5.37871,-1.6317,1.18879,3.12993
-5.33086,-1.58118,1.1992,-3.07769
-5.31586,-1.56593,1.20242,-3.05168
-5.29339,-1.54344,1.20723,-3.01119
-5.26287,-1.5138,1.21379,-2.95507
-5.21699,-1.47046,1.22352,-2.87035
-5.16745,-1.42461,1.23389,-2.77883
-5.11555,-1.37763,1.24448,-2.68445
-5.11418,-1.3764,1.24475,-2.68197
-5.04446,-1.31455,1.25863,-2.55786
-5.04303,-1.31329,1.25892,-2.55537
-4.96602,-1.24536,1.2737,-2.42459
-4.96458,-1.24409,1.27397,-2.42219
-4.87892,-1.17615,1.28546,-2.24375
-4.87857,-1.17603,1.28548,-2.24249
-4.87824,-1.17591,1.28549,-2.24124
-4.87791,-1.17581,1.28551,-2.24
-4.86755,-1.17387,1.28663,-2.19303
-4.86735,-1.17372,1.28668,-2.19205
-4.8631,-1.1323,1.28946,-2.12317
-4.86323,-1.13105,1.28948,-2.12172
-4.87683,-1.05449,1.28918,-2.03365
-4.87719,-1.05282,1.28915,-2.03165
-4.89574,-0.966139,1.28664,-1.92083
-4.8961,-0.964378,1.28658,-1.91841
-4.91234,-0.876514,1.28339,-1.79236
-4.91265,-0.874699,1.28333,-1.78965
-4.92842,-0.774061,1.27988,-1.63598
-4.92869,-0.772221,1.27981,-1.63311
-4.92896,-0.770381,1.27975,-1.63024
-4.94463,-0.655698,1.27609,-1.4523
-4.94488,-0.653783,1.27603,-1.44935
-4.96329,-0.511349,1.27196,-1.23304
-4.96355,-0.509353,1.27191,-1.23008
-4.9638,-0.507357,1.27185,-1.22711
-4.98166,-0.372935,1.26831,-1.03115
-4.98195,-0.370846,1.26826,-1.02821
-4.98225,-0.368757,1.26821,-1.02527
-4.99362,-0.224742,1.26082,-0.749791
-4.99352,-0.224525,1.2608,-0.748684
-4.99343,-0.224312,1.26078,-0.74759
-4.99333,-0.224104,1.26076,-0.746509
-4.99323,-0.2239,1.26075,-0.745441
-4.99042,-0.202035,1.26547,-0.682503
-4.99051,-0.201188,1.26568,-0.681402
-4.99061,-0.200318,1.26589,-0.680292
-5.00908,-0.092753,1.28957,-0.569047
-5.00944,-0.0907994,1.28998,-0.566997
-5.0098,-0.0888386,1.2904,-0.564934
-5.03904,0.0787524,1.32595,-0.366938
-5.03942,0.0809716,1.32642,-0.364058
-5.03981,0.0831921,1.32689,-0.361171
-5.07509,0.273171,1.36631,-0.0990816
-5.07555,0.275451,1.36677,-0.095804
-5.07602,0.27773,1.36723,-0.0925254
-5.07649,0.280008,1.36769,-0.0892444
-5.12021,0.470497,1.40592,0.189354
-5.12081,0.472819,1.40638,0.192761
-5.1214,0.475142,1.40684,0.196168
-5.16504,0.629995,1.43771,0.424991
-5.16644,0.634549,1.43864,0.431831
-5.16714,0.636826,1.4391,0.435252
-5.20398,0.750793,1.46219,0.606326
-5.20554,0.755336,1.46309,0.613113
-5.26923,0.905147,1.49093,0.913551
-5.26944,0.905453,1.49097,0.915101
-5.26964,0.905751,1.49101,0.916635
-5.2762,0.925952,1.49933,1.00115
-5.27605,0.926583,1.49966,1.00238
-5.27589,0.927228,1.49999,1.00362
-5.27571,0.927889,1.50032,1.00487
-5.27552,0.928565,1.50067,1.00612
-5.23642,0.998933,1.54011,1.1074
-5.23554,1.0002,1.54091,1.10921
-5.08243,1.19783,1.68748,1.47491
-5.08148,1.19905,1.68844,1.47763
-5.08053,1.20026,1.68941,1.48035
-5.07958,1.20147,1.69037,1.48308
-5.07862,1.20269,1.69133,1.48581
-5.07767,1.2039,1.69229,1.48854
-5.07672,1.20511,1.69325,1.49127
-5.02293,1.27312,1.74758,1.64998
-5.02199,1.27429,1.74853,1.65281
-4.97062,1.33721,1.80047,1.80933
-4.96876,1.33943,1.80234,1.81503
-4.91987,1.39568,1.85138,1.96422
-4.91891,1.39675,1.85233,1.9671
-4.91795,1.39781,1.85327,1.96998
-4.86321,1.45656,1.90647,2.1332
-4.86226,1.45753,1.90734,2.13599
-4.81012,1.50664,1.9578,2.35761
-4.80983,1.50691,1.95795,2.35861
-4.80954,1.50718,1.95809,2.35958
-4.80923,1.50747,1.95823,2.36051
-4.77813,1.54379,1.95678,2.36134
-4.77718,1.54495,1.9566,2.3604
-4.71345,1.62128,1.94188,2.26476
-4.71202,1.62297,1.94153,2.2621
-4.65365,1.69166,1.92652,2.13976
-4.6521,1.69348,1.92612,2.13619
-4.55459,1.80178,1.90159,1.89505
-4.5529,1.80354,1.90118,1.89067
-4.45945,1.89455,1.87942,1.64662
-4.45761,1.89621,1.87901,1.64184
-4.45577,1.89787,1.8786,1.63706
-4.33067,2.00009,1.85195,1.30977
-4.3288,2.00149,1.85156,1.3048
-4.19185,2.09694,1.82243,0.934267
-4.19005,2.09809,1.82203,0.92924
-4.18826,2.09925,1.82164,0.924213
-4.05944,2.17824,1.79261,0.548728
-4.05787,2.17912,1.79227,0.543922
-4.05631,2.18,1.79193,0.53913
-3.97982,2.20168,1.77367,0.141441
-3.97975,2.20148,1.77362,0.139315
-3.97969,2.20126,1.77357,0.137212
-3.97963,2.20105,1.77352,0.135131
-3.97957,2.20084,1.77348,0.133072
-3.97386,2.19265,1.77014,0.0436416
-3.97307,2.19276,1.76984,0.0412953
-3.97265,2.19282,1.76969,0.0401447
-3.90774,2.21323,1.75301,-0.00373397
-3.90621,2.21376,1.75267,-0.00404532
-3.80686,2.24931,1.73094,-0.00590036
-3.80504,2.24998,1.73054,-0.00569986
-3.68168,2.29616,1.70389,0.0189877
-3.67984,2.29687,1.70349,0.0194794
-3.678,2.29757,1.70309,0.0199733
-3.53281,2.35448,1.67124,0.064137
-3.53096,2.35521,1.67084,0.0647346
-3.52911,2.35595,1.67043,0.0653328
-3.42356,2.39838,1.64731,0.0996725
-3.42172,2.39912,1.6469,0.100274
-3.41988,2.39987,1.6465,0.100874
-3.2916,2.45187,1.61827,0.142418
-3.28977,2.45261,1.61786,0.143002
-3.28793,2.45335,1.61746,0.143587
-3.18203,2.49635,1.59426,0.176997
-3.18022,2.49709,1.59387,0.177556
-3.06895,2.54438,1.57149,0.226612
-3.06885,2.54444,1.57146,0.226822
-3.06875,2.5445,1.57143,0.227029
-3.06865,2.54456,1.5714,0.227233
-3.06857,2.54461,1.57136,0.227435
-3.05876,2.55014,1.56952,0.233792
-3.05819,2.55042,1.56946,0.233731
-3.0576,2.5507,1.56941,0.233662
-2.9925,2.58125,1.56584,0.217385
-2.99095,2.58197,1.56579,0.21688
-2.89096,2.62854,1.564,0.175696
-2.8892,2.62936,1.56399,0.17483
-2.78311,2.67794,1.5634,0.115347
-2.77956,2.67954,1.56338,0.113159
-2.77779,2.68033,1.56337,0.112061
-2.66178,2.73181,1.56247,0.0364335
-2.66,2.73258,1.56245,0.035226
-2.54321,2.78349,1.56117,-0.0460039
-2.54144,2.78426,1.56115,-0.0472499
-2.53967,2.78502,1.56113,-0.0484954
-2.42503,2.83491,1.55978,-0.129584
-2.42327,2.83568,1.55976,-0.130831
-2.42151,2.83645,1.55974,-0.132077
-2.30264,2.88858,1.55824,-0.216584
-2.30091,2.88934,1.55821,-0.217813
-2.29917,2.8901,1.55819,-0.21904
-2.18523,2.93437,1.5565,-0.348807
-2.18523,2.93432,1.55649,-0.349076
-2.18524,2.93427,1.55647,-0.349342
-2.18524,2.93422,1.55646,-0.349604
-2.18525,2.93418,1.55645,-0.349862
-2.18526,2.93413,1.55644,-0.350116
-2.18527,2.93408,1.55643,-0.350367
-2.17522,2.93649,1.5543,-0.365248
-2.17459,2.9367,1.55419,-0.365568
-2.09946,2.95861,1.54086,-0.395792
-2.09786,2.95906,1.54058,-0.396444
-2.09625,2.95951,1.5403,-0.3971
-1.97674,2.99223,1.51893,-0.452899
-1.97492,2.99272,1.5186,-0.453864
-1.9731,2.99321,1.51826,-0.454833
-1.85803,3.02358,1.49682,-0.521634
-1.85623,3.02406,1.49647,-0.522767
-1.72655,3.05771,1.47177,-0.607746
-1.72476,3.05818,1.47143,-0.608957
-1.72296,3.05864,1.47108,-0.610169
-1.60379,3.08969,1.44814,-0.692087
-1.60201,3.09016,1.44779,-0.693316
-1.60023,3.09063,1.44745,-0.694546
-1.48303,3.12176,1.42477,-0.775908
-1.48124,3.12224,1.42442,-0.777146
-1.47945,3.12273,1.42407,-0.778384
-1.3808,3.14933,1.40529,-0.846776
-1.37913,3.14978,1.40499,-0.847948
-1.28953,3.16929,1.38744,-0.972183
-1.28913,3.16924,1.38745,-0.972626
-1.28871,3.16919,1.38746,-0.973077
-1.28827,3.16913,1.38746,-0.973537
-1.28781,3.16906,1.38747,-0.974005
-1.28733,3.16899,1.38747,-0.974482
-1.28683,3.16891,1.38748,-0.97497
-1.28631,3.16882,1.38749,-0.975468
-1.20213,3.13984,1.38833,-1.04273
-1.20054,3.13919,1.38836,-1.0441
-1.19895,3.13853,1.3884,-1.04548
-1.19735,3.13787,1.38844,-1.04686
-1.08935,3.09116,1.39268,-1.15793
-1.08769,3.09043,1.39276,-1.15991
-0.976531,3.04103,1.39841,-1.308
-0.974923,3.04031,1.39848,-1.31033
-0.973316,3.0396,1.39856,-1.31266
-0.870865,2.99426,1.40329,-1.46739
-0.869286,2.99357,1.40336,-1.46987
-0.867709,2.99288,1.40343,-1.47234
-0.769397,2.95132,1.4077,-1.62958
-0.767844,2.95069,1.40777,-1.6321
-0.70077,2.92414,1.41063,-1.74028
-0.699207,2.92354,1.41069,-1.7428
-0.603931,2.88851,1.41476,-1.89605
-0.602364,2.88796,1.41483,-1.89856
-0.600797,2.88741,1.4149,-1.90106
-0.498382,2.85422,1.41805,-2.11395
-0.4982,2.85421,1.41804,-2.11529
-0.498028,2.8542,1.41803,-2.11661
-0.497865,2.8542,1.41802,-2.11792
-0.493347,2.85522,1.41859,-2.17827
-0.493073,2.85519,1.41862,-2.17958
-0.431748,2.84161,1.41914,-2.33029
-0.430448,2.84129,1.41911,-2.33324
-0.429142,2.84097,1.41908,-2.33622
-0.324988,2.82084,1.41445,-2.60486
-0.323454,2.82066,1.41437,-2.60924
-0.321919,2.82049,1.41428,-2.61363
-0.214492,2.81614,1.40808,-2.93544
-0.212806,2.81617,1.40799,-2.94057
-0.211117,2.8162,1.40789,-2.94571
-0.0951301,2.82148,1.40182,2.9956
-0.0931896,2.82159,1.40173,2.9901
0.0619259,2.82879,1.39511,2.57561
0.0641932,2.82885,1.39503,2.56992
0.0664655,2.82891,1.39494,2.56423
0.249912,2.82504,1.38836,2.12913
0.252443,2.82488,1.38827,2.12337
0.254977,2.82471,1.38818,2.1176
0.407375,2.807,1.38332,1.78244
0.409719,2.80655,1.38325,1.77709
0.412042,2.8061,1.38318,1.77176
0.561434,2.78526,1.38837,1.24301
0.562258,2.78571,1.38879,1.23993
0.56309,2.78619,1.38922,1.23684
0.56393,2.78668,1.38966,1.23374
0.564778,2.78719,1.39011,1.23063
0.565634,2.78771,1.39057,1.22751
0.62077,2.83661,1.42656,1.04056
0.621887,2.83777,1.4274,1.03673
0.679109,2.90115,1.47666,0.819784
0.680162,2.90236,1.47767,0.81531
0.782924,3.02443,1.59368,0.25907
0.783701,3.02539,1.5947,0.253749
0.784475,3.02634,1.59572,0.248424
0.785245,3.02728,1.59674,0.243096
0.786012,3.02823,1.59776,0.237764
0.828731,3.08859,1.66657,-0.132874
0.829213,3.08944,1.66758,-0.138422
0.850406,3.14246,1.72835,-0.47491
0.850633,3.14338,1.72937,-0.480568
0.850856,3.14431,1.73038,-0.486227
0.856428,3.21032,1.79752,-0.866637
0.856378,3.21139,1.79852,-0.872337
0.856325,3.21247,1.79952,-0.878037
0.834737,3.29991,1.86562,-1.3875
0.834382,3.30022,1.86582,-1.39111
0.834026,3.30052,1.86602,-1.39469
0.833668,3.30082,1.8662,-1.39824
0.812624,3.31488,1.87,-1.56671
0.812295,3.31539,1.86987,-1.56878
0.792171,3.386,1.84202,-1.64987
0.791866,3.38752,1.84131,-1.65039
0.79156,3.38905,1.84059,-1.65088
0.777959,3.46551,1.80098,-1.65364
0.777693,3.4672,1.80004,-1.65331
0.768306,3.53368,1.76185,-1.63112
0.768091,3.53538,1.76084,-1.63034
0.759671,3.61204,1.71518,-1.58764
0.751657,3.7087,1.65872,-1.52119
0.75153,3.71043,1.65772,-1.51993
0.751404,3.71217,1.65672,-1.51867
0.746239,3.7885,1.61324,-1.46216
0.746129,3.79024,1.61226,-1.46085
0.739912,3.89295,1.55491,-1.38424
0.739811,3.89468,1.55394,-1.38295
0.733565,4.00184,1.49481,-1.30476
0.733459,4.00361,1.49384,-1.30349
0.726831,4.11149,1.43675,-1.22719
0.726736,4.11301,1.43599,-1.22607
0.726643,4.11451,1.43524,-1.22496
0.732964,4.18711,1.39342,-1.15061
0.73372,4.18796,1.39311,-1.15121
0.73412,4.18839,1.39296,-1.15156
0.734535,4.18883,1.3928,-1.15193
0.734965,4.18927,1.39264,-1.15233
0.791721,4.22111,1.38082,-1.23748
0.793021,4.22164,1.38059,-1.23979
0.886512,4.25736,1.3632,-1.44993
0.887905,4.25793,1.36292,-1.45375
0.889296,4.2585,1.36264,-1.45758
0.971168,4.29803,1.34453,-1.7206
0.972429,4.29874,1.34423,-1.72518
0.973688,4.29947,1.34394,-1.72976
1.04066,4.34279,1.32795,-1.98674
1.04191,4.34369,1.32766,-1.99164
1.11844,4.40316,1.31011,-2.29212
1.11975,4.40424,1.30982,-2.2972
1.20615,4.47795,1.29148,-2.61947
1.20761,4.47921,1.29119,-2.62462
1.20908,4.48047,1.2909,-2.62977
1.29819,4.55537,1.27436,-2.92403
1.30153,4.5581,1.27377,-2.93439
1.43825,4.66697,1.25075,2.88972
1.43878,4.66755,1.25062,2.88646
1.43929,4.66812,1.25049,2.88323
1.4398,4.66869,1.25037,2.88002
1.47223,4.70113,1.24662,2.6967
1.47318,4.70165,1.24662,2.69434
1.47414,4.70218,1.24663,2.69199
1.5428,4.72898,1.24718,2.58014
1.54464,4.72959,1.24718,2.57769
1.64447,4.76042,1.24687,2.45193
1.64662,4.76106,1.24685,2.44924
1.73429,4.78706,1.2458,2.3376
1.73651,4.7877,1.24577,2.33471
1.83608,4.81592,1.2444,2.20328
1.83838,4.81655,1.24437,2.2002
1.96563,4.84902,1.24277,2.0275
1.96795,4.84958,1.24274,2.0243
2.08306,4.87565,1.2416,1.8654
2.08544,4.87615,1.24157,1.86213
2.19841,4.89817,1.24035,1.70695
2.20083,4.89861,1.24032,1.70364
2.28796,4.91317,1.23949,1.58401
2.37,4.92519,1.23871,1.47079
2.37241,4.92552,1.23869,1.46745
2.42312,4.93209,1.23816,1.39763
2.59061,4.94602,1.23651,1.14764
2.59176,4.94602,1.2365,1.14528
2.59288,4.94601,1.23649,1.14294
2.62686,4.94401,1.23637,1.05137
2.62751,4.94392,1.23637,1.04946
2.67325,4.93054,1.23506,0.952782
2.67465,4.92996,1.23501,0.950409
2.73066,4.90283,1.23252,0.860117
2.81264,4.85604,1.22848,0.726788
2.81473,4.85478,1.22838,0.723218
2.88275,4.81312,1.22474,0.602024
2.93602,4.77903,1.22177,0.499535
2.99803,4.73696,1.21833,0.369589
3.10447,4.65748,1.21218,0.121677
3.10636,4.65596,1.21206,0.116965
3.17373,4.59893,1.20765,-0.0594936
3.17549,4.59737,1.20753,-0.0643241
3.24735,4.53125,1.20261,-0.269266
3.24901,4.52966,1.20249,-0.274186
3.31579,4.46315,1.19755,-0.482311
3.3706,4.40503,1.19314,-0.671642
3.42347,4.34737,1.18863,-0.871419
3.42473,4.34598,1.18852,-0.876415
3.426,4.34458,1.18841,-0.881409
3.47017,4.24571,1.17818,-1.52184
3.47005,4.2457,1.17817,-1.5223
3.46994,4.24569,1.17817,-1.52275
3.46982,4.24569,1.17816,-1.5232
3.46971,4.24568,1.17816,-1.52363
3.4696,4.24568,1.17815,-1.52406
3.46949,4.24567,1.17814,-1.52448
3.46939,4.24567,1.17814,-1.52489
3.46928,4.24566,1.17813,-1.52529
3.467,4.24509,1.17865,-1.5378
3.46698,4.24502,1.1787,-1.53826
3.43483,4.215,1.18784,-1.60006
3.43368,4.21419,1.18808,-1.60154
3.43252,4.21337,1.18832,-1.60303
3.32648,4.15134,1.20886,-1.7337
3.32457,4.15034,1.20923,-1.73616
3.21221,4.09341,1.23167,-1.89379
3.2102,4.09243,1.23207,-1.89679
3.2082,4.09145,1.23247,-1.8998
3.09092,4.03681,1.25587,-2.08654
3.08893,4.03592,1.25626,-2.08983
2.98053,3.98976,1.27714,-2.27199
2.97851,3.98894,1.27752,-2.27541
2.8849,3.95261,1.2954,-2.4377
2.88294,3.95187,1.29578,-2.44118
2.78987,3.91748,1.31418,-2.60858
2.78795,3.91678,1.31456,-2.61206
2.6762,3.8772,1.33744,-2.8212
2.67439,3.87657,1.33782,-2.82467
2.67258,3.87594,1.3382,-2.82815
2.54339,3.84046,1.36543,3.13583
2.54314,3.84052,1.3655,3.13397
2.5429,3.84059,1.36557,3.13213
2.54267,3.84066,1.36564,3.13031
2.5291,3.84239,1.36716,3.03289
2.52858,3.84214,1.3671,3.03161
2.52804,3.84187,1.36705,3.03032
2.4606,3.79698,1.35816,2.94133
2.45927,3.79601,1.35798,2.9399
2.45794,3.79503,1.3578,2.93847
2.36351,3.7227,1.34454,2.83438
2.36209,3.72157,1.34433,2.83271
2.36066,3.72045,1.34413,2.83104
2.26994,3.64831,1.33048,2.7165
2.26855,3.6472,1.33026,2.71466
2.18315,3.57821,1.31695,2.59721
2.18178,3.57709,1.31674,2.59528
2.18042,3.57597,1.31652,2.59334
2.12103,3.52698,1.30706,2.50753
2.1197,3.52587,1.30685,2.50557
2.05232,3.46868,1.29601,2.40494
2.05101,3.46755,1.2958,2.40296
1.97946,3.40488,1.28426,2.29385
1.97816,3.40373,1.28405,2.29186
1.90611,3.33864,1.27245,2.17975
1.90506,3.33769,1.27228,2.17797
1.87107,3.30642,1.26588,2.10319
1.86248,3.29712,1.26279,2.05461
1.86225,3.29694,1.26273,2.05401
1.86201,3.29675,1.26268,2.05344
1.82522,3.27828,1.25668,2.05897
1.82394,3.27772,1.25649,2.05982
1.7376,3.24055,1.24387,2.13993
1.73562,3.2397,1.24358,2.14216
1.62863,3.19408,1.22771,2.28236
1.62648,3.19315,1.22739,2.28555
1.61357,3.18758,1.22541,2.30499
1.50505,3.13907,1.20879,2.48321
1.50288,3.13805,1.20846,2.48701
1.38009,3.07577,1.18935,2.71436
1.37797,3.07461,1.18902,2.71848
1.23366,2.98882,1.16535,3.0168
1.23172,2.98758,1.16502,3.02105
1.22978,2.98634,1.16469,3.0253
1.09798,2.89711,1.14129,-2.95518
1.09622,2.89585,1.14096,-2.95093
1.09446,2.89459,1.14064,-2.94667
0.964427,2.79727,1.11554,-2.61455
0.96303,2.79612,1.11527,-2.61062
0.96165,2.79498,1.115,-2.60672
0.917001,2.73173,1.10096,-2.26697
0.917129,2.73162,1.10094,-2.26579
0.917258,2.7315,1.10092,-2.26462
0.917387,2.73139,1.1009,-2.26346
0.917515,2.73128,1.10087,-2.26232
0.917644,2.73117,1.10085,-2.26119
0.919465,2.72334,1.09957,-2.21658
0.91925,2.72297,1.0995,-2.21596
0.89414,2.68587,1.09421,-2.19775
0.892507,2.68347,1.09393,-2.19744
0.838336,2.60295,1.08597,-2.20142
0.83726,2.60133,1.08583,-2.20169
0.79232,2.53412,1.08038,-2.21718
0.791214,2.53248,1.08025,-2.21765
0.730919,2.44386,1.07324,-2.24783
0.729794,2.44222,1.07311,-2.24846
0.670865,2.35759,1.06614,-2.283
0.669721,2.35596,1.06601,-2.2837
0.604437,2.26352,1.0581,-2.32383
0.603295,2.26191,1.05796,-2.32455
0.540066,2.1728,1.05017,-2.36373
0.53891,2.17117,1.05002,-2.36444
0.537755,2.16954,1.04988,-2.36515
0.481449,2.09032,1.04298,-2.39977
0.480304,2.08871,1.04284,-2.40048
0.394809,1.96903,1.03253,-2.45262
0.393899,1.96779,1.03244,-2.45322
0.393002,1.96657,1.03235,-2.45381
0.341218,1.88403,1.02798,-2.48503
0.340777,1.8828,1.02794,-2.48451
0.340332,1.88154,1.0279,-2.48397
0.339884,1.88026,1.02786,-2.48342
0.339433,1.87896,1.02783,-2.48285
0.338979,1.87765,1.02779,-2.48227
0.303999,1.75284,1.02616,-2.40517
0.303507,1.75085,1.02616,-2.40365
0.303015,1.74885,1.02616,-2.40211
0.271097,1.61255,1.02645,-2.27924
0.270635,1.61049,1.02645,-2.27716
0.23098,1.41564,1.02637,-2.06425
0.230601,1.4136,1.02637,-2.06191
0.230224,1.41156,1.02636,-2.05957
0.229847,1.40953,1.02635,-2.05723
0.210622,1.30032,1.02613,-1.92796
0.210289,1.29837,1.02612,-1.9256
0.209956,1.29642,1.02612,-1.92325
0.190253,1.18058,1.0257,-1.78354
0.189923,1.1786,1.02569,-1.78118
0.169865,1.05741,1.02544,-1.63407
0.169546,1.05547,1.02543,-1.63171
0.169228,1.05354,1.02543,-1.62935
0.154938,0.92936,1.02574,-1.43262
0.157763,0.920979,1.02574,-1.37866
0.157758,0.920679,1.02572,-1.37757
0.157749,0.920362,1.0257,-1.37648
0.157735,0.920028,1.02567,-1.37537
0.157717,0.919675,1.02564,-1.37426
0.153699,0.890171,1.0226,-1.32132
0.153524,0.889026,1.02248,-1.31967
0.142555,0.816683,1.01529,-1.2175
0.142303,0.815053,1.01513,-1.21506
0.130072,0.739141,1.0078,-1.09008
0.115534,0.652321,0.998825,-0.917148
0.115251,0.650716,0.998648,-0.913597
0.114968,0.649113,0.998472,-0.910039
0.102842,0.584728,0.99111,-0.758667
0.0915967,0.530789,0.984486,-0.619374
0.0912659,0.529326,0.984303,-0.615438
0.0796351,0.482018,0.978314,-0.484513
0.0625605,0.425156,0.970817,-0.318667
0.0621,0.42378,0.970633,-0.314587
0.0446757,0.375834,0.96424,-0.171067
0.0271088,0.33398,0.958645,-0.0431904
0.00940238,0.296733,0.953545,0.0725148
0.00873706,0.295411,0.953365,0.0766423
-0.0136613,0.253408,0.947692,0.20846
-0.0503711,0.19471,0.939122,0.417925
-0.0678116,0.180925,0.934678,0.544175
-0.0681507,0.180712,0.93464,0.54635
-0.0684924,0.18049,0.934605,0.548499
-0.0859326,0.156955,0.935719,0.613872
-0.0864394,0.15596,0.9358,0.614892
-0.105672,0.10977,0.939662,0.633568
-0.132306,0.0271893,0.946043,0.614022
-0.132871,0.0252616,0.946186,0.613136
-0.153909,-0.051586,0.951694,0.566833
-0.154424,-0.0535847,0.951833,0.56538
-0.174051,-0.133074,0.957346,0.5008
-0.195195,-0.221397,0.963452,0.419195
-0.195699,-0.223514,0.963597,0.417155
-0.213896,-0.300063,0.968854,0.341605
-0.232582,-0.377804,0.974107,0.263558
-0.233111,-0.379975,0.974252,0.261375
-0.249741,-0.447267,0.97874,0.193479
-0.266819,-0.514761,0.9832,0.125541
-0.288494,-0.597576,0.988699,0.0426456
-0.289076,-0.599758,0.988844,0.040469
-0.309252,-0.67398,0.993768,-0.0331902
-0.352009,-0.820062,1.00228,-0.184122
-0.35238,-0.821273,1.00233,-0.185717
-0.352744,-0.822463,1.00238,-0.187299
-0.360702,-0.849063,1.00363,-0.229668
-0.360894,-0.849718,1.0037,-0.230908
-0.36635,-0.863676,1.00719,-0.255766
-0.378576,-0.874564,1.01557,-0.269654
-0.417274,-0.885547,1.03828,-0.267144
-0.447422,-0.889208,1.05507,-0.253437
-0.513958,-0.892253,1.09222,-0.205211
-0.515637,-0.892268,1.09317,-0.203732
-0.57486,-0.891371,1.12701,-0.144819
-0.639723,-0.887929,1.16451,-0.0683149
-0.641443,-0.887814,1.16551,-0.0661676
-0.710965,-0.882531,1.20537,0.0237543
-0.772285,-0.877239,1.23989,0.106616
-0.774037,-0.877081,1.24087,0.109017
-0.846236,-0.870307,1.28087,0.208525
-0.933064,-0.862138,1.32789,0.32651
-0.934892,-0.861972,1.32888,0.328975
-1.01634,-0.854761,1.37208,0.437318
-1.01821,-0.854604,1.37306,0.439776
-1.1216,-0.846392,1.42664,0.574292
-1.12349,-0.846252,1.42759,0.576704
-1.22722,-0.839163,1.47417,0.721329
-1.2281,-0.839059,1.47453,0.723003
-1.22896,-0.838954,1.47488,0.724663
-1.2493,-0.835188,1.4841,0.773661
-1.26505,-0.848118,1.50528,0.80935
-1.26522,-0.848891,1.50584,0.809448
-1.26722,-0.898422,1.53429,0.792606
-1.26715,-0.899949,1.53506,0.791731
-1.25961,-0.985375,1.57582,0.726372
-1.25938,-0.987256,1.5767,0.724631
-1.24319,-1.10518,1.6311,0.598021
-1.2429,-1.10721,1.63201,0.595624
-1.24261,-1.10923,1.63293,0.593221
-1.23219,-1.18253,1.66593,0.502452
-1.22081,-1.26729,1.70338,0.392227
-1.22055,-1.26938,1.70429,0.389483
-1.2108,-1.35119,1.73961,0.281066
-1.20054,-1.45361,1.78304,0.145575
-1.20035,-1.45576,1.78394,0.142744
-1.19375,-1.53983,1.81913,0.032332
-1.1936,-1.54198,1.82003,0.0295036
-1.1881,-1.63695,1.85973,-0.0947057
-1.188,-1.6391,1.86063,-0.0975179
-1.18505,-1.71839,1.89328,-0.20058
-1.18501,-1.78856,1.91957,-0.297578
-1.18507,-1.78996,1.92008,-0.299808
-1.18733,-1.8239,1.93311,-0.364101
-1.19253,-1.85191,1.94058,-0.420788
-1.19283,-1.85283,1.94068,-0.422207
-1.21283,-1.89506,1.94038,-0.467507
-1.24517,-1.94761,1.93445,-0.499376
-1.2746,-1.99259,1.92755,-0.518413
-1.27573,-1.9943,1.92727,-0.519042
-1.30659,-2.04065,1.91931,-0.534345
-1.3445,-2.09719,1.90908,-0.549568
-1.39249,-2.16823,1.89606,-0.565431
-1.39363,-2.16991,1.89575,-0.565777
-1.44159,-2.24036,1.8831,-0.579577
-1.48953,-2.31042,1.87081,-0.592594
-1.49067,-2.31208,1.87052,-0.592902
-1.53408,-2.37538,1.85957,-0.604602
-1.53522,-2.37704,1.85928,-0.604912
-1.59814,-2.46866,1.8435,-0.622192
-1.59929,-2.47033,1.84321,-0.622511
-1.65521,-2.5517,1.82917,-0.638334
-1.65635,-2.55336,1.82889,-0.638661
-1.69612,-2.61122,1.81913,-0.649974
-1.75696,-2.69818,1.80445,-0.680741
-1.75696,-2.69818,1.80445,-0.68074
-1.75696,-2.69818,1.80445,-0.680738
-1.75696,-2.69818,1.80445,-0.680737
-1.75696,-2.69818,1.80445,-0.680735
-1.75696,-2.69818,1.80444,-0.680734
-1.75696,-2.69818,1.80444,-0.680732
-1.75697,-2.69821,1.80437,-0.680756
-1.75697,-2.69822,1.80435,-0.680765
-1.75698,-2.69824,1.80433,-0.680776
-1.75703,-2.69842,1.80413,-0.680839
-1.75705,-2.69848,1.80408,-0.680853
-1.75707,-2.69855,1.80402,-0.680868
-1.75709,-2.69862,1.80396,-0.680883
-1.75711,-2.69871,1.80389,-0.680899
-1.75713,-2.69881,1.80382,-0.680916
-1.75715,-2.69893,1.80374,-0.680934
-1.75539,-2.7151,1.79567,-0.682652
-1.75519,-2.7159,1.79531,-0.682733
-1.75499,-2.71673,1.79494,-0.682815
-1.75478,-2.71757,1.79456,-0.6829
-1.75456,-2.71843,1.79418,-0.682986
-1.75433,-2.71931,1.79378,-0.683074
-1.75409,-2.7202,1.79338,-0.683163
-1.75385,-2.72112,1.79297,-0.683255
-1.74728,-2.7417,1.78396,-0.685321
-1.72022,-2.80684,1.7558,-0.69248
-1.71949,-2.80843,1.7551,-0.692672
-1.6946,-2.8608,1.73187,-0.699406
-1.66653,-2.91751,1.70612,-0.707631
-1.6365,-2.97758,1.67851,-0.717164
-1.63567,-2.97924,1.67775,-0.717438
-1.60661,-3.03759,1.65082,-0.727244
-1.57838,-3.09449,1.62468,-0.737065
-1.57755,-3.09617,1.62391,-0.737357
-1.54679,-3.15844,1.59549,-0.748225
-1.5228,-3.20714,1.57338,-0.756777
-1.49004,-3.27379,1.543,-0.768567
-1.48921,-3.27546,1.54224,-0.768861
-1.46287,-3.32899,1.51789,-0.778268
-1.44887,-3.3575,1.50489,-0.783265
-1.42411,-3.40784,1.4821,-0.792037
-1.36548,-3.53404,1.42916,-0.826358
-1.36548,-3.53405,1.42914,-0.826358
-1.36548,-3.53405,1.42913,-0.826354
-1.36547,-3.53406,1.42912,-0.826346
-1.36547,-3.53407,1.42911,-0.826331
-1.36547,-3.53408,1.4291,-0.826309
-1.36546,-3.53409,1.42909,-0.82628
-1.36546,-3.5341,1.42908,-0.826244
-1.36545,-3.53412,1.42907,-0.8262
-1.36544,-3.53414,1.42905,-0.826148
-1.3659,-3.53462,1.42876,-0.816665
-1.36601,-3.53452,1.42878,-0.816031
-1.36624,-3.53427,1.42882,-0.814681
-1.36638,-3.53413,1.42885,-0.813965
-1.36653,-3.53396,1.42888,-0.813222
-1.36669,-3.53379,1.42891,-0.812452
-1.36686,-3.53359,1.42895,-0.811655
-1.36704,-3.53337,1.42898,-0.810832
-1.36724,-3.53314,1.42902,-0.809983
-1.36745,-3.53289,1.42906,-0.809109
-1.37867,-3.51914,1.43116,-0.774821
-1.37929,-3.51838,1.43127,-0.773142
-1.39711,-3.49652,1.43422,-0.726373
-1.42584,-3.46065,1.43853,-0.649355
-1.45489,-3.42287,1.4425,-0.564452
-1.4984,-3.36208,1.44799,-0.420604
-1.54431,-3.29443,1.45352,-0.253494
-1.54558,-3.29255,1.45367,-0.248754
-1.59159,-3.22483,1.45913,-0.0773118
-1.65011,-3.14437,1.46568,0.129028
-1.65166,-3.14236,1.46584,0.134288
-1.72339,-3.0536,1.47319,0.369524
-1.79591,-2.97304,1.48002,0.588338
-1.79781,-2.97106,1.48019,0.593848
-1.89351,-2.87869,1.48819,0.859628
-1.89558,-2.87683,1.48835,0.865189
-2.00884,-2.78346,1.49722,1.16018
-2.01102,-2.78181,1.49739,1.16574
-2.18359,-2.68216,1.508,1.67143
-2.18421,-2.68201,1.50801,1.67462
-2.18482,-2.68187,1.50802,1.67779
-2.18541,-2.68173,1.50803,1.68092
-2.186,-2.6816,1.50804,1.68403
-2.20991,-2.67234,1.50989,1.83735
-2.21001,-2.67187,1.50995,1.83894
-2.17468,-2.59476,1.51989,1.89225
-2.1737,-2.59334,1.52009,1.89217
-2.17271,-2.59191,1.52029,1.89208
-2.06134,-2.45007,1.54235,1.82755
-2.06001,-2.44847,1.54261,1.8264
-2.05869,-2.44687,1.54286,1.82525
-2.05736,-2.44527,1.54312,1.82409
-1.97108,-2.34319,1.55941,1.74023
-1.9697,-2.34159,1.55966,1.73881
-1.96833,-2.33998,1.55991,1.7374
-1.88202,-2.24122,1.57514,1.64724
-1.88062,-2.23964,1.57538,1.64577
-1.79747,-2.14656,1.58962,1.55879
-1.79605,-2.14499,1.58986,1.55732
-1.79464,-2.14341,1.5901,1.55585
-1.69511,-2.03379,1.60715,1.45314
-1.69372,-2.03227,1.60739,1.45172
-1.69233,-2.03075,1.60763,1.45029
-1.61025,-1.94199,1.62095,1.36537
-1.60927,-1.94099,1.62111,1.36422
-1.57668,-1.91068,1.62697,1.31438
-1.57636,-1.91045,1.62703,1.31365
-1.56526,-1.90026,1.62951,1.2802
-1.5651,-1.89981,1.62955,1.27975
-1.56494,-1.89934,1.62959,1.2793
-1.55917,-1.85277,1.63172,1.26106
-1.55912,-1.85133,1.63179,1.26072
-1.56063,-1.76071,1.63704,1.24433
-1.56073,-1.75882,1.63717,1.24404
-1.57727,-1.52292,1.65473,1.21115
-1.57742,-1.52095,1.65488,1.21088
-1.57756,-1.51897,1.65502,1.2106
-1.57771,-1.517,1.65516,1.21033
-1.57785,-1.51502,1.65531,1.21005
-1.58725,-1.38519,1.66466,1.19163
-1.58739,-1.38323,1.6648,1.19135
-1.58754,-1.38126,1.66494,1.19107
-1.59609,-1.26295,1.67317,1.17383
-1.59623,-1.26097,1.67331,1.17354
-1.60388,-1.15558,1.68058,1.15783
-1.60402,-1.15363,1.68071,1.15754
-1.61204,-1.04315,1.68814,1.14108
-1.61217,-1.04118,1.68826,1.14079
-1.61231,-1.03921,1.68838,1.1405
-1.61963,-0.927709,1.69669,1.11659
-1.61963,-0.927559,1.69671,1.11646
-1.61962,-0.927415,1.69672,1.11634
-1.61961,-0.927276,1.69673,1.11622
-1.61578,-0.916092,1.69567,1.1057
-1.6155,-0.915572,1.69557,1.10536
-1.56995,-0.854825,1.68286,1.06336
-1.56883,-0.853536,1.68258,1.06235
-1.5677,-0.852242,1.68231,1.06132
-1.48712,-0.766275,1.66328,0.979377
-1.48572,-0.764849,1.66295,0.977795
-1.48433,-0.763424,1.66263,0.976206
-1.40906,-0.687995,1.6451,0.88329
-1.40762,-0.686584,1.64476,0.881406
-1.34197,-0.622964,1.62937,0.791226
-1.34055,-0.621605,1.62903,0.7892
-1.26369,-0.548979,1.61085,0.67755
-1.26228,-0.547656,1.61051,0.675449
-1.17936,-0.470448,1.59074,0.550719
-1.17796,-0.469149,1.5904,0.548595
-1.17657,-0.467849,1.59007,0.546471
-1.10609,-0.40233,1.57298,0.438268
-1.10472,-0.401052,1.57264,0.436145
-1.03386,-0.33468,1.55512,0.325842
-1.03251,-0.333412,1.55479,0.323733
-0.972974,-0.279117,1.54105,0.227748
-0.972045,-0.278317,1.54085,0.226013
-0.946911,-0.257991,1.53516,0.164659
-0.936569,-0.252749,1.53316,0.108616
-0.936331,-0.25259,1.53319,0.107422
-0.936082,-0.252422,1.53322,0.106214
-0.909181,-0.232325,1.53796,0.0304727
-0.843494,-0.184552,1.5524,-0.129034
-0.842226,-0.183628,1.55272,-0.132444
-0.840957,-0.182703,1.55304,-0.135874
-0.783525,-0.139526,1.56908,-0.316289
-0.782369,-0.138607,1.56944,-0.320507
-0.729863,-0.0943664,1.58672,-0.53668
-0.728836,-0.0934492,1.58708,-0.541425
-0.685149,-0.0508638,1.60339,-0.768093
-0.684274,-0.0499116,1.60374,-0.773164
-0.654184,-0.0135921,1.6166,-0.964207
-0.621046,0.0384367,1.63301,-1.21849
-0.619788,0.040761,1.63369,-1.22919
-0.589916,0.105018,1.65109,-1.50438
-0.589356,0.106391,1.65144,-1.50982
-0.549557,0.214735,1.67605,-1.89798
-0.548987,0.216397,1.67639,-1.90345
-0.548416,0.218062,1.67672,-1.90892
-0.511663,0.339737,1.69519,-2.33096
-0.511604,0.340528,1.69524,-2.33472
-0.511553,0.341307,1.69529,-2.33844
-0.51151,0.342073,1.69534,-2.34214
-0.516775,0.375136,1.70029,-2.51312
-0.517001,0.375847,1.70053,-2.5158
-0.570586,0.477058,1.74182,-2.70928
-0.5716,0.4787,1.74254,-2.71145
-0.572619,0.480348,1.74327,-2.71362
-0.644891,0.593632,1.79611,-2.85231
-0.646031,0.595403,1.79698,-2.85443
-0.647172,0.597174,1.79784,-2.85655
-0.7359,0.736261,1.86677,-3.02581
-0.736998,0.738016,1.86764,-3.02798
-0.738095,0.739771,1.8685,-3.03014
-0.827678,0.886659,1.94019,3.07031
-0.828734,0.888441,1.94105,3.06809
-0.829788,0.890222,1.9419,3.06586
-0.830842,0.892003,1.94275,3.06364
-0.91694,1.04165,2.0148,2.87361
-0.917926,1.0434,2.01565,2.87136
-0.918912,1.04516,2.0165,2.86911
-0.996098,1.18626,2.08275,2.68916
-0.997728,1.1894,2.08411,2.68504
-0.998529,1.19095,2.08478,2.683
-1.02695,1.26941,2.11868,2.51553
-1.02688,1.26963,2.11868,2.51427
-1.02685,1.26973,2.11868,2.51366
-1.02682,1.26984,2.11867,2.51305
-1.02678,1.26994,2.11866,2.51245
-1.02675,1.27005,2.11866,2.51186
-1.02333,1.29591,2.11706,2.48739
-1.02314,1.29681,2.11695,2.48745
-1.02293,1.29773,2.11683,2.48751
-0.984153,1.41007,2.09898,2.52659
-0.982835,1.41342,2.09837,2.52833
-0.982173,1.4151,2.09806,2.52921
-0.912231,1.58622,2.06327,2.64817
-0.910843,1.58955,2.06256,2.65093
-0.910151,1.59122,2.06221,2.65232
-0.909459,1.59288,2.06185,2.6537
-0.858558,1.71348,2.0358,2.76102
-0.857158,1.71673,2.0351,2.76401
-0.856457,1.71836,2.03475,2.76551
-0.855755,1.71999,2.0344,2.76701
-0.800107,1.84726,2.00715,2.8848
-0.799383,1.84889,2.00681,2.88632
-0.798658,1.85052,2.00646,2.88784
-0.748592,1.96109,1.98274,2.9909
-0.747845,1.96272,1.98239,2.99241
-0.747098,1.96434,1.98204,2.99392
-0.697428,2.07101,1.95966,3.09924
-0.697018,2.07188,1.95945,3.10039
-0.68566,2.09411,1.953,-3.13964
-0.68553,2.0943,1.95291,-3.13887
-0.685403,2.09449,1.95283,-3.1381
-0.685461,2.11063,1.91438,-3.06153
-0.685734,2.11098,1.91331,-3.06036
-0.686015,2.11134,1.91223,-3.05918
-0.686305,2.11169,1.91114,-3.05799
-0.726616,2.13923,1.79555,-2.93057
-0.72725,2.13955,1.79382,-2.92853
-0.727884,2.13986,1.79209,-2.92649
-0.777338,2.16271,1.64955,-2.74227
-0.777932,2.16298,1.64771,-2.73971
-0.778525,2.16326,1.64588,-2.73715
-0.821763,2.18469,1.50204,-2.52495
-0.822263,2.18496,1.50023,-2.52218
-0.822761,2.18524,1.49843,-2.51941
-0.858441,2.20817,1.35833,-2.30057
-0.879887,2.22614,1.26217,-2.14824
-0.880264,2.2265,1.26038,-2.14541
-0.88064,2.22686,1.25859,-2.14259
-0.881016,2.22721,1.25681,-2.13977
-0.881392,2.22757,1.25503,-2.13695
-0.90962,2.25877,1.11385,-1.89878
-0.909784,2.25899,1.11279,-1.89652
-0.909943,2.2592,1.11174,-1.89427
-0.902043,2.26202,1.06487,-1.73391
-0.901883,2.26169,1.06487,-1.734
-0.901721,2.26135,1.06486,-1.73413
-0.901556,2.26098,1.06486,-1.73429
-0.901388,2.2606,1.06487,-1.73448
-0.894872,2.23687,1.06693,-1.75965
-0.894647,2.23579,1.06705,-1.76103
-0.883505,2.16545,1.0772,-1.87204
-0.883292,2.16385,1.07747,-1.87503
-0.870868,2.0653,1.09688,-2.09764
-0.870667,2.06368,1.09723,-2.10196
-0.857351,1.9624,1.1205,-2.41923
-0.857134,1.96102,1.12084,-2.4243
-0.856915,1.95964,1.12118,-2.42937
-0.799807,1.79229,1.16782,3.09569
-0.799141,1.79122,1.16814,3.09015
-0.798471,1.79014,1.16847,3.0846
-0.797796,1.78907,1.16879,3.07906
-0.797117,1.788,1.16912,3.07351
-0.796433,1.78692,1.16944,3.06796
-0.738705,1.71178,1.19085,2.68011
-0.73788,1.71087,1.19107,2.67504
-0.73706,1.70998,1.19129,2.66998
-0.662575,1.68955,1.19962,2.21885
-0.660821,1.68972,1.19977,2.21575
-0.659914,1.6898,1.19984,2.21423
-0.658988,1.68988,1.19992,2.21273
-0.658042,1.68995,1.19999,2.21126
-0.513941,1.69013,1.20981,2.14864
-0.511971,1.6901,1.20993,2.14852
-0.509999,1.69006,1.21005,2.14841
-0.508026,1.69003,1.21017,2.14831
-0.384217,1.68665,1.21763,2.15596
-0.382204,1.68658,1.21775,2.15625
-0.380192,1.6865,1.21788,2.15655
-0.22358,1.67937,1.22751,2.18717
-0.221622,1.67927,1.22763,2.18761
-0.219664,1.67918,1.22776,2.18805
-0.0265122,1.66885,1.24017,2.23159
-0.0245604,1.66874,1.24029,2.23201
-0.0226092,1.66863,1.24042,2.23244
-0.0206585,1.66852,1.24054,2.23287
0.17007,1.65756,1.25182,2.27396
0.171153,1.6575,1.25185,2.27426
0.172215,1.65744,1.25188,2.27456
0.173254,1.65738,1.25191,2.27485
0.175268,1.65727,1.25197,2.27544
0.206593,1.65439,1.25236,2.29374
0.206606,1.65437,1.25236,2.29385
0.206617,1.65434,1.25237,2.29396
0.206305,1.65349,1.25266,2.29793
0.206297,1.65348,1.25267,2.29797
0.206289,1.65348,1.25268,2.29801
0.22093,1.64496,1.24562,2.33682
0.221582,1.64452,1.24527,2.33839
0.222248,1.64407,1.24492,2.34
0.314045,1.57251,1.18337,2.62022
0.315239,1.57141,1.18243,2.62477
0.316433,1.5703,1.18148,2.62934
0.317629,1.56918,1.18053,2.63395
0.401994,1.48165,1.1126,2.98823
0.403362,1.48018,1.11155,2.99407
0.493945,1.38896,1.05016,-2.9259
0.495654,1.38739,1.04914,-2.9195
0.497369,1.38582,1.04811,-2.91309
0.614428,1.29057,0.985693,-2.51082
0.78426,1.19358,0.914174,-2.01936
0.786704,1.19252,0.913299,-2.01263
0.789142,1.19147,0.912433,-2.00591
0.791571,1.19044,0.911575,-1.9992
0.931166,1.15438,0.868508,-1.48333
0.93184,1.15436,0.868336,-1.47901
0.932503,1.15434,0.868167,-1.47473
0.933155,1.15433,0.868003,-1.47048
0.950291,1.15602,0.86465,-1.34772
0.981361,1.16841,0.867524,-1.21928
0.982408,1.16891,0.867671,-1.21687
1.00551,1.18041,0.871114,-1.17297
1.04962,1.20363,0.877754,-1.11334
1.0917,1.22648,0.884164,-1.06691
1.14436,1.25546,0.892282,-1.01373
1.20787,1.29063,0.902258,-0.950995
1.26537,1.3226,0.911458,-0.893475
1.26734,1.3237,0.911774,-0.891476
1.35361,1.37241,0.925613,-0.802222
1.37894,1.38695,0.929664,-0.775342
1.48177,1.4472,0.946132,-0.663651
1.48368,1.44834,0.946442,-0.661521
1.54268,1.48399,0.956029,-0.595017
1.63975,1.54388,0.971619,-0.483989
1.64165,1.54507,0.971923,-0.481802
1.7242,1.59766,0.985378,-0.385077
1.72608,1.59887,0.985685,-0.38287
1.78021,1.63397,0.994584,-0.318772
1.92104,1.74653,1.0153,-0.0414312
1.92105,1.74658,1.01534,-0.0412749
1.92106,1.74664,1.01538,-0.0411105
1.92106,1.7467,1.01542,-0.0409383
1.92106,1.74676,1.01546,-0.0407583
1.92105,1.74682,1.01551,-0.0405708
1.92103,1.74688,1.01556,-0.0403748
1.921,1.74694,1.0156,-0.0401698
1.92096,1.74701,1.01565,-0.0399557
1.92091,1.74707,1.0157,-0.0397322
1.90686,1.74819,1.0184,-0.0251877
1.90434,1.7481,1.01867,-0.0233679
1.90345,1.74806,1.01877,-0.0227392
1.90254,1.74802,1.01886,-0.0220999
1.90161,1.74797,1.01896,-0.02145
1.90065,1.74792,1.01905,-0.0207899
1.89967,1.74786,1.01915,-0.0201198
1.89867,1.7478,1.01924,-0.01944
1.81153,1.73751,1.02404,0.0364684
1.80972,1.73726,1.0241,0.0376839
1.7153,1.72459,1.02633,0.106843
1.71337,1.72436,1.02636,0.108372
1.56728,1.70828,1.02864,0.232019
1.56527,1.70807,1.02867,0.233796
1.56327,1.70787,1.02871,0.235576
1.40007,1.69184,1.03161,0.383492
1.39805,1.69164,1.03165,0.385346
1.39604,1.69145,1.03169,0.3872
1.39402,1.69126,1.03173,0.389055
1.30012,1.6822,1.03365,0.474655
1.29806,1.682,1.0337,0.47652
1.18805,1.67093,1.03602,0.57531
1.18596,1.67072,1.03607,0.577171
1.05681,1.65708,1.03871,0.691436
1.05479,1.65685,1.03875,0.693201
0.969297,1.64822,1.039,0.78017
0.968417,1.64818,1.03898,0.781415
0.967557,1.64815,1.03895,0.78265
0.933065,1.65556,1.03876,0.878385
0.933056,1.65556,1.03876,0.878375
0.933048,1.65557,1.03876,0.878364
0.933039,1.65558,1.03876,0.878353
0.933031,1.65558,1.03876,0.878341
0.933024,1.65559,1.03876,0.878328
0.912724,1.64826,1.0412,0.894124
0.911838,1.64784,1.04127,0.894787
0.910931,1.64742,1.04135,0.895465
0.910005,1.64698,1.04142,0.896157
0.90906,1.64653,1.0415,0.896864
0.908095,1.64607,1.04157,0.897587
0.907111,1.64559,1.04165,0.898326
0.699175,1.53406,1.04851,1.10921
0.69727,1.53306,1.04854,1.11157
0.695365,1.53206,1.04857,1.11395
0.693459,1.53106,1.04861,1.11633
0.691552,1.53006,1.04864,1.11872
0.550152,1.45666,1.05091,1.30869
0.548183,1.45563,1.05095,1.31145
0.546212,1.45461,1.05099,1.31422
0.373739,1.36215,1.0544,1.55965
0.371717,1.36103,1.05444,1.56256
0.369694,1.35991,1.05448,1.56547
0.367671,1.35878,1.05452,1.56838
0.04747,1.16682,1.06109,2.0295
0.045627,1.16561,1.06112,2.03221
0.0437982,1.1644,1.06115,2.03491
0.041984,1.1632,1.06118,2.03759
0.0401851,1.16201,1.06121,2.04027
0.0384018,1.16082,1.06124,2.04293
-0.0560002,1.09655,1.06099,2.26105
-0.0564222,1.09625,1.06097,2.26367
-0.0565571,1.09616,1.06096,2.26452
-0.0566892,1.09606,1.06095,2.26536
-0.0568186,1.09597,1.06094,2.26619
-0.0820576,1.07982,1.06557,2.30756
-0.0838692,1.07878,1.06591,2.30814
-0.0848016,1.07824,1.06609,2.30842
-0.0857516,1.0777,1.06627,2.3087
-0.160437,1.03623,1.08115,2.31432
-0.162034,1.03536,1.08149,2.31426
-0.367906,0.923442,1.12987,2.28138
-0.369592,0.922534,1.13028,2.28098
-0.371278,0.921628,1.1307,2.28057
-0.372963,0.920721,1.13111,2.28017
-0.374648,0.919815,1.13152,2.27976
-0.450131,0.879361,1.14987,2.26049
-0.4518,0.878469,1.15028,2.26004
-0.548768,0.826743,1.17359,2.23379
-0.550441,0.825852,1.17398,2.23333
-0.671289,0.761446,1.20271,2.20038
-0.672969,0.76055,1.20311,2.19993
-0.674649,0.759653,1.20351,2.19947
-0.785352,0.700527,1.22988,2.16966
-0.787035,0.699628,1.23028,2.16921
-0.788717,0.698728,1.23068,2.16876
-0.906701,0.635227,1.25735,2.12485
-0.906766,0.635198,1.25737,2.12468
-0.936591,0.623817,1.26879,2.08562
-0.937581,0.623452,1.26908,2.08453
-0.938587,0.623083,1.26939,2.08343
-0.939607,0.622709,1.26969,2.08232
-0.940642,0.62233,1.27,2.08118
-0.941691,0.621947,1.27031,2.08002
-0.942755,0.621559,1.27063,2.07884
-1.05725,0.580472,1.30529,1.92054
-1.05873,0.579908,1.30577,1.91798
-1.06022,0.579343,1.30625,1.91541
-1.06171,0.578777,1.30673,1.91283
-1.18315,0.527611,1.34824,1.65931
-1.18455,0.526959,1.34874,1.65596
-1.18595,0.526306,1.34923,1.65261
-1.26381,0.4873,1.37712,1.45473
-1.26514,0.486578,1.37761,1.45117
-1.36278,0.429027,1.41285,1.18644
-1.36412,0.428177,1.41333,1.18278
-1.36547,0.427326,1.41381,1.17911
-1.47542,0.353466,1.45246,0.884494
-1.47682,0.352483,1.45294,0.880808
-1.47822,0.351498,1.45343,0.877121
-1.47962,0.350512,1.45391,0.873433
-1.5595,0.293259,1.47987,0.669975
-1.56087,0.292271,1.48026,0.666549
-1.61454,0.247676,1.49417,0.487251
-1.61489,0.247214,1.49426,0.484954
-1.61523,0.246759,1.49434,0.482677
-1.6212,0.233418,1.49599,0.4101
-1.62209,0.220661,1.49884,0.341517
-1.62223,0.220262,1.49899,0.34026
-1.65043,0.15467,1.51494,0.23706
-1.65111,0.153055,1.51526,0.234992
-1.65178,0.151426,1.51559,0.232909
-1.68232,0.0748489,1.52991,0.135073
-1.6831,0.0728073,1.53028,0.132386
-1.71374,-0.00793291,1.54454,0.0212144
-1.74557,-0.0918189,1.55908,-0.104888
-1.74643,-0.0940433,1.55946,-0.10837
-1.78495,-0.190191,1.57591,-0.264082
-1.82722,-0.286718,1.59233,-0.428432
-1.82825,-0.288962,1.59271,-0.432326
-1.89638,-0.427127,1.6162,-0.67787
-1.89755,-0.429342,1.61658,-0.681885
-1.89871,-0.431556,1.61696,-0.685901
-1.95959,-0.540767,1.63587,-0.887603
-1.96086,-0.542912,1.63625,-0.891648
-2.01244,-0.62717,1.65142,-1.05373
-2.07938,-0.727827,1.67004,-1.25528
-2.08072,-0.729753,1.67039,-1.25921
-2.08874,-0.741111,1.67238,-1.28252
-2.17359,-0.834516,1.69168,-1.5861
-2.1741,-0.834949,1.69178,-1.58838
-2.17462,-0.835393,1.69188,-1.59065
-2.17514,-0.835849,1.69198,-1.59292
-2.21728,-0.878951,1.696,-1.71013
-2.21845,-0.880159,1.69607,-1.71253
-2.29369,-0.955118,1.70114,-1.85084
-2.29521,-0.956596,1.70126,-1.85357
-2.37793,-1.03657,1.70813,-2.01028
-2.37946,-1.03805,1.70826,-2.01334
-2.45724,-1.11185,1.71534,-2.17527
-2.45876,-1.11326,1.71548,-2.17854
-2.46028,-1.11468,1.71562,-2.18182
-2.59126,-1.2322,1.7272,-2.47957
-2.59269,-1.23346,1.72733,-2.48303
-2.59413,-1.23471,1.72746,-2.48649
-2.67874,-1.30862,1.73528,-2.69536
-2.68011,-1.30981,1.73541,-2.69885
-2.68148,-1.31101,1.73553,-2.70234
-2.78448,-1.40328,1.74563,-2.977
-2.78577,-1.40447,1.74576,-2.98055
-2.78705,-1.40566,1.74589,-2.9841
-2.86643,-1.47774,1.75368,3.06057
-2.88364,-1.49092,1.75558,2.95236
-2.88378,-1.49097,1.75559,2.95039
-2.88391,-1.49102,1.7556,2.94843
-2.88403,-1.49106,1.75562,2.94649
-2.89294,-1.50139,1.75165,2.8401
-2.89327,-1.50207,1.75146,2.83925
-2.89361,-1.50276,1.75126,2.83841
-2.92691,-1.58066,1.7311,2.81
-2.92757,-1.58228,1.73069,2.80989
-2.98055,-1.71425,1.69587,2.82229
-2.98128,-1.71607,1.69538,2.82266
-2.98201,-1.7179,1.69489,2.82304
-3.02828,-1.8333,1.66387,2.85262
-3.02901,-1.83514,1.66339,2.85316
-3.02975,-1.83698,1.6629,2.85369
-3.07817,-1.95909,1.63085,2.89085
-3.07891,-1.96097,1.63037,2.89143
-3.07965,-1.96285,1.62989,2.892
-3.13194,-2.09608,1.59574,2.93302
-3.13267,-2.09796,1.59526,2.93359
-3.13341,-2.09984,1.59478,2.93416
-3.17387,-2.20339,1.56827,2.96533
-3.1746,-2.20528,1.56779,2.96589
-3.21039,-2.2971,1.54461,2.99286
-3.2111,-2.29891,1.54418,2.99339
-3.2423,-2.37857,1.52523,3.02065
-3.24259,-2.3793,1.52505,3.021
-3.25044,-2.39924,1.51943,3.03567
-3.25049,-2.39938,1.51938,3.03587
-3.25442,-2.4104,1.52028,3.05535
-3.25487,-2.41158,1.5205,3.057
-3.2551,-2.4122,1.52061,3.05786
-3.28569,-2.50351,1.5365,-3.10093
-3.28628,-2.50552,1.53685,-3.09802
-3.28687,-2.50755,1.53719,-3.09508
-3.31658,-2.6194,1.55701,-2.91423
-3.31775,-2.62415,1.55786,-2.9058
-3.34619,-2.75661,1.58182,-2.64741
-3.34663,-2.75904,1.58226,-2.6423
-3.36471,-2.89462,1.60701,-2.34114
-3.3649,-2.89701,1.60746,-2.33552
-3.36898,-2.97693,1.62254,-2.14153
-3.36903,-2.97922,1.62298,-2.13573
-3.36822,-3.07071,1.64126,-1.89445
-3.3642,-3.13919,1.65571,-1.69689
-3.36404,-3.14117,1.65615,-1.69085
-3.35523,-3.23536,1.6784,-1.38159
-3.35505,-3.23706,1.67884,-1.37549
-3.34771,-3.31433,1.69994,-1.07574
-3.3476,-3.31578,1.70037,-1.06961
-3.34363,-3.37402,1.71824,-0.79532
-3.34353,-3.37497,1.71855,-0.789708
-3.34072,-3.39675,1.72847,-0.567451
-3.3407,-3.39684,1.72861,-0.563025
-3.34055,-3.39299,1.73266,-0.413994
-3.34165,-3.39164,1.73582,-0.341139
-3.34456,-3.39849,1.74164,-0.25737
-3.35084,-3.42436,1.75354,-0.142623
-3.361,-3.46689,1.7708,-0.0116675
-3.36134,-3.46816,1.77131,-0.00801237
-3.37984,-3.52734,1.79556,0.16252
-3.38033,-3.52866,1.79612,0.16644
-3.4166,-3.61188,1.83168,0.423204
-3.41726,-3.6132,1.83224,0.427417
-3.45096,-3.67636,1.85868,0.629709
-3.45173,-3.67774,1.85924,0.634088
-3.50307,-3.76459,1.89316,0.905717
-3.50397,-3.76606,1.89372,0.910223
-3.50487,-3.76753,1.89427,0.914731
-3.55127,-3.84164,1.92124,1.13652
-3.55226,-3.8432,1.92179,1.14106
-3.60537,-3.92766,1.95023,1.37769
-3.60642,-3.92935,1.95077,1.38225
-3.67379,-4.04305,1.98459,1.671
-3.67476,-4.0448,1.98503,1.67527
-3.71884,-4.11918,2.00136,1.90029
-3.71933,-4.11981,2.00147,1.90319
-3.71982,-4.12042,2.00157,1.90608
-3.7404,-4.13969,2.00378,2.03596
-3.74063,-4.13985,2.00379,2.03753
-3.74987,-4.15019,2.00605,2.10493
-3.74982,-4.15059,2.00615,2.10573
-3.74975,-4.151,2.00625,2.10651
-3.70317,-4.20238,2.01485,2.12957
-3.70058,-4.20443,2.01513,2.12943
-3.60371,-4.27101,2.0229,2.10646
-3.60201,-4.27209,2.02301,2.10584
-3.52766,-4.31782,2.02779,2.07426
-3.52593,-4.31886,2.0279,2.07344
-3.5242,-4.3199,2.028,2.0726
-3.43065,-4.37562,2.03397,2.02343
-3.42891,-4.37666,2.03408,2.02247
-3.32325,-4.43901,2.0411,1.96247
-3.32147,-4.44006,2.04122,1.96145
-3.21596,-4.50231,2.0484,1.90093
-3.21416,-4.50336,2.04852,1.8999
-3.21237,-4.50442,2.04865,1.89887
-3.10769,-4.56624,2.05573,1.83953
-3.10589,-4.56731,2.05585,1.83851
-2.99608,-4.63259,2.06326,1.77709
-2.99433,-4.63365,2.06337,1.77613
-2.9926,-4.63469,2.06348,1.77517
-2.91772,-4.6791,2.06685,1.72551
-2.91705,-4.67946,2.06685,1.72487
-2.89825,-4.68847,2.06683,1.69834
-2.89811,-4.68852,2.06683,1.69797
-2.89131,-4.69084,2.06605,1.68831
-2.89099,-4.69096,2.06593,1.68851
-2.8425,-4.703,2.04071,1.75901
-2.84138,-4.70318,2.04003,1.76108
-2.84024,-4.70336,2.03934,1.76319
-2.76424,-4.71359,1.98569,1.94499
-2.76301,-4.71378,1.98471,1.94863
-2.76178,-4.71397,1.98372,1.9523
-2.6857,-4.73239,1.91866,2.21656
-2.68328,-4.7332,1.91656,2.22581
-2.60299,-4.76631,1.84835,2.545
-2.6017,-4.76693,1.8473,2.55013
-2.60041,-4.76755,1.84626,2.55527
-2.50965,-4.8137,1.77883,2.89754
-2.50816,-4.81448,1.7778,2.90289
-2.50666,-4.81525,1.77677,2.90825
-2.37864,-4.8791,1.69677,-2.95329
-2.37684,-4.87993,1.69574,-2.94785
-2.37504,-4.88076,1.69472,-2.94241
-2.2185,-4.9436,1.61526,-2.50954
-2.1383,-4.9688,1.58202,-2.27282
-2.13724,-4.96918,1.58158,-2.26884
-2.1362,-4.96955,1.58114,-2.26487
-2.13517,-4.96993,1.58072,-2.26094
-2.09812,-4.98569,1.5668,-2.07942
-2.08467,-4.99101,1.56522,-1.99827
-2.08428,-4.99114,1.56524,-1.99652
-2.08387,-4.99128,1.56525,-1.99477
-2.05864,-5.00233,1.56873,-1.93225
-2.05658,-5.00338,1.5691,-1.92869
-1.97229,-5.05183,1.58768,-1.81444
-1.97054,-5.05287,1.58812,-1.81226
-1.89308,-5.09947,1.60882,-1.71334
-1.89119,-5.10062,1.60935,-1.71082
-1.80931,-5.14957,1.63326,-1.59674
-1.74386,-5.18778,1.65282,-1.49932
-1.74192,-5.18889,1.6534,-1.49638
-1.69135,-5.21734,1.66839,-1.4186
-1.63281,-5.24897,1.68564,-1.32637
-1.56188,-5.28575,1.70622,-1.2128
-1.5599,-5.28675,1.70678,-1.20962
-1.48491,-5.32367,1.72823,-1.0878
-1.39769,-5.36441,1.75339,-0.942526
-1.39577,-5.36529,1.75395,-0.939293
-1.31202,-5.40277,1.77847,-0.79673
-1.31013,-5.4036,1.77903,-0.793487
-1.25169,-5.42893,1.7964,-0.692773
-1.19039,-5.45424,1.81356,-0.586385
-1.13652,-5.47129,1.8289,-0.466786
-1.13582,-5.47143,1.82912,-0.46458
-1.11862,-5.47264,1.83613,-0.38913
-1.11828,-5.47264,1.83633,-0.387307
-1.0951,-5.47451,1.84609,-0.311352
-1.0486,-5.47709,1.86033,-0.218521
-1.04703,-5.47712,1.86081,-0.21559
-1.00321,-5.47723,1.87458,-0.13242
-0.939778,-5.47547,1.89654,-0.000602766
-0.869648,-5.47232,1.92349,0.168647
-0.867897,-5.47223,1.9242,0.173245
-0.811865,-5.46897,1.94753,0.330727
-0.740363,-5.46418,1.97993,0.565338
-0.738897,-5.46408,1.98064,0.570596
-0.685812,-5.46131,2.0072,0.773796
-0.684487,-5.46127,2.0079,0.779224
-0.624908,-5.46207,2.04126,1.04332
-0.623746,-5.46216,2.04194,1.04887
-0.581874,-5.4681,2.06774,1.26096
-0.539776,-5.48123,2.09581,1.49212
-0.538759,-5.48165,2.0965,1.49779
-0.485879,-5.50933,2.13221,1.79347
-0.484864,-5.50997,2.13289,1.79915
-0.448065,-5.53664,2.15594,2.01189
-0.426919,-5.5617,2.16983,2.20978
-0.426723,-5.5622,2.17002,2.21379
-0.422779,-5.59268,2.17389,2.41734
-0.422492,-5.59331,2.17375,2.41947
-0.422188,-5.59396,2.1736,2.42157
-0.371799,-5.65564,2.14645,2.48355
-0.370662,-5.65682,2.14579,2.48345
-0.287871,-5.73586,2.09273,2.42052
-0.286548,-5.73702,2.09184,2.41886
-0.285223,-5.73818,2.09095,2.41719
-0.183635,-5.82028,2.02461,2.26053
-0.182193,-5.82138,2.02371,2.25805
-0.180752,-5.82248,2.02281,2.25556
-0.0891354,-5.89057,1.96729,2.09214
-0.0876147,-5.89168,1.9664,2.0894
-0.0860926,-5.8928,1.96551,2.08666
-0.00863089,-5.94968,1.92141,1.94795
-0.00705725,-5.95084,1.92053,1.94515
0.0705748,-6.00873,1.87777,1.8081
0.0721665,-6.00992,1.8769,1.80531
0.148853,-6.0685,1.83517,1.67175
0.150457,-6.06974,1.8343,1.66898
0.197079,-6.10632,1.80906,1.58877
0.246004,-6.14597,1.78428,1.50483
0.298284,-6.18596,1.75805,1.39201
0.29887,-6.18633,1.75775,1.39033
0.319059,-6.1972,1.74848,1.32178
0.319514,-6.19738,1.74837,1.32064
0.374963,-6.20363,1.74488,1.266
0.376477,-6.20363,1.74486,1.26515
0.378006,-6.20362,1.74484,1.26431
0.48315,-6.19811,1.74524,1.22033
0.485203,-6.19795,1.74527,1.21961
0.585572,-6.1887,1.74721,1.18608
0.587661,-6.1885,1.74725,1.1854
0.695838,-6.17762,1.74973,1.15006
0.697914,-6.17741,1.74978,1.14939
0.803266,-6.16668,1.75199,1.11463
0.805332,-6.16647,1.75203,1.11395
0.937533,-6.15318,1.75434,1.06967
0.939594,-6.15298,1.75437,1.06897
0.941653,-6.15277,1.7544,1.06828
1.01334,-6.14576,1.75562,1.04383
1.11014,-6.13632,1.75723,1.01069
1.11221,-6.13611,1.75726,1.00998
1.20821,-6.12683,1.75887,0.977193
1.21031,-6.12663,1.7589,0.976482
1.34113,-6.11582,1.76192,0.924961
1.34182,-6.11583,1.76197,0.924716
1.34252,-6.11584,1.76202,0.924492
1.34321,-6.11585,1.76207,0.92429
1.36907,-6.11974,1.76338,0.932646
1.40372,-6.13164,1.76394,0.97423
1.40492,-6.13211,1.76395,0.976025
1.46441,-6.15718,1.76379,1.0875
1.54727,-6.1992,1.76211,1.31958
1.54852,-6.19993,1.76207,1.32387
1.54976,-6.20066,1.76204,1.32818
1.60898,-6.24114,1.76027,1.55957
1.61012,-6.24203,1.76024,1.56446
1.66532,-6.29007,1.75895,1.81712
1.6664,-6.29111,1.75892,1.82231
1.73468,-6.36473,1.75729,2.15618
1.7358,-6.36603,1.75726,2.16158
1.73693,-6.36733,1.75723,2.16698
1.7915,-6.43134,1.75592,2.41706
1.88046,-6.53421,1.75411,2.78004
1.88193,-6.53585,1.75408,2.78555
1.8834,-6.53749,1.75405,2.79107
2.00891,-6.67002,1.75025,-3.00907
2.00953,-6.67081,1.75019,-3.00525
2.01014,-6.67159,1.75013,-3.00146
2.01074,-6.67236,1.75007,-2.9977
2.02756,-6.69739,1.74827,-2.86439
2.02795,-6.69788,1.74824,-2.86164
2.05727,-6.70339,1.74661,-2.76794
2.05824,-6.70307,1.74655,-2.76644
2.11188,-6.66956,1.7425,-2.72604
2.17625,-6.61038,1.73536,-2.73154
2.17763,-6.60899,1.73518,-2.73207
2.28713,-6.48957,1.72015,-2.81254
2.28847,-6.48805,1.71997,-2.81386
2.2898,-6.48651,1.71979,-2.81519
2.29114,-6.48498,1.7196,-2.81653
2.44849,-6.30121,1.69875,-2.9908
2.44986,-6.29959,1.69858,-2.99238
2.45123,-6.29797,1.6984,-2.99396
2.4526,-6.29635,1.69822,-2.99554
2.4985,-6.24247,1.69247,-3.04758
2.49989,-6.24084,1.6923,-3.04916
2.56539,-6.16437,1.68408,-3.12266
2.56678,-6.16275,1.6839,-3.12422
2.64366,-6.07377,1.67443,3.07435
2.64507,-6.07216,1.67427,3.07284
2.72101,-5.98477,1.66457,2.97889
2.7215,-5.98415,1.66447,2.97792
2.73153,-5.97036,1.66219,2.95158
2.73175,-5.97003,1.66213,2.95083
2.74554,-5.95686,1.65859,2.92778
2.74622,-5.95645,1.65845,2.92728
2.78138,-5.94054,1.65191,2.91436
2.81751,-5.92742,1.64493,2.90929
2.87281,-5.90894,1.63315,2.90671
2.89069,-5.90314,1.62899,2.90673
2.93628,-5.8887,1.618,2.90815
2.99535,-5.87061,1.60316,2.91223
3.09603,-5.84074,1.57777,2.92278
3.09787,-5.8402,1.5773,2.923
3.17317,-5.81815,1.5582,2.93256
3.17503,-5.81761,1.55774,2.9328
3.24225,-5.79823,1.54128,2.94163
3.28867,-5.78484,1.52997,2.9478
3.34078,-5.76983,1.5173,2.9547
3.34265,-5.76929,1.51685,2.95495
3.43246,-5.74355,1.49519,2.96662
3.43432,-5.74302,1.49475,2.96686
3.50415,-5.72299,1.4777,2.97587
3.63023,-5.68701,1.44802,2.99263
3.63118,-5.68673,1.44776,2.9928
3.63211,-5.68646,1.4475,2.99297
3.65169,-5.68068,1.44125,2.99723
3.65214,-5.68055,1.44108,2.99728
3.66069,-5.6796,1.43258,2.98149
3.65231,-5.68391,1.42462,2.95229
3.61789,-5.69582,1.40658,2.87058
3.6167,-5.69619,1.40601,2.86779
3.57853,-5.70729,1.38843,2.77479
3.52737,-5.72156,1.3645,2.63157
3.47221,-5.73813,1.33555,2.4404
3.47093,-5.73854,1.33484,2.43545
3.41175,-5.76083,1.29868,2.17061
3.41071,-5.7613,1.29798,2.16522
3.35048,-5.79807,1.25264,1.80884
3.34961,-5.79876,1.25193,1.80314
3.34875,-5.79946,1.25123,1.79744
3.30411,-5.84337,1.2132,1.48549
3.3033,-5.84432,1.21249,1.47965
3.26331,-5.89683,1.1781,1.1918
3.26248,-5.89802,1.1774,1.18589
3.20932,-5.97765,1.13558,0.831139
3.20837,-5.97911,1.13492,0.825286
3.16474,-6.04549,1.10734,0.548256
3.14959,-6.10906,1.0886,0.188737
3.1496,-6.10938,1.08859,0.186819
3.14961,-6.10969,1.08858,0.184923
3.14962,-6.11,1.08858,0.18305
3.14963,-6.11031,1.08857,0.181199
3.14964,-6.11061,1.08857,0.17937
3.14933,-6.11983,1.08909,0.126303
3.14804,-6.1019,1.09439,0.103176
3.14868,-6.09764,1.09496,0.105521
3.14886,-6.09652,1.09511,0.106184
3.1625,-6.02079,1.10451,0.169444
3.16323,-6.01685,1.10499,0.17338
3.17932,-5.92789,1.11653,0.275108
3.19696,-5.82577,1.13043,0.415144
3.19733,-5.82346,1.13075,0.418521
3.21355,-5.70783,1.14637,0.597163
3.21382,-5.70553,1.14668,0.600889
3.22703,-5.55682,1.16641,0.850507
3.22716,-5.55456,1.16671,0.854413
3.2273,-5.5523,1.167,0.858321
3.23143,-5.45886,1.1794,1.02371
3.2315,-5.45665,1.17969,1.02766
3.23328,-5.34661,1.19459,1.22954
3.23329,-5.34448,1.19489,1.23352
3.23301,-5.25427,1.20755,1.40442
3.23299,-5.25221,1.20785,1.40839
3.22355,-5.10374,1.22969,1.74438
3.22338,-5.10313,1.22981,1.74709
3.22321,-5.10253,1.22993,1.74978
3.21485,-5.08697,1.23441,1.86352
3.21463,-5.08665,1.23449,1.86552
3.1928,-5.05437,1.23824,1.95199
3.19201,-5.05327,1.23833,1.95388
3.15358,-5.00252,1.24303,2.02771
3.15245,-5.00108,1.24319,2.02963
3.09418,-4.92814,1.25199,2.12509
3.09293,-4.92658,1.25219,2.12715
3.03452,-4.85372,1.26246,2.22663
3.03329,-4.85217,1.26269,2.22881
3.00494,-4.81667,1.26788,2.27961
2.96066,-4.76151,1.27586,2.36122
2.93987,-4.7358,1.27956,2.4004
2.9025,-4.68983,1.28624,2.47264
2.86557,-4.64432,1.29284,2.54583
2.85012,-4.62525,1.29558,2.57678
2.81812,-4.58569,1.30122,2.64135
2.77511,-4.53238,1.30892,2.72999
2.74348,-4.49263,1.3148,2.79719
2.74236,-4.49122,1.31501,2.79959
2.71015,-4.45025,1.32101,2.86924
2.62631,-4.35729,1.33528,-3.11683
2.62631,-4.35735,1.33527,-3.11653
2.62631,-4.35742,1.33525,-3.11625
2.6263,-4.35748,1.33524,-3.11597
2.62624,-4.35868,1.33508,-3.11075
2.62623,-4.35871,1.33508,-3.11053
2.62622,-4.35874,1.33509,-3.11031
2.62621,-4.35877,1.33511,-3.11008
2.62619,-4.35879,1.33512,-3.10985
2.62618,-4.35881,1.33513,-3.10962
2.62367,-4.35545,1.33565,-3.10123
2.60617,-4.32955,1.33551,-3.07575
2.6055,-4.32858,1.33549,-3.07487
2.57357,-4.28234,1.33423,-3.03112
2.53909,-4.23199,1.33274,-2.9754
2.53811,-4.23054,1.3327,-2.97366
2.5066,-4.18378,1.33117,-2.91349
2.48128,-4.14576,1.32985,-2.85907
2.46125,-4.11536,1.32868,-2.81237
2.43602,-4.07649,1.32709,-2.74936
2.4076,-4.03185,1.32518,-2.67417
2.37155,-3.97369,1.32268,-2.57209
2.3707,-3.97227,1.32262,-2.56957
2.34102,-3.92208,1.32042,-2.48078
2.30322,-3.85539,1.31761,-2.36342
2.30242,-3.85394,1.31755,-2.36086
2.28254,-3.81724,1.31605,-2.29688
2.26765,-3.78894,1.31493,-2.24824
2.24766,-3.75002,1.31336,-2.18194
2.19854,-3.64712,1.30851,-1.99383
2.19827,-3.64644,1.30845,-1.992
2.19801,-3.64578,1.30839,-1.99018
2.19416,-3.63315,1.30697,-1.94602
2.19315,-3.62581,1.30653,-1.91935
2.18871,-3.60169,1.30703,-1.90569
2.18849,-3.60061,1.30706,-1.90587
2.17758,-3.5494,1.30777,-1.93485
2.15986,-3.47467,1.30723,-2.0142
2.15934,-3.47266,1.3072,-2.01675
2.14234,-3.40997,1.30598,-2.10384
2.12755,-3.3579,1.30468,-2.18593
2.11183,-3.30437,1.30319,-2.27686
2.09507,-3.24651,1.30163,-2.37872
2.07686,-3.17953,1.29992,-2.49914
2.05929,-3.10844,1.29822,-2.6285
2.04343,-3.03621,1.29657,-2.76096
2.03494,-2.9932,1.29561,-2.83966
2.02372,-2.9288,1.29415,-2.95632
2.01442,-2.86371,1.29275,-3.07371
2.00694,-2.79799,1.29137,3.0915
2.0031,-2.7557,1.29053,3.0158
1.9977,-2.66625,1.2887,2.85518
1.99767,-2.50731,1.28558,2.56297
1.99782,-2.50528,1.28554,2.55883
2.00072,-2.47642,1.28514,2.4954
2.00579,-2.44608,1.28507,2.41294
2.01131,-2.40912,1.28558,2.32108
2.01234,-2.39243,1.28597,2.29527
2.01277,-2.36139,1.28692,2.26661
2.01066,-2.30769,1.28921,2.25231
2.00649,-2.25736,1.29213,2.26364
2.00218,-2.21775,1.29487,2.28538
1.9965,-2.17434,1.29816,2.31993
1.98493,-2.10174,1.30394,2.39765
1.98072,-2.07813,1.30588,2.42751
1.97306,-2.03716,1.30925,2.48367
1.9636,-1.98871,1.31334,2.55631
1.95558,-1.94797,1.31686,2.62104
1.94385,-1.88795,1.32208,2.72038
1.93951,-1.86496,1.32408,2.75942
1.93213,-1.82403,1.32767,2.82942
1.92521,-1.78339,1.33128,2.89947
1.91888,-1.74295,1.33487,2.96951
1.91315,-1.7024,1.33844,3.03946
1.9086,-1.66669,1.34154,3.10087
1.89865,-1.5761,1.34881,-3.01869
1.89856,-1.57512,1.34888,-3.01645
1.89786,-1.56723,1.34944,-2.99694
1.89728,-1.55134,1.35125,-2.94349
1.90147,-1.54113,1.35662,-2.90828
1.91605,-1.5309,1.36684,-2.89608
1.93345,-1.52222,1.37705,-2.90038
1.97853,-1.50271,1.40158,-2.93742
2.0145,-1.48761,1.42053,-2.98128
2.05567,-1.4696,1.44227,-3.04313
2.08768,-1.45478,1.45906,-3.09814
2.14769,-1.42532,1.49031,3.06975
2.18461,-1.4065,1.50925,2.99379
2.23167,-1.38246,1.53256,2.89493
2.28532,-1.35557,1.55843,2.78032
2.32319,-1.33692,1.57633,2.69931
2.364,-1.3174,1.595,2.61325
2.43215,-1.28645,1.62509,2.47229
2.47352,-1.26873,1.64278,2.38882
2.52647,-1.24728,1.66497,2.28413
2.58472,-1.22536,1.68884,2.17116
2.67071,-1.1959,1.7235,2.00775
2.67295,-1.19518,1.72439,2.00357
2.77319,-1.16637,1.76137,1.81814
2.81093,-1.15815,1.77396,1.74009
2.83954,-1.15299,1.78393,1.6717
2.87972,-1.15152,1.79399,1.59775
2.88098,-1.15167,1.79419,1.59628
2.93442,-1.165,1.79842,1.57234
2.98223,-1.18197,1.79816,1.59462
3.01489,-1.19466,1.79686,1.62735
3.07274,-1.21952,1.79353,1.71502
3.0743,-1.22023,1.79342,1.7179
3.11244,-1.23862,1.79073,1.79613
3.17802,-1.27524,1.7861,1.96091
3.19649,-1.28666,1.78487,2.01248
3.2204,-1.30213,1.78329,2.08162
3.26205,-1.33086,1.78059,2.2074
3.30422,-1.36198,1.778,2.33665
3.35963,-1.40441,1.77466,2.50283
3.37451,-1.41595,1.77378,2.5467
3.41516,-1.44771,1.77138,2.66501
3.47693,-1.49618,1.76779,2.8399
3.47853,-1.49744,1.76771,2.84429
3.52866,-1.53594,1.76538,2.97597
3.62559,-1.60516,1.76121,-3.06691
3.62691,-1.60611,1.76113,-3.06323
3.65575,-1.62849,1.75888,-2.96825
3.68231,-1.64859,1.75485,-2.87737
3.68317,-1.64895,1.75469,-2.87555
3.71582,-1.65323,1.74804,-2.84125
3.77134,-1.64334,1.73439,-2.85437
3.84478,-1.61848,1.71291,-2.9341
3.84656,-1.61778,1.71234,-2.93668
3.90983,-1.58964,1.69096,-3.04668
3.91159,-1.58877,1.69035,-3.05016
3.97079,-1.55823,1.67009,3.10836
4.01526,-1.53452,1.65536,3.00812
4.0844,-1.49769,1.63349,2.84765
4.14266,-1.46755,1.61609,2.71249
4.14471,-1.46651,1.61548,2.70776
4.2234,-1.4282,1.59319,2.53024
4.32996,-1.38195,1.56516,2.30083
4.33228,-1.38102,1.56457,2.29593
4.37889,-1.36295,1.55272,2.19784
4.44809,-1.33806,1.53559,2.05527
4.52936,-1.31235,1.51611,1.89279
4.66938,-1.27848,1.48534,1.61582
4.67132,-1.27814,1.48495,1.61159
4.67324,-1.27781,1.48457,1.60738
4.71189,-1.27208,1.47677,1.51269
4.7472,-1.26882,1.47232,1.39797
4.76655,-1.27037,1.4739,1.32454
4.79952,-1.28429,1.48397,1.18791
4.83565,-1.31568,1.50286,1.01663
4.86812,-1.35493,1.52413,0.840452
4.86912,-1.35628,1.52483,0.834681
4.90953,-1.41846,1.55511,0.579761
4.93285,-1.46386,1.5751,0.404978
4.95724,-1.52965,1.60178,0.162128
4.95779,-1.53154,1.60252,0.15524
4.92799,-1.71419,1.65359,-0.864562
4.92775,-1.71438,1.65355,-0.866429
4.91895,-1.72182,1.65419,-0.930829
4.91888,-1.72198,1.65431,-0.931734
4.91883,-1.72213,1.65444,-0.932612
4.91879,-1.72228,1.65457,-0.933461
4.91877,-1.72243,1.65471,-0.934282
4.91877,-1.72258,1.65485,-0.935076
4.91878,-1.72272,1.65499,-0.935841
4.91881,-1.72287,1.65514,-0.936576
4.94667,-1.72692,1.66812,-0.933202
4.94786,-1.7269,1.66851,-0.932302
5.04935,-1.71447,1.69842,-0.820907
5.05137,-1.71412,1.699,-0.818184
5.0534,-1.71376,1.69959,-0.815439
5.16231,-1.69198,1.73077,-0.648065
5.16448,-1.6915,1.73139,-0.644343
5.24622,-1.67166,1.75514,-0.493785
5.25683,-1.66885,1.75824,-0.472881
5.31565,-1.65222,1.7757,-0.35192
5.40678,-1.62253,1.80297,-0.151878
5.40881,-1.6218,1.80358,-0.14723
5.49722,-1.58766,1.83098,0.0647185
5.57057,-1.55649,1.8554,0.256349
5.57234,-1.55571,1.85601,0.261157
5.61889,-1.53493,1.87246,0.391238
5.69805,-1.49902,1.90266,0.62871
5.69961,-1.49832,1.90328,0.633572
5.76083,-1.47089,1.9278,0.831327
5.76222,-1.47026,1.92835,0.83602
5.79085,-1.42939,1.95441,1.36379
5.79085,-1.42939,1.95441,1.36376
5.79085,-1.42939,1.95441,1.36374
5.79086,-1.42939,1.95441,1.36371
5.79102,-1.4294,1.95485,1.36378
5.79105,-1.4294,1.9549,1.36384
5.79107,-1.4294,1.95496,1.36389
5.7911,-1.42939,1.95502,1.36395
5.79113,-1.42939,1.95507,1.36401
5.79117,-1.42938,1.95513,1.36407
5.79121,-1.42938,1.95519,1.36413
5.79125,-1.42937,1.95525,1.36419
5.79129,-1.42936,1.95532,1.36424
5.79133,-1.42935,1.95538,1.3643
5.79149,-1.42821,1.9571,1.36401
5.7914,-1.4281,1.95718,1.36389
5.7913,-1.42799,1.95726,1.36376
5.79118,-1.42787,1.95734,1.36362
5.79106,-1.42775,1.95742,1.36346
5.79091,-1.42762,1.9575,1.3633
5.79076,-1.42748,1.95758,1.36312
5.79059,-1.42734,1.95766,1.36293
5.7904,-1.4272,1.95775,1.36272
5.7902,-1.42704,1.95783,1.3625
5.78188,-1.42243,1.95941,1.3542
5.74348,-1.40651,1.96154,1.31709
5.69696,-1.38878,1.96244,1.26526
5.6939,-1.38765,1.96247,1.26154
5.63704,-1.3673,1.96271,1.18496
5.5857,-1.35025,1.96259,1.10369
5.5841,-1.34974,1.96259,1.10099
5.53786,-1.33559,1.96231,1.01911
5.48731,-1.32137,1.96188,0.922559
5.44328,-1.3101,1.96155,0.834382
5.391,-1.29815,1.96118,0.727565
5.38941,-1.29781,1.96117,0.724296
5.3234,-1.28478,1.9607,0.588845
5.28198,-1.27765,1.96058,0.505404
5.25359,-1.27313,1.96048,0.448765
5.21853,-1.26795,1.96029,0.37894
5.15036,-1.25918,1.95981,0.245956
5.01478,-1.24642,1.95772,-0.0259168
5.01401,-1.24645,1.95766,-0.0282499
5.01325,-1.24648,1.95761,-0.0305653
5.01251,-1.24652,1.95755,-0.0328628
4.9997,-1.24857,1.95641,-0.0811905
4.984,-1.25337,1.9547,-0.135049
4.94217,-1.25799,1.94986,-0.154153
4.94077,-1.25809,1.94968,-0.15397
4.88435,-1.26157,1.94149,-0.129119
4.86457,-1.26253,1.9382,-0.11451
4.79723,-1.26433,1.92573,-0.0475226
4.72802,-1.26334,1.91173,0.0423438
4.7261,-1.26328,1.91133,0.0450885
4.68373,-1.26136,1.90248,0.108397
4.61071,-1.25644,1.88761,0.224538
4.5357,-1.25067,1.873,0.348287
4.53365,-1.25051,1.87261,0.351701
4.45871,-1.24459,1.85863,0.476616
4.3808,-1.23911,1.84479,0.603701
4.37861,-1.23897,1.8444,0.607248
4.29213,-1.23396,1.82935,0.746132
4.1869,-1.22999,1.8117,0.909988
4.1846,-1.22993,1.81132,0.913538
4.118,-1.22873,1.80029,1.01622
3.92474,-1.22967,1.76944,1.3607
3.9242,-1.22963,1.76934,1.36256
3.92365,-1.22959,1.76923,1.36442
3.92312,-1.22954,1.76912,1.36626
3.92259,-1.2295,1.769,1.36809
3.90298,-1.23279,1.76337,1.42696
3.90238,-1.23316,1.76315,1.42843
3.88542,-1.25066,1.75571,1.46426
3.86614,-1.28308,1.74445,1.49768
3.84235,-1.33459,1.72654,1.53506
3.82338,-1.38058,1.70944,1.56397
3.8032,-1.43163,1.68969,1.59426
3.79418,-1.45484,1.68062,1.60772
3.78104,-1.4889,1.66726,1.62737
3.75489,-1.55724,1.64061,1.66682
3.7398,-1.59693,1.62528,1.68989
3.72263,-1.64238,1.60805,1.71632
3.69054,-1.7279,1.576,1.76661
3.68986,-1.72973,1.57532,1.76768
3.67486,-1.7699,1.56037,1.79151
3.64397,-1.85299,1.52984,1.84068
3.64328,-1.85484,1.52916,1.84178
3.6132,-1.93609,1.49941,1.89013
3.60575,-1.95627,1.49202,1.90222
3.59159,-1.99463,1.47795,1.92528
3.54395,-2.11642,1.43395,2.01644
3.54377,-2.11673,1.4338,2.01699
3.5436,-2.11703,1.43365,2.01754
3.54343,-2.11732,1.43351,2.01809
3.53992,-2.12268,1.43067,2.03148
3.53806,-2.13212,1.43125,2.04587
3.53814,-2.13322,1.4315,2.04685
3.54229,-2.15357,1.43685,2.06047
3.55192,-2.18317,1.44522,2.07649
3.57264,-2.23584,1.46068,2.10466
3.59373,-2.28563,1.47576,2.13351
3.6249,-2.35845,1.49825,2.18049
3.62566,-2.36024,1.4988,2.18171
3.65499,-2.42998,1.52051,2.23157
3.67145,-2.4696,1.53279,2.26122
3.6939,-2.52395,1.5496,2.30302
3.71735,-2.58081,1.56694,2.34725
3.71811,-2.58264,1.56749,2.34869
3.74739,-2.65376,1.58897,2.40514
3.76022,-2.68498,1.59843,2.43
3.77938,-2.73137,1.61239,2.46665
3.80631,-2.79626,1.63179,2.51796
3.83808,-2.87265,1.6546,2.57809
3.83886,-2.87453,1.65515,2.57955
3.86158,-2.92855,1.67102,2.62168
3.90162,-3.02492,1.69559,2.71046
3.90182,-3.02553,1.69573,2.71136
3.90202,-3.02614,1.69586,2.71224
3.90467,-3.03549,1.69794,2.7283
3.90602,-3.04592,1.69869,2.75016
3.90546,-3.06673,1.69189,2.77238
3.9014,-3.10121,1.67678,2.7976
3.90119,-3.10262,1.67612,2.79856
3.89274,-3.14959,1.65282,2.82988
3.88132,-3.20221,1.6246,2.86622
3.86201,-3.28238,1.57883,2.92736
3.86156,-3.28422,1.57775,2.92884
3.85066,-3.32848,1.55186,2.96545
3.83723,-3.38408,1.51947,3.01342
3.82056,-3.45629,1.4777,3.07838
3.82013,-3.45816,1.47663,3.08007
3.80447,-3.52982,1.4361,-3.13783
3.78807,-3.60914,1.3917,-3.06459
3.78769,-3.61102,1.39065,-3.06284
3.77724,-3.66367,1.36127,-3.0138
3.76605,-3.72195,1.32881,-2.95944
3.75142,-3.8013,1.28455,-2.88558
3.75108,-3.80321,1.28349,-2.88382
3.74199,-3.85452,1.25514,-2.83646
3.7245,-3.965,1.19932,-2.719
3.72442,-3.96565,1.19899,-2.71791
3.72435,-3.96628,1.19866,-2.71684
3.7233,-3.97961,1.19148,-2.68814
3.72328,-3.97994,1.19131,-2.68722
3.70723,-4.00274,1.19012,-2.61783
3.70647,-4.00338,1.19024,-2.61595
3.66265,-4.03616,1.19865,-2.51698
3.62246,-4.06434,1.20846,-2.42126
3.621,-4.06535,1.20884,-2.41762
3.56696,-4.10263,1.22408,-2.26885
3.52067,-4.13431,1.2386,-2.11717
3.50459,-4.14524,1.24391,-2.05858
3.46744,-4.17018,1.25664,-1.91064
3.43829,-4.18919,1.26702,-1.78306
3.40172,-4.21154,1.28073,-1.60732
3.35573,-4.23442,1.2982,-1.37014
3.35466,-4.23487,1.29862,-1.36443
3.32231,-4.24605,1.31099,-1.19194
3.29667,-4.25175,1.32051,-1.05836
3.26389,-4.25565,1.3322,-0.894494
3.22264,-4.25628,1.3459,-0.70037
3.22134,-4.25624,1.34631,-0.694474
3.17521,-4.25263,1.36042,-0.493873
3.0613,-4.21773,1.38738,0.0939039
3.06095,-4.21744,1.38762,0.0975772
3.06061,-4.21717,1.38787,0.10125
3.06027,-4.21691,1.38813,0.104923
3.05994,-4.21667,1.3884,0.108597
3.05451,-4.21568,1.3993,0.212595
3.06366,-4.23422,1.42661,0.379682
3.06407,-4.23488,1.42739,0.38387
3.08519,-4.27019,1.4669,0.583745
3.08565,-4.27107,1.46785,0.588438
3.09991,-4.30447,1.50222,0.758773
3.11,-4.342,1.53782,0.943969
3.11021,-4.34309,1.53881,0.949247
3.11609,-4.38884,1.57828,1.16494
3.09479,-4.47714,1.6334,1.69921
3.09424,-4.47753,1.6335,1.70223
3.09368,-4.47793,1.63359,1.70523
3.0931,-4.47834,1.63368,1.70822
3.0925,-4.47876,1.63377,1.7112
3.04796,-4.50958,1.63489,1.83682
3.04662,-4.5105,1.63485,1.83937
2.97089,-4.56253,1.63098,1.95475
2.96908,-4.56377,1.63087,1.95714
2.92454,-4.59422,1.62779,2.01418
2.84986,-4.6452,1.62225,2.10641
2.84793,-4.64652,1.6221,2.10877
2.75279,-4.71269,1.61488,2.22771
2.75091,-4.71402,1.61474,2.2301
2.71333,-4.74083,1.61188,2.27818
2.65364,-4.78436,1.60743,2.35579
2.5811,-4.8388,1.6022,2.45162
2.55709,-4.85723,1.60046,2.48382
2.50553,-4.89741,1.59669,2.55363
2.45439,-4.93807,1.59294,2.62379
2.40401,-4.97899,1.58919,2.6942
2.36133,-5.01424,1.58603,2.75464
2.32971,-5.04074,1.58366,2.80001
2.29843,-5.06727,1.58129,2.84526
2.19582,-5.16148,1.57401,3.0227
2.1953,-5.16206,1.57397,3.02428
2.19479,-5.16262,1.57393,3.02586
2.18494,-5.17464,1.57337,3.06638
2.1788,-5.18452,1.57835,3.10627
2.17326,-5.20014,1.59032,-3.13032
2.17023,-5.25507,1.6334,-2.99546
2.17034,-5.25664,1.63462,-2.99168
2.17646,-5.30357,1.67232,-2.87408
2.18345,-5.33774,1.70081,-2.78213
2.1974,-5.39244,1.74698,-2.62591
2.21799,-5.45405,1.79928,-2.43636
2.22811,-5.47876,1.8206,-2.3553
2.25041,-5.52453,1.86124,-2.19454
2.29632,-5.59651,1.93172,-1.90504
2.29749,-5.59809,1.93336,-1.89815
2.35484,-5.66239,2.00671,-1.58271
2.4697,-5.71555,2.13137,-0.848787
2.47006,-5.71528,2.13178,-0.843403
2.47041,-5.71501,2.13219,-0.838051
2.47075,-5.71473,2.13259,-0.832731
2.47108,-5.71445,2.13297,-0.827442
2.48066,-5.70179,2.14443,-0.632957
2.48105,-5.70118,2.14516,-0.621389
2.4768,-5.70563,2.15526,-0.508517
2.44671,-5.74148,2.17041,-0.460335
2.44572,-5.74265,2.17081,-0.46017
2.39342,-5.80488,2.19015,-0.491129
2.39214,-5.80643,2.19061,-0.492577
2.33062,-5.88145,2.21218,-0.585485
2.32924,-5.88314,2.21265,-0.587994
2.25682,-5.9718,2.23721,-0.735016
2.25534,-5.97357,2.23769,-0.738196
2.17759,-6.06358,2.2623,-0.909182
2.17602,-6.06533,2.26278,-0.912659
2.09898,-6.14834,2.28586,-1.08287
2.09733,-6.15005,2.28635,-1.08647
2.03508,-6.2132,2.3043,-1.22044
1.96623,-6.2789,2.32349,-1.36541
1.96451,-6.28049,2.32396,-1.36902
1.90759,-6.33208,2.33973,-1.48809
1.86091,-6.37297,2.35258,-1.58486
1.85746,-6.37593,2.35352,-1.59198
1.74618,-6.46014,2.38128,-1.84311
1.74542,-6.46054,2.3815,-1.84552
1.74466,-6.46094,2.38171,-1.8479
1.72261,-6.46966,2.38711,-1.90839
1.68785,-6.47145,2.39111,-1.94535
1.67284,-6.47009,2.39215,-1.95036
1.64838,-6.46677,2.39351,-1.95132
1.58994,-6.45653,2.39595,-1.93105
1.54485,-6.44763,2.39767,-1.89948
1.47748,-6.43339,2.40042,-1.83116
1.41485,-6.41915,2.40315,-1.74822
1.4099,-6.41797,2.40338,-1.74097
1.35291,-6.40392,2.40606,-1.65216
1.33351,-6.39889,2.40698,-1.62031
1.29657,-6.389,2.40881,-1.55786
1.23746,-6.37211,2.41186,-1.45466
1.21342,-6.3648,2.41312,-1.41227
1.17492,-6.35264,2.41507,-1.34407
1.11451,-6.33235,2.41817,-1.23622
1.06049,-6.31289,2.42107,-1.13967
1.05888,-6.31229,2.42116,-1.13684
1.00097,-6.29026,2.42419,-1.0351
0.919743,-6.25711,2.42757,-0.887453
0.918767,-6.25667,2.42759,-0.885212
0.897395,-6.24526,2.42759,-0.82032
0.896963,-6.24497,2.4276,-0.818429
0.875345,-6.22927,2.43029,-0.733881
0.874599,-6.22878,2.43041,-0.731724
0.833604,-6.20534,2.43619,-0.636947
0.776129,-6.17652,2.44268,-0.519786
0.774538,-6.17572,2.44285,-0.516491
0.684448,-6.12832,2.45175,-0.319869
0.68272,-6.12736,2.45191,-0.315913
0.613394,-6.08796,2.45827,-0.1546
0.611573,-6.08691,2.45843,-0.150309
0.513967,-6.031,2.46696,0.0808763
0.434235,-5.98693,2.47339,0.266128
0.432191,-5.98583,2.47355,0.270812
0.38229,-5.9596,2.47735,0.38406
0.303833,-5.92083,2.48304,0.55563
0.301594,-5.91977,2.48319,0.560431
0.225709,-5.88549,2.48849,0.719166
0.111049,-5.83986,2.49616,0.951007
0.108601,-5.83895,2.49631,0.955847
-0.0157266,-5.79743,2.504,1.19587
-0.0181537,-5.79672,2.50413,1.20049
-0.165426,-5.76488,2.51062,1.5947
-0.166074,-5.76479,2.51065,1.59711
-0.166737,-5.76469,2.51067,1.59952
-0.167416,-5.76459,2.5107,1.60192
-0.168111,-5.76448,2.51072,1.60432
-0.227756,-5.75752,2.51108,1.72624
-0.229501,-5.75738,2.51107,1.7289
-0.339617,-5.75254,2.50993,1.8815
-0.341979,-5.75248,2.50991,1.88471
-0.475727,-5.75103,2.50811,2.07677
-0.478184,-5.75103,2.50808,2.08051
-0.639204,-5.75503,2.50593,2.34184
-0.641595,-5.75517,2.5059,2.34597
-0.643985,-5.75531,2.50586,2.3501
-0.810432,-5.77052,2.50323,2.65266
-0.812727,-5.77081,2.50319,2.65702
-0.815021,-5.7711,2.50316,2.66138
-1.0189,-5.80427,2.49964,3.07273
-1.02097,-5.80467,2.49961,3.07719
-1.02304,-5.80507,2.49958,3.08165
-1.0251,-5.80547,2.49954,3.08612
-1.18352,-5.83818,2.49667,-2.83465
-1.18535,-5.83858,2.49663,-2.83026
-1.18717,-5.83899,2.49659,-2.82589
-1.27108,-5.87638,2.49381,-2.41306
-1.27096,-5.87652,2.49379,-2.41152
-1.27085,-5.87667,2.49377,-2.41
-1.27073,-5.87681,2.49374,-2.4085
-1.27061,-5.87695,2.49372,-2.40701
-1.26827,-5.88416,2.49295,-2.34156
-1.26849,-5.88439,2.4929,-2.34022
-1.26873,-5.88462,2.49284,-2.33887
-1.29908,-5.91138,2.48608,-2.25909
-1.30006,-5.91229,2.48586,-2.25698
-1.34613,-5.95827,2.4754,-2.15461
-1.39853,-6.01467,2.4629,-2.01669
-1.39974,-6.016,2.4626,-2.01316
-1.45194,-6.07342,2.44901,-1.84634
-1.45311,-6.0747,2.44869,-1.84231
-1.49586,-6.12208,2.43654,-1.68388
-1.50763,-6.13512,2.433,-1.63626
-1.53511,-6.16471,2.42465,-1.52097
-1.57476,-6.20527,2.41239,-1.34765
-1.58615,-6.21631,2.4088,-1.29667
-1.61311,-6.24094,2.40044,-1.17526
-1.65508,-6.27462,2.38773,-0.986974
-1.65614,-6.27539,2.38742,-0.982251
-1.7082,-6.30889,2.37241,-0.759607
-1.76202,-6.33624,2.35808,-0.546293
-1.76452,-6.33736,2.35746,-0.53685
-1.84595,-6.3599,2.336,-0.154853
-1.84629,-6.35976,2.33585,-0.15193
-1.84663,-6.35963,2.33571,-0.149025
-1.84698,-6.35949,2.33556,-0.146136
-1.86722,-6.35645,2.33039,-0.0523809
-1.86809,-6.35647,2.33024,-0.0500406
-1.90785,-6.36174,2.32418,0.0222438
-1.9756,-6.37805,2.31384,0.0956134
-1.97735,-6.37852,2.31356,0.0971901
-2.03833,-6.39529,2.30326,0.147409
-2.1145,-6.41686,2.28965,0.201646
-2.11638,-6.4174,2.28931,0.202908
-2.20082,-6.44182,2.27403,0.257979
-2.2027,-6.44237,2.27369,0.259176
-2.28729,-6.46732,2.25864,0.312329
-2.28916,-6.46788,2.25831,0.3135
-2.37966,-6.49492,2.24252,0.369929
-2.38157,-6.4955,2.24219,0.371109
-2.45958,-6.51905,2.22886,0.419599
-2.54095,-6.54362,2.21497,0.470754
-2.54284,-6.54419,2.21465,0.47195
-2.64011,-6.57358,2.19814,0.533286
-2.64204,-6.57416,2.19782,0.534495
-2.7832,-6.61508,2.17338,0.637748
-2.78369,-6.61515,2.17325,0.638451
-2.78416,-6.61523,2.17313,0.639148
-2.78462,-6.61529,2.173,0.639838
-2.79837,-6.61535,2.16951,0.66307
-2.7987,-6.61528,2.16945,0.663247
-2.83537,-6.58707,2.16269,0.625415
-2.83618,-6.58616,2.16251,0.623945
-2.83698,-6.58523,2.16232,0.622451
-2.89151,-6.51115,2.14657,0.477618
-2.89241,-6.50986,2.14627,0.474616
-2.93615,-6.44978,2.13147,0.311519
-2.93708,-6.44858,2.13115,0.307792
-2.97732,-6.40052,2.11766,0.142237
-2.97932,-6.39832,2.11701,0.133981
-3.03657,-6.3405,2.09972,-0.0981295
-3.03771,-6.33944,2.0994,-0.102559
-3.09743,-6.28704,2.08331,-0.327454
-3.09869,-6.286,2.08298,-0.332017
-3.16869,-6.23042,2.06643,-0.571297
-3.17011,-6.22932,2.06611,-0.575926
-3.21536,-6.19461,2.05632,-0.719634
-3.21686,-6.19347,2.05601,-0.724272
-3.25482,-6.16455,2.04818,-0.840059
-3.33243,-6.10499,2.03306,-1.06547
-3.33402,-6.10374,2.03278,-1.06992
-3.42795,-6.03905,2.01388,-1.39854
-3.4285,-6.03885,2.01366,-1.40115
-3.42906,-6.03865,2.01343,-1.40375
-3.44217,-6.03315,2.00346,-1.46479
-3.45413,-6.02698,1.9811,-1.52422
-3.46474,-6.0224,1.9407,-1.58717
-3.46503,-6.02231,1.93918,-1.58914
-3.47178,-6.02122,1.89571,-1.63935
-3.47814,-6.02207,1.83952,-1.69569
-3.48385,-6.0239,1.77752,-1.75337
-3.48661,-6.02486,1.7448,-1.78316
-3.49125,-6.02623,1.68732,-1.83549
-3.49573,-6.0271,1.63005,-1.8882
-3.50282,-6.02726,1.53711,-1.97565
-3.50297,-6.02724,1.53508,-1.97757
-3.50852,-6.02626,1.45924,-2.05057
-3.50866,-6.02622,1.45726,-2.0525
-3.51325,-6.02472,1.39155,-2.11641
-3.51537,-6.02377,1.35953,-2.14763
-3.5188,-6.02189,1.3055,-2.2005
-3.52253,-6.01939,1.24342,-2.26144
-3.52706,-6.01548,1.16173,-2.34213
-3.53273,-6.01031,1.07736,-2.43593
-3.53285,-6.01023,1.07618,-2.43751
-3.53297,-6.01014,1.07502,-2.43908
-3.53627,-6.00792,1.04952,-2.47774
-3.54093,-6.0027,1.02952,-2.51615
-3.56083,-5.97209,1.01433,-2.56299
-3.56155,-5.97097,1.0141,-2.56407
-3.58699,-5.93049,1.00884,-2.59605
-3.61549,-5.88494,1.0062,-2.62581
-3.65777,-5.81777,1.00408,-2.66676
-3.6589,-5.81598,1.00403,-2.66785
-3.69614,-5.75711,1.00261,-2.70407
-3.7178,-5.723,1.00174,-2.72535
-3.75692,-5.66137,0.999948,-2.76405
-3.79138,-5.60675,0.998176,-2.79879
-3.84271,-5.52483,0.995164,-2.85149
-3.84497,-5.52121,0.995023,-2.85385
-3.88003,-5.46482,0.992806,-2.89056
-3.90952,-5.41726,0.990957,-2.9215
-3.94426,-5.36079,0.988719,-2.95836
-3.94537,-5.35898,0.988648,-2.95955
-3.972,-5.31539,0.986954,-2.98818
-4.00552,-5.26044,0.984797,-3.02409
-4.04528,-5.19482,0.982197,-3.06634
-4.06734,-5.15782,0.980891,-3.09185
-4.0872,-5.12255,0.980477,-3.12134
-4.11099,-5.07983,0.981984,3.12732
-4.11174,-5.07849,0.982058,3.12635
-4.13951,-5.0274,0.985518,3.09252
-4.17496,-4.959,0.991516,3.05119
-4.1759,-4.95716,0.99169,3.05009
-4.20362,-4.90279,0.996996,3.0173
-4.2306,-4.84969,1.00245,2.98439
-4.25915,-4.7932,1.00846,2.94798
-4.31004,-4.69188,1.01919,2.88026
-4.31099,-4.68999,1.01939,2.87898
-4.35279,-4.606,1.02791,2.82224
-4.35372,-4.60411,1.0281,2.82095
-4.39545,-4.5188,1.03678,2.76235
-4.39637,-4.51691,1.03698,2.76104
-4.4339,-4.43955,1.04484,2.70749
-4.43481,-4.43766,1.04503,2.70618
-4.47664,-4.35076,1.05382,2.64594
-4.51534,-4.26972,1.06182,2.59004
-4.51621,-4.26788,1.062,2.58878
-4.52305,-4.25343,1.06334,2.57883
-4.56269,-4.15568,1.07542,2.48046
-4.5628,-4.15508,1.07554,2.47957
-4.56291,-4.15446,1.07567,2.47866
-4.56302,-4.15383,1.0758,2.47775
-4.56706,-4.10646,1.08321,2.42562
-4.56709,-4.10495,1.08343,2.42413
-4.56348,-4.00639,1.09801,2.3246
-4.56333,-4.00429,1.09834,2.32235
-4.5413,-3.78794,1.13501,2.04745
-4.54101,-3.78575,1.13539,2.04428
-4.54073,-3.78357,1.13578,2.04111
-4.54044,-3.78138,1.13617,2.03793
-4.5289,-3.70171,1.15018,1.91735
-4.52857,-3.6996,1.15055,1.91402
-4.51182,-3.60121,1.16805,1.75429
-4.48526,-3.468,1.19204,1.52467
-4.48485,-3.46604,1.1924,1.52117
-4.48443,-3.46408,1.19275,1.51767
-4.46204,-3.36048,1.21232,1.32808
-4.46163,-3.35859,1.21269,1.32456
-4.44291,-3.27325,1.22959,1.16237
-4.44251,-3.27143,1.22996,1.15884
-4.40843,-3.15637,1.25454,0.841655
-4.40828,-3.15629,1.25459,0.839876
-4.40814,-3.15621,1.25464,0.838114
-4.40799,-3.15615,1.25468,0.83637
-4.40785,-3.15609,1.25473,0.834644
-4.40233,-3.15251,1.25801,0.768084
-4.40233,-3.15212,1.25811,0.767568
-4.41672,-3.09714,1.26637,0.794118
-4.41729,-3.09557,1.26658,0.795638
-4.46396,-2.9865,1.28058,0.939448
-4.46493,-2.98442,1.28085,0.94278
-4.4659,-2.98234,1.28112,0.946137
-4.53553,-2.84393,1.29894,1.20649
-4.53669,-2.84182,1.29921,1.21101
-4.62353,-2.69905,1.31849,1.5516
-4.62485,-2.69712,1.31876,1.55673
-4.62617,-2.69519,1.31904,1.56186
-4.71531,-2.57648,1.33677,1.90849
-4.71667,-2.57481,1.33703,1.91384
-4.71802,-2.57316,1.3373,1.91919
-4.85933,-2.41062,1.36716,2.51721
-4.86049,-2.40933,1.36743,2.52269
-4.86165,-2.40804,1.36771,2.52816
-4.8628,-2.40676,1.36799,2.53364
-4.93265,-2.32919,1.38546,2.91308
-4.93331,-2.32856,1.38563,2.91778
-4.93395,-2.32793,1.3858,2.92246
-4.94953,-2.31591,1.39089,3.11633
-4.94972,-2.32017,1.39232,-3.06833
-4.94969,-2.32033,1.39241,-3.06567
-4.94966,-2.32048,1.39251,-3.06302
-4.95085,-2.3222,1.39984,-2.9947
-4.96107,-2.31612,1.42344,-2.92365
-4.97654,-2.30479,1.45746,-2.86817
-4.97712,-2.30434,1.45878,-2.8664
-5.00188,-2.28333,1.51972,-2.7969
-5.02818,-2.25766,1.595,-2.72486
-5.02875,-2.25707,1.59673,-2.72328
-5.04729,-2.23783,1.65266,-2.67257
-5.06989,-2.21398,1.72074,-2.61058
-5.07047,-2.21337,1.72248,-2.60898
-5.10402,-2.17719,1.8236,-2.51419
-5.10459,-2.17657,1.8253,-2.51258
-5.13704,-2.14054,1.92404,-2.41777
-5.1376,-2.13991,1.92574,-2.41612
-5.13816,-2.13928,1.92745,-2.41447
-5.17021,-2.10208,2.02639,-2.31817
-5.17076,-2.10143,2.02809,-2.3165
-5.19319,-2.07408,2.0995,-2.24633
-5.19371,-2.07342,2.1012,-2.24466
-5.22589,-2.02806,2.20917,-2.11638
-5.22599,-2.02783,2.20975,-2.1153
-5.22735,-2.02116,2.22927,-2.07529
-5.22741,-2.02097,2.22952,-2.075
-5.22747,-2.02076,2.22975,-2.07473
-5.23794,-1.97378,2.23169,-2.11701
-5.23822,-1.97231,2.23152,-2.11884
-5.2388,-1.96932,2.23116,-2.12259
-5.26106,-1.85567,2.21116,-2.29721
-5.26153,-1.85351,2.21071,-2.30103
-5.28728,-1.73837,2.18624,-2.51987
-5.28781,-1.73594,2.18574,-2.52472
-5.31386,-1.59975,2.15806,-2.80576
-5.31428,-1.59713,2.15755,-2.81126
-5.31469,-1.5945,2.15705,-2.81676
-5.32586,-1.50644,2.14063,-3.00243
-5.33183,-1.41656,2.12478,3.08927
-5.33213,-1.31756,2.10761,2.87571
-5.33205,-1.3148,2.10713,2.86973
-5.32792,-1.24336,2.09482,2.7135
-5.31605,-1.14309,2.07729,2.48893
-5.29669,-1.04057,2.0588,2.25014
-5.29611,-1.03801,2.05833,2.24401
-5.26772,-0.933047,2.03819,1.98049
-5.26627,-0.928448,2.03731,1.96842
-5.20337,-0.811039,2.01228,1.48252
-5.20286,-0.810524,2.01203,1.47843
-5.20235,-0.810002,2.01178,1.47435
-5.14534,-0.750224,1.98336,1.22863
-5.14413,-0.748996,1.98279,1.22527
-5.14292,-0.747761,1.98222,1.22191
-5.05769,-0.661171,1.94175,1.01749
-5.05634,-0.659776,1.94108,1.01441
-5.05499,-0.65838,1.94041,1.01134
-4.96401,-0.560792,1.89294,0.800012
-4.96275,-0.559419,1.89226,0.79703
-4.9615,-0.558047,1.89158,0.794049
-4.88036,-0.469347,1.84621,0.595129
-4.87918,-0.468048,1.84553,0.592154
-4.87801,-0.466748,1.84485,0.589178
-4.80495,-0.385428,1.80197,0.400872
-4.80381,-0.384153,1.80129,0.397873
-4.75315,-0.326359,1.76999,0.259577
-4.75208,-0.325113,1.76931,0.256564
-4.67904,-0.237461,1.72112,0.042019
-4.67805,-0.236243,1.72045,0.0390035
-4.67707,-0.235025,1.71978,0.0359907
-4.63,-0.178168,1.68908,-0.119262
-4.62942,-0.177516,1.6887,-0.121668
-4.61391,-0.161487,1.67575,-0.224708
-4.61382,-0.161443,1.67561,-0.226269
-4.61161,-0.160605,1.67136,-0.302283
-4.61148,-0.160376,1.67132,-0.303765
-4.61134,-0.160132,1.67127,-0.305262
-4.58223,-0.106912,1.6691,-0.463358
-4.58161,-0.105765,1.66907,-0.466407
-4.58098,-0.104611,1.66904,-0.469478
-4.53044,0.00413093,1.66667,-0.799905
-4.52998,0.00547588,1.66664,-0.804476
-4.52951,0.00682233,1.66661,-0.80906
-4.50976,0.0799841,1.66491,-1.06689
-4.50947,0.0814003,1.66488,-1.07199
-4.49676,0.176396,1.66256,-1.40554
-4.49662,0.178013,1.66253,-1.41097
-4.49649,0.179634,1.66249,-1.41641
-4.4898,0.295707,1.66041,-1.7825
-4.48971,0.297623,1.66038,-1.78812
-4.48197,0.427158,1.65825,-2.14528
-4.48181,0.42935,1.65822,-2.15099
-4.48164,0.431546,1.65819,-2.15669
-4.46843,0.557477,1.65632,-2.47042
-4.46811,0.559849,1.65629,-2.47606
-4.44535,0.687921,1.65364,-2.81164
-4.44515,0.68926,1.65358,-2.81597
-4.44495,0.690591,1.65352,-2.82027
-4.43812,0.754925,1.64682,-2.98185
-4.43797,0.756404,1.6466,-2.98416
-4.4321,0.823484,1.63439,-3.03892
-4.43198,0.825246,1.63403,-3.03932
-4.4288,0.891849,1.61895,-3.02583
-4.42689,0.963083,1.60051,-2.95963
-4.42685,0.96482,1.60003,-2.95743
-4.42434,1.02891,1.58171,-2.85866
-4.42029,1.08488,1.56471,-2.74816
-4.42014,1.08645,1.56422,-2.7448
-4.41371,1.14105,1.54727,-2.62216
-4.40183,1.21225,1.52513,-2.45103
-4.40153,1.21381,1.52465,-2.44722
-4.38277,1.29835,1.49921,-2.2431
-4.38237,1.29997,1.49873,-2.23923
-4.36772,1.35702,1.48209,-2.10365
-4.36728,1.35867,1.48162,-2.09978
-4.34202,1.44831,1.45654,-1.89489
-4.34151,1.45005,1.45607,-1.89103
-4.29877,1.58286,1.4211,-1.56794
-4.29843,1.58342,1.42089,-1.56547
-4.29809,1.58397,1.42069,-1.56303
-4.29776,1.5845,1.42049,-1.5606
-4.28348,1.60202,1.41374,-1.4609
-4.28296,1.60346,1.41348,-1.45613
-4.29649,1.67474,1.40845,-1.38256
-4.29703,1.67627,1.40835,-1.38186
-4.29758,1.67781,1.40826,-1.38118
-4.33929,1.77751,1.40101,-1.35695
-4.34009,1.77928,1.40086,-1.35676
-4.39163,1.88853,1.39133,-1.35451
-4.3925,1.89033,1.39117,-1.35458
-4.39336,1.89213,1.39101,-1.35466
-4.45294,2.0136,1.38026,-1.36399
-4.45383,2.0154,1.38011,-1.36417
-4.51281,2.13358,1.3701,-1.37635
-4.51371,2.13538,1.36995,-1.37653
-4.51461,2.13717,1.36981,-1.37672
-4.57471,2.25686,1.35984,-1.38873
-4.57561,2.25865,1.35969,-1.3889
-4.57651,2.26044,1.35954,-1.38907
-4.64577,2.39837,1.34819,-1.40154
-4.64665,2.40013,1.34805,-1.40169
-4.64753,2.40188,1.34792,-1.40184
-4.69641,2.49791,1.33698,-1.41362
-4.69648,2.49802,1.33696,-1.41367
-4.69659,2.49824,1.33691,-1.41378
-4.69665,2.49834,1.33688,-1.41383
-4.6967,2.49844,1.33686,-1.41388
-4.71713,2.51097,1.34887,-1.43748
-4.718,2.51131,1.34932,-1.43838
-4.71982,2.51199,1.35023,-1.44025
-4.81999,2.53928,1.3954,-1.55185
-4.8219,2.53973,1.39623,-1.55421
-4.82382,2.54018,1.39707,-1.55658
-4.95384,2.56991,1.45397,-1.73739
-4.95598,2.5704,1.45491,-1.74068
-5.09692,2.6056,1.51609,-1.97249
-5.09911,2.6062,1.51702,-1.97628
-5.10129,2.60681,1.51796,-1.98008
-5.22064,2.6433,1.56909,-2.19421
-5.22279,2.64402,1.57002,-2.19818
-5.34412,2.68826,1.62255,-2.42749
-5.34622,2.6891,1.62347,-2.43155
-5.34833,2.68993,1.62439,-2.43562
-5.44189,2.72939,1.6657,-2.619
-5.5368,2.77436,1.70962,-2.81483
-5.53873,2.77532,1.71054,-2.81891
-5.61397,2.81425,1.74625,-2.98057
-5.61574,2.81522,1.74706,-2.98447
-5.6763,2.85367,1.77575,3.13984
-5.67714,2.85435,1.77621,3.13675
-5.69392,2.87051,1.78712,3.05284
-5.70135,2.88123,1.7937,2.99482
-5.70965,2.90499,1.80017,2.92334
-5.71449,2.9409,1.8052,2.8547
-5.71567,2.99297,1.81042,2.77296
-5.70895,3.11606,1.82114,2.58794
-5.70875,3.11848,1.82135,2.58415
-5.70367,3.17465,1.82637,2.49453
-5.69474,3.25543,1.83379,2.35828
-5.69443,3.25787,1.83402,2.35403
-5.6838,3.33298,1.84114,2.21921