-6.03708,4.76312,1.74122,0.741681,0,-5.60801,3.86728,1.85689,0.429964,0
-5.98545,5.52692,1.09784,2.97547,0,-6.03708,4.76312,1.74122,0.741681,0
-6.17866,5.53232,1.18111,3.02539,0,-5.98545,5.52692,1.09784,2.97547,0
-6.04528,6.41106,1.63939,1.31027,0,-6.17866,5.53232,1.18111,3.02539,0
-4.61201,3.92085,1.78536,1.31333,0,-5.60801,3.86728,1.85689,0.429964,0
-3.91452,3.20444,1.80193,-3.0056,0,-4.61201,3.92085,1.78536,1.31333,0
-3.02028,2.76469,1.71855,-2.2604,0,-3.91452,3.20444,1.80193,-3.0056,0
-2.99244,1.76511,1.7273,2.77901,0,-3.02028,2.76469,1.71855,-2.2604,0
-2.51973,0.884202,1.75057,-2.36244,0,-2.99244,1.76511,1.7273,2.77901,0
-2.99309,0.0058621,1.81731,-1.09694,0,-2.51973,0.884202,1.75057,-2.36244,0
-1.65722,0.37978,1.79093,2.08809,0,-2.51973,0.884202,1.75057,-2.36244,0
-0.797615,-0.0881081,1.5856,-2.0915,0,-1.65722,0.37978,1.79093,2.08809,0
-1.20747,-0.999424,1.62459,1.58514,0,-0.797615,-0.0881081,1.5856,-2.0915,0
-3.51784,-0.820299,1.61215,-0.749326,0,-2.99309,0.0058621,1.81731,-1.09694,0
-3.33136,-1.66904,2.107,2.30236,0,-3.51784,-0.820299,1.61215,-0.749326,0
-6.26514,4.07723,1.12301,2.12965,0,-6.03708,4.76312,1.74122,0.741681,0
-3.19253,-2.51455,1.59141,-2.59479,0,-3.33136,-1.66904,2.107,2.30236,0
-0.4509,-1.64019,1.75505,-0.84745,0,-1.20747,-0.999424,1.62459,1.58514,0
-2.54486,-3.04076,1.0404,2.22018,0,-3.19253,-2.51455,1.59141,-2.59479,0
-1.14405,1.237,1.74824,-0.00978734,0,-1.65722,0.37978,1.79093,2.08809,0
-3.89249,-3.1396,1.24589,0.820092,0,-3.19253,-2.51455,1.59141,-2.59479,0
-6.16971,3.21087,2.3605,-2.08749,0,-5.60801,3.86728,1.85689,0.429964,0
-0.324349,1.64457,2.1507,-2.72758,0,-1.14405,1.237,1.74824,-0.00978734,0
-4.80225,-3.36213,1.59635,0.25463,0,-3.89249,-3.1396,1.24589,0.820092,0
-5.90431,3.66218,1.70413,0.598831,0,-5.60801,3.86728,1.85689,0.429964,0
-4.6778,-4.29298,1.93989,0.362877,0,-4.80225,-3.36213,1.59635,0.25463,0
-3.8608,4.57977,1.82406,1.3841,0,-4.61201,3.92085,1.78536,1.31333,0
-3.2108,5.31593,2.01268,1.7012,0,-3.8608,4.57977,1.82406,1.3841,0
-4.00199,-0.294708,0.91261,-2.48243,0,-3.51784,-0.820299,1.61215,-0.749326,0
0.624491,1.32888,2.14413,-1.97189,0,-0.324349,1.64457,2.1507,-2.72758,0
1.41552,1.90223,1.93073,-1.66235,0,0.624491,1.32888,2.14413,-1.97189,0
1.90046,1.14856,1.48708,0.403149,0,1.41552,1.90223,1.93073,-1.66235,0
1.02431,2.79739,1.71711,-0.248183,0,1.41552,1.90223,1.93073,-1.66235,0
-4.55824,4.62202,1.39081,-2.82125,0,-4.61201,3.92085,1.78536,1.31333,0
-3.52253,2.04494,1.16114,0.826004,0,-2.99244,1.76511,1.7273,2.77901,0
-2.17774,-3.96817,1.11213,2.91104,0,-2.54486,-3.04076,1.0404,2.22018,0
-5.40966,-4.2307,1.26129,1.14122,0,-4.6778,-4.29298,1.93989,0.362877,0
-5.56127,3.19887,2.00649,1.6874,0,-5.90431,3.66218,1.70413,0.598831,0
-4.25961,-5.10305,2.35088,-1.57128,0,-4.6778,-4.29298,1.93989,0.362877,0
-1.52343,-4.71325,1.24146,-2.78544,0,-2.17774,-3.96817,1.11213,2.91104,0
-6.05403,3.59939,0.985626,-0.696144,0,-6.26514,4.07723,1.12301,2.12965,0
-2.06504,-2.39282,1.41339,2.33431,0,-2.54486,-3.04076,1.0404,2.22018,0
-0.569273,-5.00036,1.1569,2.15178,0,-1.52343,-4.71325,1.24146,-2.78544,0
-2.14873,-5.47115,1.05547,-0.535848,0,-1.52343,-4.71325,1.24146,-2.78544,0
-2.52362,6.02613,1.85969,2.54865,0,-3.2108,5.31593,2.01268,1.7012,0
-0.645162,-5.92439,0.782185,-2.68867,0,-0.569273,-5.00036,1.1569,2.15178,0
1.85596,3.35011,1.77061,-2.34945,0,1.02431,2.79739,1.71711,-0.248183,0
-4.97585,-0.422788,1.1002,0.511194,0,-4.00199,-0.294708,0.91261,-2.48243,0
2.53357,4.01236,1.4508,-0.498551,0,1.85596,3.35011,1.77061,-2.34945,0
-2.63667,0.523291,1.67256,-0.448849,0,-2.51973,0.884202,1.75057,-2.36244,0
2.86921,1.11086,1.24192,1.14822,0,1.90046,1.14856,1.48708,0.403149,0
3.51453,4.18596,1.36375,-1.50933,0,2.53357,4.01236,1.4508,-0.498551,0
1.14705,1.70982,1.31327,-0.49603,0,1.41552,1.90223,1.93073,-1.66235,0
-6.11951,2.23629,2.14218,-0.547315,0,-6.16971,3.21087,2.3605,-2.08749,0
-0.551336,-6.68304,1.42689,-0.707735,0,-0.645162,-5.92439,0.782185,-2.68867,0
-6.12042,-4.9328,1.30448,-0.197015,0,-5.40966,-4.2307,1.26129,1.14122,0
-4.35758,1.52598,0.978479,-1.4046,0,-3.52253,2.04494,1.16114,0.826004,0
-0.659556,2.52619,1.81845,1.02264,0,-0.324349,1.64457,2.1507,-2.72758,0
2.41039,4.9003,1.00766,2.06751,0,2.53357,4.01236,1.4508,-0.498551,0
-5.83108,-0.905253,0.910988,0.0972522,0,-4.97585,-0.422788,1.1002,0.511194,0
-6.50261,3.68854,1.75499,0.602019,0,-5.90431,3.66218,1.70413,0.598831,0
-6.42906,-0.394778,1.52892,-0.458564,0,-5.83108,-0.905253,0.910988,0.0972522,0
-2.14626,-1.76264,1.31288,-1.35409,0,-2.06504,-2.39282,1.41339,2.33431,0
-2.32658,3.4429,1.96107,1.70588,0,-3.02028,2.76469,1.71855,-2.2604,0
-4.09556,-5.55752,1.47535,0.100821,0,-4.25961,-5.10305,2.35088,-1.57128,0
3.7851,1.40065,0.964113,2.13593,0,2.86921,1.11086,1.24192,1.14822,0
-1.53028,6.08275,1.95998,0.470988,0,-2.52362,6.02613,1.85969,2.54865,0
-0.653081,6.36003,1.56802,-1.62847,0,-1.53028,6.08275,1.95998,0.470988,0
-1.57453,-6.21732,0.952199,0.460551,0,-2.14873,-5.47115,1.05547,-0.535848,0
4.42885,4.36696,1.00146,0.177175,0,3.51453,4.18596,1.36375,-1.50933,0
0.43742,-6.57816,1.3203,-2.9938,0,-0.551336,-6.68304,1.42689,-0.707735,0
0.0548021,-6.41254,1.57149,-2.33184,0,0.43742,-6.57816,1.3203,-2.9938,0
-1.60968,5.16224,1.57743,2.86293,0,-1.53028,6.08275,1.95998,0.470988,0
1.29101,-6.09907,1.52487,0.0291706,0,0.43742,-6.57816,1.3203,-2.9938,0
-6.66179,-4.09207,1.29461,-2.83547,0,-6.12042,-4.9328,1.30448,-0.197015,0
-2.05424,-4.26546,2.05889,1.39782,0,-2.17774,-3.96817,1.11213,2.91104,0
4.78372,5.25264,1.30086,1.24863,0,4.42885,4.36696,1.00146,0.177175,0
5.48047,5.78875,1.77744,-1.12619,0,4.78372,5.25264,1.30086,1.24863,0
-3.75622,0.346707,1.94997,-0.19763,0,-2.99309,0.0058621,1.81731,-1.09694,0
-5.3317,1.45402,1.19275,-2.54907,0,-4.35758,1.52598,0.978479,-1.4046,0
2.77517,3.03749,1.66949,-1.41075,0,1.85596,3.35011,1.77061,-2.34945,0
4.67161,1.69123,1.3242,2.00446,0,3.7851,1.40065,0.964113,2.13593,0
4.0069,4.48846,1.76918,1.30357,0,3.51453,4.18596,1.36375,-1.50933,0
2.23457,-5.87668,1.27941,-2.89381,0,1.29101,-6.09907,1.52487,0.0291706,0
-6.10197,0.404258,2.03345,0.825425,0,-6.42906,-0.394778,1.52892,-0.458564,0
3.22627,-5.89408,1.15205,-0.0155662,0,2.23457,-5.87668,1.27941,-2.89381,0
-4.42158,0.0989623,2.20904,1.08932,0,-3.75622,0.346707,1.94997,-0.19763,0
4.1078,5.89965,0.948008,-1.33919,0,4.78372,5.25264,1.30086,1.24863,0
-0.183107,5.737,1.63727,-1.76897,0,-0.653081,6.36003,1.56802,-1.62847,0
-6.46759,0.983723,1.42119,2.83663,0,-6.10197,0.404258,2.03345,0.825425,0
-6.32196,-4.91527,2.25813,0.214543,0,-6.12042,-4.9328,1.30448,-0.197015,0
-0.934047,4.74641,0.968649,0.643287,0,-1.60968,5.16224,1.57743,2.86293,0
3.7784,-5.1212,1.46479,-2.81934,0,3.22627,-5.89408,1.15205,-0.0155662,0
2.30946,-5.2503,1.0871,2.07835,0,2.23457,-5.87668,1.27941,-2.89381,0
-3.37996,-1.3326,1.15159,-2.45554,0,-3.51784,-0.820299,1.61215,-0.749326,0
-6.16964,-5.93005,1.35987,-1.45769,0,-6.12042,-4.9328,1.30448,-0.197015,0
-1.30822,3.19389,1.98774,2.70589,0,-0.659556,2.52619,1.81845,1.02264,0
-6.3293,-3.45694,1.73867,-2.65957,0,-6.66179,-4.09207,1.29461,-2.83547,0
0.0857444,-0.389214,1.94478,0.961779,0,-0.797615,-0.0881081,1.5856,-2.0915,0
2.64867,-6.62471,1.79802,-0.959672,0,2.23457,-5.87668,1.27941,-2.89381,0
-5.69107,-4.87539,1.05852,1.31988,0,-6.12042,-4.9328,1.30448,-0.197015,0
-5.04462,-3.74726,2.00489,2.79207,0,-4.80225,-3.36213,1.59635,0.25463,0
-1.31267,2.46395,2.31939,0.103272,0,-1.30822,3.19389,1.98774,2.70589,0
2.55283,-4.32249,0.804393,-2.11762,0,2.30946,-5.2503,1.0871,2.07835,0
-3.47159,0.552961,1.45535,-2.42998,0,-3.75622,0.346707,1.94997,-0.19763,0
4.77629,3.73455,1.6938,-0.112983,0,4.42885,4.36696,1.00146,0.177175,0
-6.03999,-0.0669468,1.06063,1.8808,0,-6.42906,-0.394778,1.52892,-0.458564,0
-5.65379,-5.03078,1.64006,2.8563,0,-6.12042,-4.9328,1.30448,-0.197015,0
-0.708716,3.86211,1.63916,-1.0555,0,-1.30822,3.19389,1.98774,2.70589,0
-2.6424,-3.35167,0.81129,-0.237124,0,-2.54486,-3.04076,1.0404,2.22018,0
-6.54632,-0.977624,1.96349,2.99241,0,-6.42906,-0.394778,1.52892,-0.458564,0
-6.72892,0.315522,1.31733,1.8011,0,-6.46759,0.983723,1.42119,2.83663,0
1.03709,2.58467,2.48008,2.24602,0,1.02431,2.79739,1.71711,-0.248183,0
-6.57564,-5.74508,1.05933,2.36842,0,-6.16964,-5.93005