6.3825,-1.633,1.89675,-0.200345,0,5.78263,-1.55834,1.90762,1.4108,0
4.8361,-1.23574,1.90278,-0.241873,0,5.78263,-1.55834,1.90762,1.4108,0
3.8628,-1.36234,1.71132,1.50999,0,4.8361,-1.23574,1.90278,-0.241873,0
3.5915,-2.26365,1.37364,2.0619,0,3.8628,-1.36234,1.71132,1.50999,0
2.90328,-1.18431,1.92954,1.76588,0,3.8628,-1.36234,1.71132,1.50999,0
4.03609,-3.11515,1.65165,2.78698,0,3.5915,-2.26365,1.37364,2.0619,0
4.7105,-3.4921,1.97985,-1.06496,0,4.03609,-3.11515,1.65165,2.78698,0
3.84108,-3.94399,1.12726,-2.62566,0,4.03609,-3.11515,1.65165,2.78698,0
2.90292,-4.22184,1.33381,0.35206,0,3.84108,-3.94399,1.12726,-2.62566,0
5.89475,-1.17522,1.1856,-2.57079,0,5.78263,-1.55834,1.90762,1.4108,0
5.41809,-4.17598,1.80203,-1.75415,0,4.7105,-3.4921,1.97985,-1.06496,0
5.96434,-4.77724,1.21884,2.16297,0,5.41809,-4.17598,1.80203,-1.75415,0
5.59802,-2.0817,0.885192,-1.48719,0,5.89475,-1.17522,1.1856,-2.57079,0
6.60269,-4.09542,0.861587,-1.22394,0,5.96434,-4.77724,1.21884,2.16297,0
5.65974,-5.23632,1.03673,3.01419,0,5.96434,-4.77724,1.21884,2.16297,0
5.80301,-6.21064,1.21042,-2.16915,0,5.65974,-5.23632,1.03673,3.01419,0
3.10742,-4.62216,1.58229,1.90171,0,2.90292,-4.22184,1.33381,0.35206,0
2.29681,-5.20405,1.51665,-3.12201,0,3.10742,-4.62216,1.58229,1.90171,0
6.59607,-2.46423,2.41002,2.02326,0,6.3825,-1.633,1.89675,-0.200345,0
3.55064,-5.49307,1.37588,-0.546178,0,3.10742,-4.62216,1.58229,1.90171,0
4.23214,-5.74806,1.36288,-0.71241,0,3.55064,-5.49307,1.37588,-0.546178,0
4.1805,-4.80863,0.834982,2.68532,0,3.84108,-3.94399,1.12726,-2.62566,0
6.2542,-3.93663,0.878729,-0.635254,0,6.60269,-4.09542,0.861587,-1.22394,0
2.63747,-4.56391,1.84252,-2.31547,0,3.10742,-4.62216,1.58229,1.90171,0
5.74785,-1.42506,1.17276,-2.77983,0,5.89475,-1.17522,1.1856,-2.57079,0
2.90718,-5.99605,1.27243,0.825664,0,3.55064,-5.49307,1.37588,-0.546178,0
2.55648,-3.55035,0.866049,0.253106,0,2.90292,-4.22184,1.33381,0.35206,0
5.70882,-5.18994,0.430688,-2.20214,0,5.65974,-5.23632,1.03673,3.01419,0
2.03807,-1.10534,1.43439,1.56647,0,2.90328,-1.18431,1.92954,1.76588,0
5.71651,-2.2286,1.93418,-0.364085,0,5.78263,-1.55834,1.90762,1.4108,0
6.52614,-6.68984,1.70786,2.14456,0,5.80301,-6.21064,1.21042,-2.16915,0
4.82714,-1.41237,1.13348,-0.905946,0,4.8361,-1.23574,1.90278,-0.241873,0
5.26557,-1.21423,1.29246,-3.06307,0,4.82714,-1.41237,1.13348,-0.905946,0
5.91562,-5.54035,0.482335,-2.90313,0,5.70882,-5.18994,0.430688,-2.20214,0
6.39047,-5.32867,0.754529,0.693414,0,5.91562,-5.54035,0.482335,-2.90313,0
4.69343,-3.32198,2.04814,-1.02237,0,4.7105,-3.4921,1.97985,-1.06496,0
2.67713,-3.26949,1.44354,1.91089,0,2.55648,-3.55035,0.866049,0.253106,0
6.56079,-2.25779,0.680065,-2.63207,0,5.59802,-2.0817,0.885192,-1.48719,0
2.3789,-5.61905,2.09306,-0.290325,0,2.29681,-5.20405,1.51665,-3.12201,0
5.31422,-1.48824,1.1075,-0.78973,0,5.26557,-1.21423,1.29246,-3.06307,0
3.90687,-3.45367,1.63411,2.96864,0,4.03609,-3.11515,1.65165,2.78698,0
5.14463,-2.06669,1.45447,0.0240013,0,5.31422,-1.48824,1.1075,-0.78973,0
1.7498,-6.35812,2.33389,-2.05376,0,2.3789,-5.61905,2.09306,-0.290325,0
0.776234,-6.13341,2.37483,-0.668333,0,1.7498,-6.35812,2.33389,-2.05376,0
-0.191298,-5.89413,2.45626,1.75036,0,0.776234,-6.13341,2.37483,-0.668333,0
2.26505,-1.65338,1.14335,2.03134,0,2.03807,-1.10534,1.43439,1.56647,0
-1.18585,-5.79145,2.43823,-2.28799,0,-0.191298,-5.89413,2.45626,1.75036,0
-2.00428,-6.34317,2.27771,0.0882196,0,-1.18585,-5.79145,2.43823,-2.28799,0
1.06444,-5.96607,1.49264,0.0098225,0,0.776234,-6.13341,2.37483,-0.668333,0
-2.92295,-6.70358,2.11601,0.697643,0,-2.00428,-6.34317,2.27771,0.0882196,0
-1.12284,-4.8307,2.16805,2.98408,0,-1.18585,-5.79145,2.43823,-2.28799,0
-3.4759,-5.88554,1.95768,-1.60411,0,-2.92295,-6.70358,2.11601,0.697643,0
-3.43001,-5.92184,0.959393,-2.59064,0,-3.4759,-5.88554,1.95768,-1.60411,0
-3.97496,-5.08411,0.924169,3.09464,0,-3.43001,-5.92184,0.959393,-2.59064,0
-4.46614,-4.21837,1.02026,2.44279,0,-3.97496,-5.08411,0.924169,3.09464,0
4.57911,-3.13022,0.97795,0.0203572,0,4.03609,-3.11515,1.65165,2.78698,0
-2.72285,-5.90716,1.98917,-2.22403,0,-3.4759,-5.88554,1.95768,-1.60411,0
-1.23442,-3.913,1.78678,-2.60042,0,-1.12284,-4.8307,2.16805,2.98408,0
-4.77994,-5.67035,1.01546,-2.41795,0,-3.97496,-5.08411,0.924169,3.09464,0
-4.49268,-3.23554,1.20283,0.692101,0,-4.46614,-4.21837,1.02026,2.44279,0
4.02393,-5.69558,1.75226,2.42918,0,4.23214,-5.74806,1.36288,-0.71241,0
-4.82046,-2.30054,1.33826,-2.85742,0,-4.49268,-3.23554,1.20283,0.692101,0
1.99137,-6.46041,2.19276,2.87255,0,1.7498,-6.35812,2.33389,-2.05376,0
-5.16813,-1.90131,2.18663,-2.02048,0,-4.82046,-2.30054,1.33826,-2.85742,0
5.36932,-1.74363,2.01657,0.374419,0,5.78263,-1.55834,1.90762,1.4108,0
-3.24908,-4.80686,1.02995,0.683371,0,-3.97496,-5.08411,0.924169,3.09464,0
-5.20624,-0.929957,1.95207,1.15998,0,-5.16813,-1.90131,2.18663,-2.02048,0
-4.73463,-0.115781,1.61339,-0.356652,0,-5.20624,-0.929957,1.95207,1.15998,0
-4.29767,0.783542,1.5965,3.04627,0,-4.73463,-0.115781,1.61339,-0.356652,0
-1.66015,-4.38382,2.10647,-0.839498,0,-1.12284,-4.8307,2.16805,2.98408,0
-2.20994,-3.55339,2.19657,3.04465,0,-1.66015,-4.38382,2.10647,-0.839498,0
-5.74554,-5.43251,1.1206,3.05266,0,-4.77994,-5.67035,1.01546,-2.41795,0
1.41866,-6.07099,1.40125,2.95577,0,1.06444,-5.96607,1.49264,0.0098225,0
5.26693,-3.86475,1.72514,-0.607412,0,5.41809,-4.17598,1.80203,-1.75415,0
-4.28867,1.75481,1.3587,-1.34663,0,-4.29767,0.783542,1.5965,3.04627,0
-3.34688,2.08764,1.31123,-0.136016,0,-4.28867,1.75481,1.3587,-1.34663,0
-2.51301,2.52976,0.980799,1.5705,0,-3.34688,2.08764,1.31123,-0.136016,0
-4.10981,-1.6025,1.42612,2.35671,0,-4.82046,-2.30054,1.33826,-2.85742,0
-1.87756,1.75789,1.00149,1.24288,0,-2.51301,2.52976,0.980799,1.5705,0
4.61764,-5.90852,1.71585,-0.0965465,0,4.23214,-5.74806,1.36288,-0.71241,0
-4.72725,2.65042,1.28424,-1.41754,0,-4.28867,1.75481,1.3587,-1.34663,0
-5.63204,0.278403,1.81158,-0.178015,0,-4.73463,-0.115781,1.61339,-0.356652,0
-1.1641,2.43865,1.16748,-1.94006,0,-1.87756,1.75789,1.00149,1.24288,0
-3.6744,-5.27934,2.04988,2.52628,0,-3.4759,-5.88554,1.95768,-1.60411,0
-5.58716,2.87399,1.74311,2.8413,0,-4.72725,2.65042,1.28424,-1.41754,0
-3.03157,1.66241,2.04234,0.786663,0,-3.34688,2.08764,1.31123,-0.136016,0
-1.12599,3.37615,1.51337,0.266295,0,-1.1641,2.43865,1.16748,-1.94006,0
-0.174816,3.64069,1.67242,2.20486,0,-1.12599,3.37615,1.51337,0.266295,0
-1.35049,4.33427,1.69111,-2.02829,0,-1.12599,3.37615,1.51337,0.266295,0
-5.60801,3.86728,1.85689,0.429964,0,-5.58716,2.87399,1.74311,2.8413,0
0.494893,4.35819,1.48089,-0.660864,0,-0.174816,3.64069,1.67242,2.20486,0
0.465121,4.04677,2.42782,2.4711,0,0.494893,4.35819,1.48089,-0.660864,0
1.30906,4.93625,1.53543,3.03796,0,0.494893,4.35819,1.48089,-0.660864,0
-6.03708,4.76312,1.74122,0.741681,0,-5.60801,3.86728,1.85689,0.429964,0
4.55309,-6.44106,1.24674,-2.54779,0,4.61764,-5.90852,1.71585,-0.0965465,0
2.14369,5.41055,1.25539,0.223583,0,1.30906,4.93625,1.53543,3.03796,0
4.3948,-5.3026,1.66365,1.60113,0,4.02393,-5.69558,1.75226,2.42918,0
3.04239,5.09983,1.56489,-1.72249,0,2.14369,5.41055,1.25539,0.223583,0
4.79589,-6.67578,0.676195,1.83989,0,4.55309,-6.44106,1.24674,-2.54779,0
-2.68932,2.03207,1.24877,-1.37332,0,-2.51301,2.52976,0.980799,1.5705,0
3.62057,5.80816,1.96984,2.20949,0,3.04239,5.09983,1.56489,-1.72249,0
2.56938,-3.12278,1.79558,-0.387445,0,2.67713,-3.26949,1.44354,1.91089,0
-1.5898,5.23753,2.04728,-0.508226,0,-1.35049,4.33427,1.69111,-2.02829,0
-6.58884,-5.88719,1.40714,-2.93266,0,-5.74554,-5.43251,1.1206,3.05266,0
-5.98545,5.52692,1.09784,2.97547,0,-6.03708,4.76312,1.74122,0.741681,0
-6.0455,5.51768,0.794133,-0.30684,0,-5.98545,5.52692,1.09784,2.97547,0
-3.13377,-3.57773,1.81455,-1.46623,0,-2.20994,-3.55339,2.19657,3.04465,0
-5.15736,-4.37576,1.72556,-1.46567,0,-4.46614,-4.21837,1.02026,2.44279,0
-3.41394,-4.07093,1.79477,-3.03992,0,-3.13377,-3.57773,1.81455,-1.46623,0
-2.13192,6.06763,2.17778,-0.33564,0,-1.5898,5.23753,2.04728,-0.508226,0
-2.53257,-2.99661,1.95229,1.80561,0,-2.20994,-3.55339,2.19657,3.04465,0
4.58361,5.7659,1.70383,-0.216488,0,3.62057,5.80816,1.96984,2.20949,0
-1.25405,6.48656,1.94574,0.857567,0,-2.13192,6.06763,2.17778,-0.33564,0
-1.9853,-2.34131,1.43164,1.50722,0,-2.53257,-2.99661,1.95229,1.80561,0
-5.89961,-6.00307,2.12236,1.91564,0,-6.58884,-5.88719,1.40714,-2.93266,0
-3.05594,6.42869,2.05195,0.440496,0,-2.13192,6.06763,2.17778,-0.33564,0
5.26656,5.11876,1.36503,-2.97575,0,4.58361,5.7659,1.70383,-0.216488,0
2.19689,6.25845,1.78287,1.90647,0,2.14369,5.41055,1.25539,0.223583,0
1.01556,3.21484,2.35771,2.86723,0,0.465121,4.04677,2.42782,2.4711,0
-5.24147,-0.666063,1.52232,-1.17128,0,-5.20624,-0.929957,1.95207,1.15998,0
-2.42386,-4.33538,0.718933,-2.95034,0,-3.24908,-4.80686,1.02995,0.683371,0
-4.67397,-4.19004,1.50995,-0.220006,0,-4.46614,-4.21837,1.02026,2.44279,0
0.0287246,3.75498,1.14833,2.44891,0,-0.174816,3.64069,1.67242,2.20486,0
-6.17866,5.53232,1.18111,3.02539,0,-5.98545,5.52692,1.09784,2.97547,0
-0.423316,-3.32855,1.80971,2.03441,0,-1.23442,-3.913,1.78678,-2.60042,0
5.02409,-2.67398,1.02612,1.91753,0,4.57911,-3.13022,0.97795,0.0203572,0
-6.81828,-5.22078,2.11655,-1.43848,0,-6.58884,-5.88719,1.40714,-2.93266,0
-0.661752,6.66961,1.22468,2.72447,0,-1.25405,6.48656,1.94574,0.857567,0
-2.12867,5.9069,1.19079,-0.918747,0,-2.13192,6.06763,2.17778,-0.33564,0
4.37559,6.53741,1.10259,-2.67236,0,4.58361,5.7659,1.70383,-0.216488,0
5.53465,-4.15162,2.06748,-1.64481,0,5.41809,-4.17598,1.80203,-1.75415,0
0.0785662,2.81428,0.812794,-2.34403,0,0.0287246,3.75498,1.14833,2.44891,0
0.553767,2.32788,2.35013,-2.69232,0,1.01556,3.21484,2.35771,2.86723,0
-1.20343,5.54504,1.21355,-0.163759,0,-1.5898,5.23753,2.04728,-0.508226,0
-5.31873,4.21324,0.964349,1.77986,0,-5.60801,3.86728,1.85689,0.429964,0
-3.51907,-1.81642,1.83888,-0.570132,0,-4.10981,-1.6025,1.42612,2.35671,0
5.97364,4.43084,1.20126,0.179647,0,5.26656,5.11876,1.36503,-2.97575,0
3.5225,4.36642,1.08362,-1.7765,0,3.04239,5.09983,1.56489,-1.72249,0
-6.03833,5.05336,1.20529,0.423372,0,-5.98545,5.52692,1.09784,2.97547,0
4.00098,3.49708,0.959932,-2.10077,0,3.5225,4.36642,1.08362,-1.7765,0
-1.37593,0.958009,1.33096,-2.35585,0,-1.87756,1.75789,1.00149,1.24288,0
4.33797,5.54702,1.57381,0.0334971,0,4.58361,5.7659,1.70383,-0.216488,0
5.33615,6.81032,1.04911,0.247531,0,4.37559,6.53741,1.10259,-2.67236,0
5.23277,5.69098,0.845683,-2.18517,0,5.26656,5.11876,1.36503,-2.97575,0
-6.04528,6.41106,1.63939,1.31027,9.53388e-09,-6.17866,5.53232,1.18111,3.02539,0
