-0.633136,-0.499693,0.802903,3.1394
-0.652197,-0.495324,0.807097,-3.09614
-0.671259,-0.490956,0.811291,-3.0485
-0.69032,-0.486588,0.815485,-3.00085
-0.709381,-0.48222,0.819679,-2.95321
-0.728442,-0.477851,0.823873,-2.90556
-0.747503,-0.473483,0.828067,-2.85792
-0.766564,-0.469115,0.832261,-2.81027
-0.785626,-0.464747,0.836455,-2.76263
-0.804687,-0.460378,0.840649,-2.71498
-0.823748,-0.45601,0.844843,-2.66734
-0.842809,-0.451642,0.849037,-2.61969
-0.86187,-0.447274,0.853231,-2.57205
-0.880932,-0.442905,0.857425,-2.5244
-0.899993,-0.438537,0.861619,-2.47676
-0.919054,-0.434169,0.865813,-2.42911
-0.938115,-0.4298,0.870007,-2.38147
-0.957176,-0.425432,0.874201,-2.33382
-0.976237,-0.421064,0.878395,-2.28617
-0.995299,-0.416696,0.882589,-2.23853
-1.01436,-0.412327,0.886783,-2.19088
-1.03342,-0.407959,0.890977,-2.14324
-1.05248,-0.403591,0.895171,-2.09559
-1.07154,-0.399223,0.899365,-2.04795
-1.0906,-0.394854,0.903559,-2.0003
-1.10967,-0.390486,0.907753,-1.95266
-1.12873,-0.386118,0.911947,-1.90501
-1.14779,-0.38175,0.916141,-1.85737
-1.16685,-0.377381,0.920335,-1.80972
-1.18591,-0.373013,0.924529,-1.76208
-1.20497,-0.368645,0.928723,-1.71443
-1.22403,-0.364276,0.932917,-1.66679
-1.24309,-0.359908,0.937111,-1.61914
-1.26216,-0.35554,0.941305,-1.5715
-1.28122,-0.351172,0.945499,-1.52385
-1.30028,-0.346803,0.949693,-1.47621
-1.31934,-0.342435,0.953887,-1.42856
-1.3384,-0.338067,0.958081,-1.38092
-1.35746,-0.333699,0.962275,-1.33327
-1.37652,-0.32933,0.966469,-1.28562
-1.39558,-0.324962,0.970663,-1.23798
-1.41464,-0.320594,0.974857,-1.19033
-1.43371,-0.316226,0.979051,-1.14269
-1.45277,-0.311857,0.983245,-1.09504
-1.47183,-0.307489,0.987439,-1.0474
-1.49089,-0.303121,0.991633,-0.999753
-1.50995,-0.298753,0.995827,-0.952108
-1.52901,-0.294384,1.00002,-0.904463
-1.54807,-0.290016,1.00421,-0.856818
-1.56713,-0.285648,1.00841,-0.809173
-1.5862,-0.281279,1.0126,-0.761527
-1.59074,-0.261991,1.00991,-0.79542
-1.59529,-0.242703,1.00721,-0.829313
-1.59984,-0.223415,1.00451,-0.863206
-1.60439,-0.204126,1.00182,-0.897099
-1.60894,-0.184838,0.999119,-0.930992
-1.61349,-0.16555,0.996422,-0.964886
-1.61803,-0.146261,0.993725,-0.998779
-1.62258,-0.126973,0.991029,-1.03267
-1.62713,-0.107685,0.988332,-1.06656
-1.63168,-0.0883963,0.985635,-1.10046
-1.63623,-0.0691079,0.982938,-1.13435
-1.64078,-0.0498196,0.980242,-1.16824
-1.64532,-0.0305313,0.977545,-1.20214
-1.64987,-0.011243,0.974848,-1.23603
-1.65442,0.00804534,0.972151,-1.26992
-1.65897,0.0273337,0.969454,-1.30382
-1.66352,0.046622,0.966758,-1.33771
-1.66807,0.0659103,0.964061,-1.3716
-1.67262,0.0851986,0.961364,-1.40549
-1.67716,0.104487,0.958667,-1.43939
-1.68171,0.123775,0.955971,-1.47328
-1.68626,0.143064,0.953274,-1.50717
-1.69081,0.162352,0.950577,-1.54107
-1.69536,0.18164,0.94788,-1.57496
-1.69991,0.200929,0.945184,-1.60885
-1.70445,0.220217,0.942487,-1.64275
-1.709,0.239505,0.93979,-1.67664
-1.71355,0.258794,0.937093,-1.71053
-1.7181,0.278082,0.934397,-1.74443
-1.72265,0.29737,0.9317,-1.77832
-1.7272,0.316658,0.929003,-1.81221
-1.73174,0.335947,0.926306,-1.8461
-1.73629,0.355235,0.923609,-1.88
-1.74084,0.374523,0.920913,-1.91389
-1.74539,0.393812,0.918216,-1.94778
-1.74994,0.4131,0.915519,-1.98168
-1.75449,0.432388,0.912822,-2.01557
-1.75904,0.451677,0.910126,-2.04946
-1.76358,0.470965,0.907429,-2.08336
-1.76813,0.490253,0.904732,-2.11725
-1.77268,0.509542,0.902035,-2.15114
-1.77723,0.52883,0.899339,-2.18503
-1.78178,0.548118,0.896642,-2.21893
-1.78633,0.567407,0.893945,-2.25282
-1.79087,0.586695,0.891248,-2.28671
-1.79542,0.605983,0.888552,-2.32061
-1.79997,0.625272,0.885855,-2.3545
-1.80452,0.64456,0.883158,-2.38839
-1.80907,0.663848,0.880461,-2.42229
-1.81362,0.683137,0.877765,-2.45618
-1.82325,0.699902,0.882868,-2.41688
-1.83289,0.716667,0.887972,-2.37758
-1.84253,0.733432,0.893076,-2.33827
-1.85217,0.750197,0.89818,-2.29897
-1.86181,0.766962,0.903283,-2.25967
-1.87144,0.783727,0.908387,-2.22037
-1.88108,0.800492,0.913491,-2.18107
-1.89072,0.817257,0.918595,-2.14176
-1.90036,0.834022,0.923698,-2.10246
-1.90999,0.850787,0.928802,-2.06316
-1.91963,0.867552,0.933906,-2.02386
-1.92927,0.884317,0.939009,-1.98456
-1.93891,0.901082,0.944113,-1.94526
-1.94854,0.917847,0.949217,-1.90595
-1.95818,0.934612,0.954321,-1.86665
-1.96782,0.951377,0.959424,-1.82735
-1.97746,0.968142,0.964528,-1.78805
-1.9871,0.984907,0.969632,-1.74875
-1.99673,1.00167,0.974736,-1.70945
-2.00637,1.01844,0.979839,-1.67014
-2.01601,1.0352,0.984943,-1.63084
-2.02565,1.05197,0.990047,-1.59154
-2.03528,1.06873,0.995151,-1.55224
-2.04492,1.0855,1.00025,-1.51294
-2.05456,1.10226,1.00536,-1.47364
-2.0642,1.11903,1.01046,-1.43433
-2.07384,1.13579,1.01557,-1.39503
-2.08347,1.15256,1.02067,-1.35573
-2.09311,1.16932,1.02577,-1.31643
-2.10275,1.18609,1.03088,-1.27713
-2.11239,1.20285,1.03598,-1.23783
-2.12202,1.21962,1.04108,-1.19852
-2.13166,1.23638,1.04619,-1.15922
-2.1413,1.25315,1.05129,-1.11992
-2.15094,1.26991,1.0564,-1.08062
-2.16057,1.28668,1.0615,-1.04132
-2.17021,1.30344,1.0666,-1.00201
-2.17985,1.32021,1.07171,-0.962713
-2.18949,1.33697,1.07681,-0.923411
-2.19913,1.35374,1.08191,-0.88411
-2.20876,1.3705,1.08702,-0.844808
-2.2184,1.38727,1.09212,-0.805506
-2.22804,1.40403,1.09723,-0.766204
-2.23768,1.4208,1.10233,-0.726903
-2.24731,1.43756,1.10743,-0.687601
-2.25695,1.45433,1.11254,-0.648299
-2.26659,1.47109,1.11764,-0.608998
-2.27623,1.48786,1.12274,-0.569696
-2.28586,1.50462,1.12785,-0.530394
-2.2955,1.52139,1.13295,-0.491092
-2.30889,1.53552,1.13753,-0.541919
-2.32228,1.54965,1.14211,-0.592746
-2.33567,1.56379,1.14668,-0.643573
-2.34906,1.57792,1.15126,-0.6944
-2.36245,1.59205,1.15584,-0.745227
-2.37584,1.60619,1.16042,-0.796054
-2.38923,1.62032,1.16499,-0.846881
-2.40262,1.63446,1.16957,-0.897708
-2.41601,1.64859,1.17415,-0.948535
-2.4294,1.66272,1.17873,-0.999362
-2.44279,1.67686,1.1833,-1.05019
-2.45618,1.69099,1.18788,-1.10102
-2.46957,1.70512,1.19246,-1.15184
-2.48296,1.71926,1.19704,-1.20267
-2.49635,1.73339,1.20161,-1.2535
-2.50974,1.74752,1.20619,-1.30432
-2.52313,1.76166,1.21077,-1.35515
-2.53652,1.77579,1.21534,-1.40598
-2.54991,1.78992,1.21992,-1.4568
-2.5633,1.80406,1.2245,-1.50763
-2.57669,1.81819,1.22908,-1.55846
-2.59008,1.83232,1.23365,-1.60929
-2.60347,1.84646,1.23823,-1.66011
-2.61686,1.86059,1.24281,-1.71094
-2.63025,1.87472,1.24739,-1.76177
-2.64364,1.88886,1.25196,-1.81259
-2.65703,1.90299,1.25654,-1.86342
-2.67043,1.91712,1.26112,-1.91425
-2.68382,1.93126,1.2657,-1.96507
-2.69721,1.94539,1.27027,-2.0159
-2.7106,1.95952,1.27485,-2.06673
-2.72399,1.97366,1.27943,-2.11755
-2.73738,1.98779,1.28401,-2.16838
-2.75077,2.00192,1.28858,-2.21921
-2.76416,2.01606,1.29316,-2.27004
-2.77755,2.03019,1.29774,-2.32086
-2.79094,2.04432,1.30232,-2.37169
-2.80433,2.05846,1.30689,-2.42252
-2.81772,2.07259,1.31147,-2.47334
-2.83111,2.08672,1.31605,-2.52417
-2.8445,2.10086,1.32062,-2.575
-2.85789,2.11499,1.3252,-2.62582
-2.87128,2.12912,1.32978,-2.67665
-2.88467,2.14326,1.33436,-2.72748
-2.89806,2.15739,1.33893,-2.77831
-2.91145,2.17152,1.34351,-2.82913
-2.92484,2.18566,1.34809,-2.87996
-2.93823,2.19979,1.35267,-2.93079
-2.95162,2.21392,1.35724,-2.98161
-2.96501,2.22806,1.36182,-3.03244
-2.97451,2.21963,1.37727,-3.0912
-2.98402,2.21121,1.39272,3.13322
-2.99353,2.20278,1.40816,3.07446
-3.00303,2.19435,1.42361,3.0157
-3.01254,2.18593,1.43906,2.95694
-3.02205,2.1775,1.45451,2.89818
-3.03155,2.16907,1.46995,2.83942
-3.04106,2.16065,1.4854,2.78066
-3.05056,2.15222,1.50085,2.7219
-3.06007,2.1438,1.5163,2.66314
-3.06958,2.13537,1.53174,2.60438
-3.07908,2.12694,1.54719,2.54562
-3.08859,2.11852,1.56264,2.48685
-3.0981,2.11009,1.57809,2.42809
-3.1076,2.10166,1.59353,2.36933
-3.11711,2.09324,1.60898,2.31057
-3.12662,2.08481,1.62443,2.25181
-3.13612,2.07639,1.63988,2.19305
-3.14563,2.06796,1.65532,2.13429
-3.15514,2.05953,1.67077,2.07553
-3.16464,2.05111,1.68622,2.01677
-3.17415,2.04268,1.70167,1.95801
-3.18366,2.03425,1.71711,1.89925
-3.19316,2.02583,1.73256,1.84049
-3.20267,2.0174,1.74801,1.78173
-3.21217,2.00898,1.76346,1.72296
-3.22168,2.00055,1.7789,1.6642
-3.23119,1.99212,1.79435,1.60544
-3.24069,1.9837,1.8098,1.54668
-3.2502,1.97527,1.82525,1.48792
-3.25971,1.96685,1.84069,1.42916
-3.26921,1.95842,1.85614,1.3704
-3.27872,1.94999,1.87159