-3.88685e-11,1.15919e-11,0.13,-9.78104e-18
-3.88685e-11,1.15919e-11,0.13,-1.23036e-17
-2.76773e-11,2.48133e-11,0.13,-1.50309e-17
-3.88685e-11,1.15919e-11,0.13,-1.71984e-17
-2.76773e-11,2.48133e-11,0.13,-1.99202e-17
-3.88685e-11,1.15919e-11,0.13,-2.20865e-17
-2.76773e-11,2.48133e-11,0.13,-2.47805e-17
-3.88685e-11,1.15919e-11,0.13,-2.69809e-17
-2.76773e-11,2.48133e-11,0.13,-2.96686e-17
-3.88685e-11,1.15919e-11,0.13,-3.18547e-17
-2.76773e-11,2.48133e-11,0.13,-3.45099e-17
-3.88685e-11,1.15919e-11,0.13,-3.66886e-17
-2.76773e-11,2.48133e-11,0.13,-3.93338e-17
-3.88685e-11,1.15919e-11,0.13,-4.15152e-17
-2.76773e-11,2.48133e-11,0.13,-4.42045e-17
-3.88685e-11,1.15919e-11,0.13,-4.64049e-17
-2.76773e-11,2.48133e-11,0.13,-4.90637e-17
-3.88686e-11,1.15919e-11,0.13,-5.12411e-17
-2.76773e-11,2.48133e-11,0.13,-5.33366e-17
0.00386753,6.98048e-07,0.179158,-2.86208e-07
0.0583703,4.41677e-05,0.37533,7.10491e-06
0.0839937,0.000100704,0.459623,9.61709e-06
0.117135,0.000261652,0.611907,-6.42685e-05
0.12622,-0.000116062,0.708887,-0.0144598
0.126274,-0.00258755,0.765798,-0.0426668
0.123228,-0.0077075,0.806883,-0.0883418
0.121499,-0.013051,0.822648,-0.131195
0.121747,-0.019084,0.828209,-0.185425
0.123036,-0.0282686,0.826936,-0.252568
0.123419,-0.0359724,0.823741,-0.305862
0.122893,-0.0451701,0.818596,-0.373479
0.121112,-0.0556024,0.814234,-0.467704
0.118405,-0.0648527,0.811811,-0.542326
0.113517,-0.0746958,0.809587,-0.622444
0.109855,-0.0800809,0.808376,-0.670493
0.10378,-0.0874326,0.807871,-0.749063
0.0960017,-0.0964161,0.807967,-0.844328
0.086545,-0.105158,0.807618,-0.935707
0.072041,-0.114743,0.807719,-1.06675
0.0717201,-0.114936,0.80776,-1.06993
0.0582532,-0.122884,0.808316,-1.18588
0.0429081,-0.128871,0.807718,-1.29919
0.0425119,-0.128984,0.807689,-1.3021
0.0279224,-0.132537,0.808435,-1.42228
0.00162971,-0.135874,0.807722,-1.60986
0.00121337,-0.135865,0.807691,-1.61279
-0.0221944,-0.133966,0.808382,-1.79522
-0.0462207,-0.12739,0.8075,-1.97132
-0.0465599,-0.127248,0.807545,-1.97427
-0.046897,-0.127107,0.807589,-1.97724
-0.0472326,-0.126965,0.807634,-1.98024
-0.0703861,-0.116392,0.808243,-2.1699
-0.0707909,-0.116148,0.808227,-2.17311
-0.071193,-0.115903,0.80821,-2.17631
-0.0964442,-0.0955422,0.808376,-2.41973
-0.0967877,-0.0952255,0.808375,-2.42305
-0.09713,-0.0949066,0.808374,-2.42637
-0.116757,-0.0684273,0.808337,-2.67087
-0.116978,-0.0680719,0.808354,-2.67418
-0.117202,-0.067713,0.80837,-2.6775
-0.141555,-0.0463704,0.812208,-2.97355
-0.143232,-0.04827,0.81242,-2.97706
-0.145073,-0.0503618,0.812603,-2.98039
-0.500239,-0.371812,0.794776,-3.08646
-0.504183,-0.375478,0.794816,-3.08747
-0.508048,-0.379083,0.794862,-3.08846
-0.511835,-0.382627,0.794915,-3.08944
-0.630595,-0.50197,0.803425,-3.13578
-0.630775,-0.502128,0.803487,-3.13607
-0.632874,-0.501056,0.804804,3.13686
-0.632866,-0.500997,0.804798,3.13679
-0.632857,-0.500939,0.80479,3.13671
-0.632849,-0.500882,0.804783,3.13664
-0.632927,-0.499352,0.80352,3.13604
-0.632932,-0.499355,0.803508,3.13607
-0.632936,-0.499359,0.803496,3.1361
-0.633134,-0.499674,0.802919,3.13915
-0.633134,-0.499676,0.802917,3.13918
-0.633135,-0.499678,0.802915,3.1392
-0.633135,-0.49968,0.802913,3.13923
-0.734785,-0.498677,0.840649,-3.10463
-0.737155,-0.498683,0.841285,-3.10332
-0.739526,-0.498689,0.841922,-3.10198
-0.741898,-0.498695,0.84256,-3.10061
-0.744271,-0.498702,0.843199,-3.09922
-0.746644,-0.498708,0.843838,-3.0978
-0.940969,-0.494717,0.899096,-2.86769
-0.942821,-0.494661,0.89961,-2.86428
-0.94467,-0.494607,0.90012,-2.86086
-0.946515,-0.494553,0.900627,-2.85742
-1.0889,-0.494988,0.937612,-2.53352
-1.09052,-0.495039,0.938027,-2.5292
-1.09215,-0.49509,0.938441,-2.52487
-1.21798,-0.49592,0.972907,-2.14488
-1.21937,-0.495862,0.973317,-2.14023
-1.22076,-0.495802,0.973729,-2.13557
-1.22215,-0.495739,0.974142,-2.13091
-1.32807,-0.482714,1.00721,-1.75691
-1.32936,-0.482443,1.00764,-1.75213
-1.33065,-0.482168,1.00806,-1.74735
-1.48413,-0.422959,1.05786,-1.13033
-1.48468,-0.422551,1.05803,-1.12663
-1.48521,-0.422146,1.05819,-1.12296
-1.48572,-0.421744,1.05835,-1.11932
-1.48622,-0.421346,1.05851,-1.11569
-1.4867,-0.42095,1.05866,-1.11209
-1.48678,-0.389244,1.0634,-0.844965
-1.48681,-0.388935,1.06342,-0.843995
-1.48686,-0.388613,1.06344,-0.84305
-1.48691,-0.388276,1.06346,-0.842131
-1.48697,-0.387926,1.06348,-0.841238
-1.50084,-0.350946,1.06207,-0.829711
-1.50132,-0.349723,1.06198,-0.830126
-1.5371,-0.250484,1.05067,-0.908053
-1.53771,-0.248769,1.05042,-0.909983
-1.57151,-0.160348,1.03665,-1.02925
-1.57223,-0.158615,1.03636,-1.03194
-1.60473,-0.0837671,1.024,-1.15669
-1.60553,-0.0820079,1.02372,-1.15977
-1.64117,-0.00530123,1.01146,-1.2975
-1.64202,-0.00349329,1.01118,-1.3008
-1.69904,0.115928,0.993255,-1.52029
-1.69993,0.117797,0.992984,-1.52371
-1.70083,0.119668,0.992713,-1.52714
-1.74788,0.219059,0.978582,-1.70572
-1.74879,0.221007,0.978309,-1.70916
-1.80314,0.341111,0.962105,-1.91545
-1.80404,0.343184,0.961839,-1.91889
-1.85795,0.474032,0.945916,-2.13042
-1.85865,0.475858,0.945699,-2.1335
-1.85935,0.477665,0.945484,-2.13655
-1.91416,0.591963,0.939332,-2.38632
-1.91464,0.592939,0.939595,-2.38623
-1.91513,0.593928,0.939862,-2.38612
-1.91563,0.59493,0.940133,-2.38598
-1.91613,0.595946,0.940409,-2.3858
-1.91664,0.596975,0.94069,-2.38559
-1.96978,0.698044,0.971818,-2.28663
-1.97054,0.699496,0.972308,-2.28438
-1.97129,0.700949,0.972799,-2.2821
-2.04542,0.870219,1.03213,-1.92353
-2.04596,0.87172,1.03265,-1.91986
-2.04649,0.873221,1.03316,-1.91619
-2.04702,0.874723,1.03368,-1.91251
-2.04755,0.876226,1.03419,-1.90883
-2.09145,1.02062,1.08156,-1.55443
-2.0919,1.02229,1.08208,-1.55048
-2.09235,1.02396,1.08259,-1.54652
-2.0928,1.02564,1.0831,-1.54257
-2.12009,1.13246,1.11469,-1.29641
-2.12053,1.13423,1.11519,-1.29244
-2.14381,1.22946,1.14163,-1.08585
-2.14428,1.23135,1.14215,-1.08187
-2.16848,1.32513,1.16587,-0.891662
-2.16896,1.32689,1.16626,-0.888035
-2.18407,1.39804,1.17953,-0.707479
-2.1841,1.39872,1.17962,-0.705036
-2.18412,1.39939,1.17971,-0.702614
-2.18288,1.42665,1.18555,-0.598407
-2.18306,1.42719,1.18576,-0.597441
-2.266,1.51352,1.21864,-0.669247
-2.26741,1.51468,1.21908,-0.671658
-2.26883,1.51583,1.21952,-0.674098
-2.27025,1.51698,1.21997,-0.676569
-2.39591,1.6039,1.25531,-0.945605
-2.39764,1.60496,1.25576,-0.949731
-2.39938,1.60602,1.25622,-0.953871
-2.55149,1.69803,1.29343,-1.32739
-2.55344,1.69925,1.29389,-1.33224
-2.55539,1.70047,1.29435,-1.33709
-2.67469,1.77895,1.32163,-1.63453
-2.67671,1.78036,1.32209,-1.63958
-2.67873,1.78177,1.32254,-1.64462
-2.78836,1.86363,1.34714,-1.91879
-2.79037,1.86525,1.34759,-1.92388
-2.95028,2.00776,1.3847,-2.34224
-2.95215,2.00963,1.38515,-2.34733
-2.95402,2.0115,1.3856,-2.35241
-3.02497,2.08886,1.402,-2.5589
-3.02623,2.09042,1.4023,-2.56331
-3.07009,2.15254,1.41249,-2.78513
-3.07041,2.15309,1.41255,-2.78796
-3.07072,2.15364,1.41261,-2.79077
-3.10638,2.18335,1.4456,-3.02219
-3.10716,2.18344,1.4465,-3.02506
-3.10796,2.18352,1.44741,-3.02795
-3.10876,2.1836,1.44833,-3.03085
-3.17573,2.17772,1.54023,2.99357
-3.17663,2.17753,1.54172,2.98942
-3.17754,2.17734,1.54321,2.98525
-3.24386,2.15847,1.67965,2.57554
-3.24446,2.15824,1.68122,2.57041
-3.24507,2.158,1.68279,2.56527
-3.27396,2.14223,1.77581,2.25065
-3.27435,2.14191,1.77738,2.24516
-3.27473,2.14158,1.77895,2.23967
-3.28935,2.12287,1.85223,1.97757
-3.28959,2.12239,1.85374,1.97197
-3.28112,2.07765,1.94369,1.44255
-3.28082,2.0775,1.94381,1.43972
-3.28051,2.07734,1.94393,1.43692
-3.28021,2.07719,1.94404,1.43414
-3.26691,2.06405,1.94433,1.28482
-3.26701,2.06355,1.94416,1.28298
-3.26713,2.06303,1.94397,1.28114
-3.31673,1.97453,1.90215,1.12736
-3.31762,1.97315,1.9014,1.12542
-3.31851,1.97177,1.90064,1.12347
-3.3194,1.97038,1.89987,1.12152
-3.39384,1.85351,1.83155,0.953746
-3.39478,1.852,1.83066,0.951516
-3.39572,1.85049,1.82977,0.949283
-3.48273,1.7098,1.74897,0.735895
-3.48371,1.70821,1.74809,0.733467
-3.4847,1.70662,1.74722,0.731039
-3.48568,1.70503,1.74635,0.72861
-3.5593,1.58659,1.68273,0.546547
-3.56031,1.58496,1.68188,0.54406
-3.56133,1.58333,1.68103,0.541571
-3.62739,1.4794,1.62719,0.384176
-3.62846,1.47775,1.62634,0.38168
-3.68115,1.39663,1.5848,0.259558
-3.68224,1.39498,1.58399,0.257112
-3.73968,1.24623,1.53044,-0.0181564
-3.73918,1.24497,1.53047,-0.0199121