-0.370926,-0.433575,0.807751,0.422817
-0.375477,-0.414905,0.813293,0.419452
-0.380027,-0.396234,0.818834,0.416086
-0.384578,-0.377564,0.824376,0.41272
-0.389129,-0.358894,0.829917,0.409354
-0.39368,-0.340224,0.835459,0.405988
-0.398231,-0.321553,0.841,0.402622
-0.402782,-0.302883,0.846542,0.399256
-0.407333,-0.284213,0.852083,0.395891
-0.411884,-0.265542,0.857625,0.392525
-0.416435,-0.246872,0.863166,0.389159
-0.420985,-0.228202,0.868708,0.385793
-0.425536,-0.209531,0.874249,0.382427
-0.430087,-0.190861,0.879791,0.379061
-0.434638,-0.172191,0.885332,0.375695
-0.439189,-0.15352,0.890874,0.37233
-0.44374,-0.13485,0.896415,0.368964
-0.448291,-0.11618,0.901957,0.365598
-0.452842,-0.0975093,0.907499,0.362232
-0.457392,-0.078839,0.91304,0.358866
-0.461943,-0.0601687,0.918582,0.3555
-0.466494,-0.0414983,0.924123,0.352134
-0.471045,-0.022828,0.929665,0.348769
-0.475596,-0.0041577,0.935206,0.345403
-0.480147,0.0145126,0.940748,0.342037
-0.484698,0.033183,0.946289,0.338671
-0.489249,0.0518533,0.951831,0.335305
-0.4938,0.0705236,0.957372,0.331939
-0.49835,0.0891939,0.962914,0.328573
-0.502901,0.107864,0.968455,0.325208
-0.507452,0.126535,0.973997,0.321842
-0.512003,0.145205,0.979538,0.318476
-0.516554,0.163875,0.98508,0.31511
-0.521105,0.182546,0.990621,0.311744
-0.525656,0.201216,0.996163,0.308378
-0.530207,0.219886,1.0017,0.305013
-0.534757,0.238557,1.00725,0.301647
-0.539308,0.257227,1.01279,0.298281
-0.543859,0.275897,1.01833,0.294915
-0.54841,0.294567,1.02387,0.291549
-0.552961,0.313238,1.02941,0.288183
-0.557512,0.331908,1.03495,0.284817
-0.562063,0.350578,1.0405,0.281452
-0.566614,0.369249,1.04604,0.278086
-0.571164,0.387919,1.05158,0.27472
-0.575715,0.406589,1.05712,0.271354
-0.580266,0.42526,1.06266,0.267988
-0.584817,0.44393,1.0682,0.264622
-0.589368,0.4626,1.07374,0.261256
-0.593919,0.481271,1.07929,0.257891
-0.59847,0.499941,1.08483,0.254525
-0.603021,0.518611,1.09037,0.251159
-0.607572,0.537282,1.09591,0.247793
-0.612122,0.555952,1.10145,0.244427
-0.616673,0.574622,1.10699,0.241061
-0.621224,0.593293,1.11254,0.237695
-0.625775,0.611963,1.11808,0.23433
-0.630326,0.630633,1.12362,0.230964
-0.634877,0.649304,1.12916,0.227598
-0.639428,0.667974,1.1347,0.224232
-0.643979,0.686644,1.14024,0.220866
-0.648529,0.705315,1.14578,0.2175
-0.65308,0.723985,1.15133,0.214134
-0.657631,0.742655,1.15687,0.210769
-0.662182,0.761326,1.16241,0.207403
-0.666733,0.779996,1.16795,0.204037
-0.671284,0.798666,1.17349,0.200671
-0.675835,0.817337,1.17903,0.197305
-0.680386,0.836007,1.18457,0.193939
-0.684937,0.854677,1.19012,0.190573
-0.689487,0.873347,1.19566,0.187208
-0.694038,0.892018,1.2012,0.183842
-0.698589,0.910688,1.20674,0.180476
-0.70314,0.929358,1.21228,0.17711
-0.707691,0.948029,1.21782,0.173744
-0.712242,0.966699,1.22337,0.170378
-0.716793,0.985369,1.22891,0.167012
-0.721344,1.00404,1.23445,0.163647
-0.725894,1.02271,1.23999,0.160281
-0.730445,1.04138,1.24553,0.156915
-0.734996,1.06005,1.25107,0.153549
-0.739547,1.07872,1.25661,0.150183
-0.744098,1.09739,1.26216,0.146817
-0.748649,1.11606,1.2677,0.143451
-0.7532,1.13473,1.27324,0.140086
-0.757751,1.1534,1.27878,0.13672
-0.762302,1.17207,1.28432,0.133354
-0.766852,1.19074,1.28986,0.129988
-0.771403,1.20941,1.29541,0.126622
-0.775954,1.22808,1.30095,0.123256
-0.780505,1.24675,1.30649,0.11989
-0.785056,1.26542,1.31203,0.116525
-0.789607,1.28409,1.31757,0.113159
-0.794158,1.30276,1.32311,0.109793
-0.798709,1.32144,1.32865,0.106427
-0.803259,1.34011,1.3342,0.103061
-0.80781,1.35878,1.33974,0.0996953
-0.812361,1.37745,1.34528,0.0963295
-0.816912,1.39612,1.35082,0.0929636
-0.821463,1.41479,1.35636,0.0895978
-0.826014,1.43346,1.3619,0.0862319
-0.830565,1.45213,1.36745,0.0828661
-0.835116,1.4708,1.37299,0.0795002
-0.839666,1.48947,1.37853,0.0761344
-0.844217,1.50814,1.38407,0.0727685
-0.848768,1.52681,1.38961,0.0694026
-0.853319,1.54548,1.39515,0.0660368
-0.85787,1.56415,1.40069,0.0626709
-0.862421,1.58282,1.40624,0.0593051
-0.866972,1.60149,1.41178,0.0559392
-0.871523,1.62016,1.41732,0.0525734
-0.876074,1.63883,1.42286,0.0492075
-0.880624,1.6575,1.4284,0.0458417
-0.885175,1.67617,1.43394,0.0424758
-0.889726,1.69484,1.43949,0.03911
-0.894277,1.71351,1.44503,0.0357441
-0.898828,1.73218,1.45057,0.0323782
-0.903379,1.75085,1.45611,0.0290124
-0.90793,1.76952,1.46165,0.0256465
-0.912481,1.78819,1.46719,0.0222807
-0.917031,1.80686,1.47273,0.0189148
-0.921582,1.82553,1.47828,0.015549
-0.926133,1.8442,1.48382,0.0121831
-0.930684,1.86287,1.48936,0.00881725
-0.935235,1.88154,1.4949,0.0054514
-0.939786,1.90022,1.50044,0.00208554
-0.811275,1.96849,1.55817,0.436687
-0.824036,1.95917,1.57043,0.427312
-0.836796,1.94984,1.58269,0.417936
-0.849557,1.94052,1.59494,0.408561
-0.862318,1.9312,1.6072,0.399185
-0.875079,1.92187,1.61946,0.38981
-0.88784,1.91255,1.63172,0.380434
-0.9006,1.90323,1.64397,0.371059
-0.913361,1.89391,1.65623,0.361683
-0.926122,1.88458,1.66849,0.352308
-0.938883,1.87526,1.68074,0.342932
-0.951643,1.86594,1.693,0.333556
-0.964404,1.85661,1.70526,0.324181
-0.977165,1.84729,1.71752,0.314805
-0.989926,1.83797,1.72977,0.30543
-1.00269,1.82864,1.74203,0.296054
-1.01545,1.81932,1.75429,0.286679
-1.02821,1.81,1.76655,0.277303
-1.04097,1.80067,1.7788,0.267928
-1.05373,1.79135,1.79106,0.258552
-1.06649,1.78203,1.80332,0.249177
-1.07925,1.77271,1.81558,0.239801
-1.09201,1.76338,1.82783,0.230426
-1.10477,1.75406,1.84009,0.22105
-1.11753,1.74474,1.85235,0.211675
-1.13029,1.73541,1.8646,0.202299
-1.14305,1.72609,1.87686,0.192923
-1.15582,1.71677,1.88912,0.183548
-1.16858,1.70744,1.90138,0.174172
-1.18134,1.69812,1.91363,0.164797
-1.1941,1.6888,1.92589,0.155421
-1.20686,1.67947,1.93815,0.146046
-1.21962,1.67015,1.95041,0.13667
-1.23238,1.66083,1.96266,0.127295
-1.24514,1.6515,1.97492,0.117919
-1.2579,1.64218,1.98718,0.108544
-1.27066,1.63286,1.99944,0.0991681
-1.28342,1.62354,2.01169,0.0897926
-1.29618,1.61421,2.02395,0.080417
-1.30894,1.60489,2.03621,0.0710415
-1.32171,1.59557,2.04847,0.061666
-1.33447,1.58624,2.06072,0.0522904
-1.34723,1.57692,2.07298,0.0429149
-1.35999,1.5676,2.08524,0.0335393
-1.37275,1.55827,2.09749,0.0241638
-1.38551,1.54895,2.10975,0.0147883
-1.39827,1.53963,2.12201,0.00541274
-1.26943,1.60704,2.17989,0.431251
-1.28361,1.5972,2.18999,0.414507
-1.2978,1.58736,2.20009,0.397763
-1.31198,1.57751,2.21018,0.381019
-1.32616,1.56767,2.22028,0.364275
-1.34035,1.55782,2.23038,0.34753
-1.35453,1.54798,2.24047,0.330786
-1.36871,1.53814,2.25057,0.314042
-1.38289,1.52829,2.26067,0.297298
-1.39708,1.51845,2.27077,0.280554
-1.41126,1.50861,2.28086,0.263809
-1.42544,1.49876,2.29096,0.247065
-1.43963,1.48892,2.30106,0.230321
-1.45381,1.47908,2.31115,0.213577
-1.46799,1.46923,2.32125,0.196833
-1.48217,1.45939,2.33135,0.180089
-1.49636,1.44955,2.34145,0.163344
-1.51054,1.4397,2.35154,0.1466
-1.52472,1.42986,2.36164,0.129856
-1.53891,1.42002,2.37174,0.113112
-1.55309,1.41017,2.38183,0.0963676
-1.56727,1.40033,2.39193,0.0796234
-1.58145,1.39049,2.40203,0.0628792
-1.59564,1.38064,2.41213,0.046135
-1.60982,1.3708,2.42222,0.0293908
-1.624,1.36096,2.43232,0.0126466
-1.49612,1.43196,2.49031,0.460084
-1.50927,1.4469,2.48834,0.45654
-1.52242,1.46183,2.48636,0.452997
-1.53557,1.47677,2.48439,0.449453
-1.54872,1.49171,2.48242,0.44591
-1.56187,1.50665,2.48044,0.442366
-1.57502,1.52159,2.47847,0.438823
-1.58818,1.53653,2.47649,0.435279
-1.60133,1.55146,2.47452,0.431736
-1.61448,1.5664,2.47255,0.428192
-1.62763,1.58134,2.47057,0.424649
-1.64078,1.59628,2.4686,0.421105
-1.65393,1.61122,2.46663,0.417562
-1.66708,1.62616,2.46465,0.414018
-1.68023,1.64109,2.46268,0.410475
-1.69338,1.65603,2.4607,0.406931
-1.70653,1.67097,2.45873,0.403388
-1.71968,1.68591,2.45676,0.399844
-1.73284,1.70085,2.45478,0.396301
-1.74599,1.71579,2.45281,0.392757
-1.75914,1.73073,2.45084,0.389214
-1.77229,1.74566,2.44886,0.38567
-1.78544,1.7606,2.44689,0.382127
-1.79859,1.77554,2.44491,0.378583
-1.81174,1.79048,2.44294,0.37504
-1.82489,1.80542,2.44097,0.371496
-1.83804,1.82036,2.43899,0.367952
-1.85119,1.83529,2.43702,0.364409
-1.86435,1.85023,2.43505,0.360865
-1.8775,1.86517,2.43307,0.357322
-1.89065,1.88011,2.4311,0.353778
-1.9038,1.89505,2.42912,0.350235
-1.91695,1.90999,2.42715,0.346691
-1.9301,1.92492,2.42518,0.343148
-1.94325,1.93986,2.4232,0.339604
-1.9564,1.9548,2.42123,0.336061
-1.96955,1.96974,2.41926,0.332517
-1.9827,1.98468,2.41728,0.328974
-1.99586,1.99962,2.41531,0.32543
-2.00901,2.01456,2.41334,0.321887
-2.02216,2.02949,2.41136,0.318343
-2.03531,2.04443,2.40939,0.3148
-2.04846,2.05937,2.40741,0.311256
-2.06161,2.07431,2.40544,0.307713
-2.07476,2.08925,2.40347,0.304169
-2.08791,2.10419,2.40149,0.300626
-2.10106,2.11912,2.39952,0.297082
-2.11421,2.13406,2.39755,0.293539
-2.12736,2.149,2.39557,0.289995
-2.14052,2.16394,2.3936,0.286452
-2.15367,2.17888,2.39162,0.282908
-2.16682,2.19382,2.38965,0.279364
-2.17997,2.20875,2.38768,0.275821
-2.19312,2.22369,2.3857,0.272277
-2.20627,2.23863,2.38373,0.268734
-2.21942,2.25357,2.38176,0.26519
-2.23257,2.26851,2.37978,0.261647
-2.24572,2.28345,2.37781,0.258103
-2.25887,2.29839,2.37583,0.25456
-2.27203,2.31332,2.37386,0.251016
-2.28518,2.32826,2.37189,0.247473
-2.29833,2.3432,2.36991,0.243929
-2.31148,2.35814,2.36794,0.240386
-2.32463,2.37308,2.36597,0.236842
-2.33778,2.38802,2.36399,0.233299
-2.35093,2.40295,2.36202,0.229755
-2.36408,2.41789,2.36004,0.226212
-2.37723,2.43283,2.35807,0.222668
-2.39038,2.44777,2.3561,0.219125
-2.40353,2.46271,2.35412,0.215581
-2.41669,2.47765,2.35215,0.212038
-2.42984,2.49258,2.35018,0.208494
-2.44299,2.50752,2.3482,0.204951
-2.45614,2.52246,2.34623,0.201407
-2.46929,2.5374,2.34425,0.197864
-2.48244,2.55234,2.34228,0.19432
-2.49559,2.56728,2.34031,0.190776
-2.50874,2.58222,2.33833,0.187233
-2.52189,2.59715,2.33636,0.183689
-2.53504,2.61209,2.33439,0.180146
-2.5482,2.62703,2.33241,0.176602
-2.56135,2.64197,2.33044,0.173059
-2.5745,2.65691,2.32846,0.169515
-2.58765,2.67185,2.32649,0.165972
-2.6008,2.68678,2.32452,0.162428
-2.61395,2.70172,2.32254,0.158885
-2.6271,2.71666,2.32057,0.155341
-2.64025,2.7316,2.3186,0.151798
-2.6534,2.74654,2.31662,0.148254
-2.66655,2.76148,2.31465,0.144711
-2.67971,2.77642,2.31267,0.141167
-2.69286,2.79135,2.3107,0.137624
-2.70601,2.80629,2.30873,0.13408
-2.71916,2.82123,2.30675,0.130537
-2.73231,2.83617,2.30478,0.126993
-2.74546,2.85111,2.30281,0.12345
-2.75861,2.86605,2.30083,0.119906
-2.77176,2.88098,2.29886,0.116363
-2.78491,2.89592,2.29688,0.112819
-2.79806,2.91086,2.29491,0.109276
-2.81121,2.9258,2.29294,0.105732
-2.82437,2.94074,2.29096,0.102188
-2.83752,2.95568,2.28899,0.0986449
-2.85067,2.97061,2.28702,0.0951014
-2.86382,2.98555,2.28504,0.0915579
-2.87697,3.00049,2.28307,0.0880144
-2.89012,3.01543,2.28109,0.0844709
-2.90327,3.03037,2.27912,0.0809273
-2.91642,3.04531,2.27715,0.0773838
-2.92957,3.06025,2.27517,0.0738403
-2.94272,3.07518,2.2732,0.0702968
-2.95588,3.09012,2.27123,0.0667533
-2.96903,3.10506,2.26925,0.0632097
-2.98218,3.12,2.26728,0.0596662
-2.99533,3.13494,2.2653,0.0561227
-3.00848,3.14988,2.26333,0.0525792
-3.02163,3.16481,2.26136,0.0490357
-3.03478,3.17975,2.25938,0.0454921
-3.04793,3.19469,2.25741,0.0419486
-3.06108,3.20963,2.25544,0.0384051
-3.07423,3.22457,2.25346,0.0348616
-3.08738,3.23951,2.25149,0.0313181
-3.10054,3.25444,2.24951,0.0277745
-3.11369,3.26938,2.24754,0.024231
-3.12684,3.28432,2.24557,0.0206875
-3.13999,3.29926,2.24359,0.017144
-3.15314,3.3142,2.24162,0.0136005
-3.16629,3.32914,2.23965,0.0100569
-3.17944,3.34408,2.23767,0.00651342
-3.19259,3.35901,2.2357,0.0029699
-3.05981,3.4007,2.29124,0.215982
-3.04517,3.41431,2.29056,0.214273
-3.03053,3.42792,2.28988,0.212563
-3.01589,3.44153,2.28921,0.210854
-3.00125,3.45514,2.28853,0.209145
-2.98661,3.46875,2.28785,0.207436
-2.97197,3.48235,2.28717,0.205726
-2.95733,3.49596,2.2865,0.204017
-2.94269,3.50957,2.28582,0.202308
-2.92805,3.52318,2.28514,0.200598
-2.91341,3.53679,2.28446,0.198889
-2.89877,3.5504,2.28379,0.19718
-2.88413,3.56401,2.28311,0.195471
-2.86949,3.57762,2.28243,0.193761
-2.85485,3.59123,2.28175,0.192052
-2.84021,3.60484,2.28108,0.190343
-2.82557,3.61845,2.2804,0.188634
-2.81093,3.63206,2.27972,0.186924
-2.79629,3.64566,2.27904,0.185215
-2.78165,3.65927,2.27836,0.183506
-2.76701,3.67288,2.27769,0.181797
-2.75237,3.68649,2.27701,0.180087
-2.73773,3.7001,2.27633,0.178378
-2.72309,3.71371,2.27565,0.176669
-2.70845,3.72732,2.27498,0.174959
-2.69381,3.74093,2.2743,0.17325
-2.67917,3.75454,2.27362,0.171541
-2.66453,3.76815,2.27294,0.169832
-2.64989,3.78176,2.27227,0.168122
-2.63525,3.79537,2.27159,0.166413
-2.62061,3.80898,2.27091,0.164704
-2.60597,3.82258,2.27023,0.162995
-2.59133,3.83619,2.26956,0.161285
-2.57669,3.8498,2.26888,0.159576
-2.56205,3.86341,2.2682,0.157867
-2.54741,3.87702,2.26752,0.156158
-2.53277,3.89063,2.26685,0.154448
-2.51813,3.90424,2.26617,0.152739
-2.50349,3.91785,2.26549,0.15103
-2.48885,3.93146,2.26481,0.14932
-2.47421,3.94507,2.26414,0.147611
-2.45957,3.95868,2.26346,0.145902
-2.44493,3.97229,2.26278,0.144193
-2.43029,3.98589,2.2621,0.142483
-2.41565,3.9995,2.26143,0.140774
-2.40101,4.01311,2.26075,0.139065
-2.38637,4.02672,2.26007,0.137356
-2.37173,4.04033,2.25939,0.135646
-2.35709,4.05394,2.25871,0.133937
-2.34245,4.06755,2.25804,0.132228
-2.32781,4.08116,2.25736,0.130519
-2.31317,4.09477,2.25668,0.128809
-2.29853,4.10838,2.256,0.1271
-2.28389,4.12199,2.25533,0.125391
-2.26925,4.1356,2.25465,0.123681
-2.25461,4.14921,2.25397,0.121972
-2.23997,4.16281,2.25329,0.120263
-2.22533,4.17642,2.25262,0.118554
-2.21069,4.19003,2.25194,0.116844
-2.19605,4.20364,2.25126,0.115135
-2.18141,4.21725,2.25058,0.113426
-2.16677,4.23086,2.24991,0.111717
-2.15213,4.24447,2.24923,0.110007
-2.13749,4.25808,2.24855,0.108298
-2.12285,4.27169,2.24787,0.106589
-2.10821,4.2853,2.2472,0.10488
-2.09357,4.29891,2.24652,0.10317
-2.07893,4.31252,2.24584,0.101461
-2.06429,4.32613,2.24516,0.0997517
-2.04965,4.33973,2.24449,0.0980424
-2.03501,4.35334,2.24381,0.0963332
-2.02037,4.36695,2.24313,0.0946239
-2.00573,4.38056,2.24245,0.0929146
-1.99109,4.39417,2.24178,0.0912054
-1.97645,4.40778,2.2411,0.0894961
-1.96181,4.42139,2.24042,0.0877868
-1.94717,4.435,2.23974,0.0860776
-1.93253,4.44861,2.23906,0.0843683
-1.91789,4.46222,2.23839,0.082659
-1.90325,4.47583,2.23771,0.0809498
-1.88861,4.48944,2.23703,0.0792405
-1.87397,4.50304,2.23635,0.0775312
-1.85933,4.51665,2.23568,0.075822
-1.84469,4.53026,2.235,0.0741127
-1.83005,4.54387,2.23432,0.0724034
-1.81541,4.55748,2.23364,0.0706942
-1.80077,4.57109,2.23297,0.0689849
-1.78613,4.5847,2.23229,0.0672756
-1.77149,4.59831,2.23161,0.0655664
-1.75685,4.61192,2.23093,0.0638571
-1.74221,4.62553,2.23026,0.0621478
-1.72757,4.63914,2.22958,0.0604386
-1.71293,4.65275,2.2289,0.0587293
-1.69829,4.66636,2.22822,0.05702
-1.68365,4.67996,2.22755,0.0553108
-1.66901,4.69357,2.22687,0.0536015
-1.65437,4.70718,2.22619,0.0518922
-1.63973,4.72079,2.22551,0.050183
-1.62509,4.7344,2.22484,0.0484737
-1.61045,4.74801,2.22416,0.0467644
-1.59581,4.76162,2.22348,0.0450552
-1.58117,4.77523,2.2228,0.0433459
-1.56653,4.78884,2.22212,0.0416366
-1.55189,4.80245,2.22145,0.0399274
-1.53725,4.81606,2.22077,0.0382181
-1.52261,4.82967,2.22009,0.0365088
-1.50797,4.84327,2.21941,0.0347996
-1.49333,4.85688,2.21874,0.0330903
-1.47869,4.87049,2.21806,0.031381
-1.46405,4.8841,2.21738,0.0296718
-1.44941,4.89771,2.2167,0.0279625
-1.43477,4.91132,2.21603,0.0262532
-1.42013,4.92493,2.21535,0.0245439
-1.40549,4.93854,2.21467,0.0228347
-1.39085,4.95215,2.21399,0.0211254
-1.37621,4.96576,2.21332,0.0194161
-1.36157,4.97937,2.21264,0.0177069
-1.34693,4.99298,2.21196,0.0159976
-1.33229,5.00659,2.21128,0.0142883
-1.31765,5.02019,2.21061,0.0125791
-1.30301,5.0338,2.20993,0.0108698
-1.28837,5.04741,2.20925,0.00916054
-1.27373,5.06102,2.20857,0.00745128
-1.25909,5.07463,2.2079,0.00574201
-1.24445,5.08824,2.20722,0.00403274
-1.22981,5.10185,2.20654,0.00232348
-1.21517,5.11546,2.20586,0.000614208
-1.09641,5.20666,2.26474,0.616328
-1.07734,5.21266,2.26528,0.611375
-1.05827,5.21866,2.26583,0.606423
-1.0392,5.22466,2.26637,0.60147
-1.02013,5.23066,2.26691,0.596517
-1.00106,5.23666,2.26746,0.591564
-0.981984,5.24266,2.268,0.586611
-0.962913,5.24866,2.26854,0.581659
-0.943842,5.25466,2.26909,0.576706
-0.924771,5.26066,2.26963,0.571753
-0.9057,5.26666,2.27017,0.5668
-0.886629,5.27266,2.27072,0.561847
-0.867558,5.27866,2.27126,0.556895
-0.848487,5.28466,2.27181,0.551942
-0.829416,5.29066,2.27235,0.546989
-0.810345,5.29666,2.27289,0.542036
-0.791274,5.30266,2.27344,0.537084
-0.772203,5.30866,2.27398,0.532131
-0.753133,5.31466,2.27452,0.527178
-0.734062,5.32066,2.27507,0.522225
-0.714991,5.32666,2.27561,0.517272
-0.69592,5.33266,2.27615,0.51232
-0.676849,5.33866,2.2767,0.507367
-0.657778,5.34466,2.27724,0.502414
-0.638707,5.35066,2.27778,0.497461
-0.619636,5.35666,2.27833,0.492508
-0.600565,5.36266,2.27887,0.487556
-0.581494,5.36866,2.27941,0.482603
-0.562423,5.37466,2.27996,0.47765
-0.543352,5.38066,2.2805,0.472697
-0.524281,5.38666,2.28104,0.467745
-0.50521,5.39266,2.28159,0.462792
-0.486139,5.39866,2.28213,0.457839
-0.467068,5.40466,2.28267,0.452886
-0.447997,5.41066,2.28322,0.447933
-0.428926,5.41666,2.28376,0.442981
-0.409855,5.42266,2.28431,0.438028
-0.390784,5.42866,2.28485,0.433075
-0.371713,5.43466,2.28539,0.428122
-0.352642,5.44066,2.28594,0.423169
-0.333571,5.44666,2.28648,0.418217
-0.3145,5.45266,2.28702,0.413264
-0.295429,5.45866,2.28757,0.408311
-0.276358,5.46467,2.28811,0.403358
-0.257287,5.47067,2.28865,0.398406
-0.238216,5.47667,2.2892,0.393453
-0.219145,5.48267,2.28974,0.3885
-0.200074,5.48867,2.29028,0.383547
-0.181003,5.49467,2.29083,0.378594
-0.161932,5.50067,2.29137,0.373642
-0.142861,5.50667,2.29191,0.368689
-0.12379,5.51267,2.29246,0.363736
-0.10472,5.51867,2.293,0.358783
-0.0856486,5.52467,2.29354,0.35383
-0.0665776,5.53067,2.29409,0.348878
-0.0475066,5.53667,2.29463,0.343925
-0.0284356,5.54267,2.29517,0.338972
-0.00936467,5.54867,2.29572,0.334019
0.0097063,5.55467,2.29626,0.329067
0.0287773,5.56067,2.2968,0.324114
0.0478482,5.56667,2.29735,0.319161
0.0669192,5.57267,2.29789,0.314208
0.0859902,5.57867,2.29844,0.309255
0.105061,5.58467,2.29898,0.304303
0.124132,5.59067,2.29952,0.29935
0.143203,5.59667,2.30007,0.294397
0.162274,5.60267,2.30061,0.289444
0.181345,5.60867,2.30115,0.284491
0.200416,5.61467,2.3017,0.279539
0.219487,5.62067,2.30224,0.274586
0.238558,5.62667,2.30278,0.269633
0.257629,5.63267,2.30333,0.26468
0.2767,5.63867,2.30387,0.259728
0.295771,5.64467,2.30441,0.254775
0.314842,5.65067,2.30496,0.249822
0.333913,5.65667,2.3055,0.244869
0.352984,5.66267,2.30604,0.239916
0.372055,5.66867,2.30659,0.234964
0.391126,5.67467,2.30713,0.230011
0.410197,5.68067,2.30767,0.225058
0.429268,5.68667,2.30822,0.220105
0.448339,5.69267,2.30876,0.215152
0.46741,5.69867,2.3093,0.2102
0.486481,5.70467,2.30985,0.205247
0.505552,5.71067,2.31039,0.200294
0.524622,5.71667,2.31094,0.195341
0.543693,5.72267,2.31148,0.190389
0.562764,5.72868,2.31202,0.185436
0.581835,5.73468,2.31257,0.180483
0.600906,5.74068,2.31311,0.17553
0.619977,5.74668,2.31365,0.170577
0.639048,5.75268,2.3142,0.165625
0.658119,5.75868,2.31474,0.160672
0.67719,5.76468,2.31528,0.155719
0.696261,5.77068,2.31583,0.150766
0.715332,5.77668,2.31637,0.145813
0.734403,5.78268,2.31691,0.140861
0.753474,5.78868,2.31746,0.135908
0.772545,5.79468,2.318,0.130955
0.791616,5.80068,2.31854,0.126002
0.810687,5.80668,2.31909,0.12105
0.829758,5.81268,2.31963,0.116097
0.848829,5.81868,2.32017,0.111144
0.8679,5.82468,2.32072,0.106191
0.886971,5.83068,2.32126,0.101238
0.906042,5.83668,2.3218,0.0962856
0.925113,5.84268,2.32235,0.0913328
0.944184,5.84868,2.32289,0.08638
0.963255,5.85468,2.32344,0.0814272
0.982326,5.86068,2.32398,0.0764745
1.0014,5.86668,2.32452,0.0715217
1.02047,5.87268,2.32507,0.0665689
1.03954,5.87868,2.32561,0.0616161
1.05861,5.88468,2.32615,0.0566633
1.07768,5.89068,2.3267,0.0517105
1.09675,5.89668,2.32724,0.0467577
1.11582,5.90268,2.32778,0.041805
1.13489,5.90868,2.32833,0.0368522
1.15396,5.91468,2.32887,0.0318994
1.17304,5.92068,2.32941,0.0269466
1.19211,5.92668,2.32996,0.0219938
1.21118,5.93268,2.3305,0.017041
1.23025,5.93868,2.33104,0.0120882
1.24932,5.94468,2.33159,0.00713545
1.26839,5.95068,2.33213,0.00218267
1.39521,6.02327,2.39012,0.469411
1.41391,6.02573,2.38346,0.465664
1.43261,6.02819,2.37679,0.461918
1.4513,6.03065,2.37013,0.458171
1.47,6.03312,2.36346,0.454425
1.48869,6.03558,2.3568,0.450678
1.50739,6.03804,2.35013,0.446932
1.52608,6.0405,2.34347,0.443185
1.54478,6.04296,2.3368,0.439439
1.56347,6.04542,2.33014,0.435692
1.58217,6.04788,2.32347,0.431945
1.60087,6.05034,2.31681,0.428199
1.61956,6.0528,2.31014,0.424452
1.63826,6.05527,2.30348,0.420706
1.65695,6.05773,2.29681,0.416959
1.67565,6.06019,2.29015,0.413213
1.69434,6.06265,2.28348,0.409466
1.71304,6.06511,2.27682,0.40572
1.73173,6.06757,2.27016,0.401973
1.75043,6.07003,2.26349,0.398227
1.76912,6.07249,2.25683,0.39448
1.78782,6.07495,2.25016,0.390734
1.80652,6.07742,2.2435,0.386987
1.82521,6.07988,2.23683,0.38324
1.84391,6.08234,2.23017,0.379494
1.8626,6.0848,2.2235,0.375747
1.8813,6.08726,2.21684,0.372001
1.89999,6.08972,2.21017,0.368254
1.91869,6.09218,2.20351,0.364508
1.93738,6.09464,2.19684,0.360761
1.95608,6.09711,2.19018,0.357015
1.97477,6.09957,2.18351,0.353268
1.99347,6.10203,2.17685,0.349522
2.01217,6.10449,2.17018,0.345775
2.03086,6.10695,2.16352,0.342029
2.04956,6.10941,2.15685,0.338282
2.06825,6.11187,2.15019,0.334535
2.08695,6.11433,2.14352,0.330789
2.10564,6.11679,2.13686,0.327042
2.12434,6.11926,2.13019,0.323296
2.14303,6.12172,2.12353,0.319549
2.16173,6.12418,2.11686,0.315803
2.18043,6.12664,2.1102,0.312056
2.19912,6.1291,2.10353,0.30831
2.21782,6.13156,2.09687,0.304563
2.23651,6.13402,2.0902,0.300817
2.25521,6.13648,2.08354,0.29707
2.2739,6.13895,2.07687,0.293324
2.2926,6.14141,2.07021,0.289577
2.31129,6.14387,2.06354,0.28583
2.32999,6.14633,2.05688,0.282084
2.34868,6.14879,2.05021,0.278337
2.36738,6.15125,2.04355,0.274591
2.38608,6.15371,2.03688,0.270844
2.40477,6.15617,2.03022,0.267098
2.42347,6.15863,2.02355,0.263351
2.44216,6.1611,2.01689,0.259605
2.46086,6.16356,2.01022,0.255858
2.47955,6.16602,2.00356,0.252112
2.49825,6.16848,1.99689,0.248365
2.51694,6.17094,1.99023,0.244619
2.53564,6.1734,1.98356,0.240872
2.55433,6.17586,1.9769,0.237125
2.57303,6.17832,1.97023,0.233379
2.59173,6.18079,1.96357,0.229632
2.61042,6.18325,1.9569,0.225886
2.62912,6.18571,1.95024,0.222139
2.64781,6.18817,1.94357,0.218393
2.66651,6.19063,1.93691,0.214646
2.6852,6.19309,1.93024,0.2109
2.7039,6.19555,1.92358,0.207153
2.72259,6.19801,1.91691,0.203407
2.74129,6.20047,1.91025,0.19966
2.75999,6.20294,1.90358,0.195914
2.77868,6.2054,1.89692,0.192167
2.79738,6.20786,1.89025,0.18842
2.81607,6.21032,1.88359,0.184674
2.83477,6.21278,1.87692,0.180927
2.85346,6.21524,1.87026,0.177181
2.87216,6.2177,1.86359,0.173434
2.89085,6.22016,1.85693,0.169688
2.90955,6.22263,1.85026,0.165941
2.92824,6.22509,1.8436,0.162195
2.94694,6.22755,1.83693,0.158448
2.96564,6.23001,1.83027,0.154702
2.98433,6.23247,1.8236,0.150955
3.00303,6.23493,1.81694,0.147209
3.02172,6.23739,1.81027,0.143462
3.04042,6.23985,1.80361,0.139715
3.05911,6.24231,1.79694,0.135969
3.07781,6.24478,1.79028,0.132222
3.0965,6.24724,1.78361,0.128476
3.1152,6.2497,1.77695,0.124729
3.1339,6.25216,1.77029,0.120983
3.15259,6.25462,1.76362,0.117236
3.17129,6.25708,1.75696,0.11349
3.18998,6.25954,1.75029,0.109743
3.20868,6.262,1.74363,0.105997
3.22737,6.26446,1.73696,0.10225
3.24607,6.26693,1.7303,0.0985035
3.26476,6.26939,1.72363,0.094757
3.28346,6.27185,1.71697,0.0910105
3.30215,6.27431,1.7103,0.0872639
3.32085,6.27677,1.70364,0.0835174
3.33955,6.27923,1.69697,0.0797709
3.35824,6.28169,1.69031,0.0760243
3.37694,6.28415,1.68364,0.0722778
3.39563,6.28662,1.67698,0.0685312
3.41433,6.28908,1.67031,0.0647847
3.43302,6.29154,1.66365,0.0610382
3.45172,6.294,1.65698,0.0572916
3.47041,6.29646,1.65032,0.0535451
3.48911,6.29892,1.64365,0.0497986
3.5078,6.30138,1.63699,0.046052
3.5265,6.30384,1.63032,0.0423055
3.5452,6.3063,1.62366,0.0385589
3.56389,6.30877,1.61699,0.0348124
3.58259,6.31123,1.61033,0.0310659
3.60128,6.31369,1.60366,0.0273193
3.61998,6.31615,1.597,0.0235728
3.63867,6.31861,1.59033,0.0198263
3.65737,6.32107,1.58367,0.0160797
3.67606,6.32353,1.577,0.0123332
3.69476,6.32599,1.57034,0.00858664
3.71346,6.32846,1.56367,0.0048401
3.73215,6.33092,1.55701,0.00109356
3.85717,6.4098,1.61541,0.521244
3.86719,6.39294,1.61148,0.517213
3.87722,6.37609,1.60756,0.513183
3.88724,6.35923,1.60363,0.509153
3.89726,6.34238,1.59971,0.505122
3.90729,6.32552,1.59578,0.501092
3.91731,6.30867,1.59186,0.497062
3.92734,6.29181,1.58793,0.493031
3.93736,6.27496,1.584,0.489001
3.94739,6.2581,1.58008,0.484971
3.95741,6.24124,1.57615,0.48094
3.96743,6.22439,1.57223,0.47691
3.97746,6.20753,1.5683,0.472879
3.98748,6.19068,1.56438,0.468849
3.99751,6.17382,1.56045,0.464819
4.00753,6.15697,1.55652,0.460788
4.01755,6.14011,1.5526,0.456758
4.02758,6.12326,1.54867,0.452728
4.0376,6.1064,1.54475,0.448697
4.04763,6.08955,1.54082,0.444667
4.05765,6.07269,1.5369,0.440637
4.06767,6.05584,1.53297,0.436606
4.0777,6.03898,1.52904,0.432576
4.08772,6.02212,1.52512,0.428545
4.09775,6.00527,1.52119,0.424515
4.10777,5.98841,1.51727,0.420485
4.1178,5.97156,1.51334,0.416454
4.12782,5.9547,1.50942,0.412424
4.13784,5.93785,1.50549,0.408394
4.14787,5.92099,1.50157,0.404363
4.15789,5.90414,1.49764,0.400333
4.16792,5.88728,1.49371,0.396303
4.17794,5.87043,1.48979,0.392272
4.18796,5.85357,1.48586,0.388242
4.19799,5.83671,1.48194,0.384211
4.20801,5.81986,1.47801,0.380181
4.21804,5.803,1.47409,0.376151
4.22806,5.78615,1.47016,0.37212
4.23809,5.76929,1.46623,0.36809
4.24811,5.75244,1.46231,0.36406
4.25813,5.73558,1.45838,0.360029
4.26816,5.71873,1.45446,0.355999
4.27818,5.70187,1.45053,0.351969
4.28821,5.68502,1.44661,0.347938
4.29823,5.66816,1.44268,0.343908
4.30825,5.6513,1.43875,0.339877
4.31828,5.63445,1.43483,0.335847
4.3283,5.61759,1.4309,0.331817
4.33833,5.60074,1.42698,0.327786
4.34835,5.58388,1.42305,0.323756
4.35838,5.56703,1.41913,0.319726
4.3684,5.55017,1.4152,0.315695
4.37842,5.53332,1.41127,0.311665
4.38845,5.51646,1.40735,0.307635
4.39847,5.49961,1.40342,0.303604
4.4085,5.48275,1.3995,0.299574
4.41852,5.4659,1.39557,0.295543
4.42854,5.44904,1.39165,0.291513
4.43857,5.43218,1.38772,0.287483
4.44859,5.41533,1.38379,0.283452
4.45862,5.39847,1.37987,0.279422
4.46864,5.38162,1.37594,0.275392
4.47867,5.36476,1.37202,0.271361
4.48869,5.34791,1.36809,0.267331
4.49871,5.33105,1.36417,0.263301
4.50874,5.3142,1.36024,0.25927
4.51876,5.29734,1.35631,0.25524
4.52879,5.28049,1.35239,0.251209
4.53881,5.26363,1.34846,0.247179
4.54883,5.24677,1.34454,0.243149
4.55886,5.22992,1.34061,0.239118
4.56888,5.21306,1.33669,0.235088
4.57891,5.19621,1.33276,0.231058
4.58893,5.17935,1.32884,0.227027
4.59895,5.1625,1.32491,0.222997
4.60898,5.14564,1.32098,0.218967
4.619,5.12879,1.31706,0.214936
4.62903,5.11193,1.31313,0.210906
4.63905,5.09508,1.30921,0.206875
4.64908,5.07822,1.30528,0.202845
4.6591,5.06136,1.30136,0.198815
4.66912,5.04451,1.29743,0.194784
4.67915,5.02765,1.2935,0.190754
4.68917,5.0108,1.28958,0.186724
4.6992,4.99394,1.28565,0.182693
4.70922,4.97709,1.28173,0.178663
4.71924,4.96023,1.2778,0.174633
4.72927,4.94338,1.27388,0.170602
4.73929,4.92652,1.26995,0.166572
4.74932,4.90967,1.26602,0.162541
4.75934,4.89281,1.2621,0.158511
4.76937,4.87596,1.25817,0.154481
4.77939,4.8591,1.25425,0.15045
4.78941,4.84224,1.25032,0.14642
4.79944,4.82539,1.2464,0.14239
4.80946,4.80853,1.24247,0.138359
4.81949,4.79168,1.23854,0.134329
4.82951,4.77482,1.23462,0.130299
4.83953,4.75797,1.23069,0.126268
4.84956,4.74111,1.22677,0.122238
4.85958,4.72426,1.22284,0.118207
4.86961,4.7074,1.21892,0.114177
4.87963,4.69055,1.21499,0.110147
4.88966,4.67369,1.21106,0.106116
4.89968,4.65683,1.20714,0.102086
4.9097,4.63998,1.20321,0.0980557
4.91973,4.62312,1.19929,0.0940253
4.92975,4.60627,1.19536,0.0899949
4.93978,4.58941,1.19144,0.0859646
4.9498,4.57256,1.18751,0.0819342
4.95982,4.5557,1.18359,0.0779038
4.96985,4.53885,1.17966,0.0738735
4.97987,4.52199,1.17573,0.0698431
4.9899,4.50514,1.17181,0.0658128
4.99992,4.48828,1.16788,0.0617824
5.00995,4.47143,1.16396,0.057752
5.01997,4.45457,1.16003,0.0537217
5.02999,4.43771,1.15611,0.0496913
5.04002,4.42086,1.15218,0.0456609
5.05004,4.404,1.14825,0.0416306
5.06007,4.38715,1.14433,0.0376002
5.07009,4.37029,1.1404,0.0335698
5.08011,4.35344,1.13648,0.0295395
5.09014,4.33658,1.13255,0.0255091
5.10016,4.31973,1.12863,0.0214788
5.11019,4.30287,1.1247,0.0174484
5.12021,4.28602,1.12077,0.013418
5.13023,4.26916,1.11685,0.00938767
5.14026,4.2523,1.11292,0.0053573
5.15028,4.23545,1.109,0.00132694
5.26668,4.32964,1.16792,0.636051
5.24703,4.33333,1.16815,0.634027
5.22737,4.33701,1.16837,0.632003
5.20771,4.34069,1.1686,0.629979
5.18806,4.34437,1.16883,0.627956
5.1684,4.34806,1.16906,0.625932
5.14874,4.35174,1.16929,0.623908
5.12909,4.35542,1.16951,0.621884
5.10943,4.35911,1.16974,0.61986
5.08977,4.36279,1.16997,0.617837
5.07012,4.36647,1.1702,0.615813
5.05046,4.37015,1.17043,0.613789
5.0308,4.37384,1.17065,0.611765
5.01115,4.37752,1.17088,0.609741
4.99149,4.3812,1.17111,0.607718
4.97183,4.38488,1.17134,0.605694
4.95218,4.38857,1.17156,0.60367
4.93252,4.39225,1.17179,0.601646
4.91286,4.39593,1.17202,0.599622
4.89321,4.39961,1.17225,0.597599
4.87355,4.4033,1.17248,0.595575
4.85389,4.40698,1.1727,0.593551
4.83424,4.41066,1.17293,0.591527
4.81458,4.41435,1.17316,0.589503
4.79492,4.41803,1.17339,0.587479
4.77527,4.42171,1.17361,0.585456
4.75561,4.42539,1.17384,0.583432
4.73595,4.42908,1.17407,0.581408
4.7163,4.43276,1.1743,0.579384
4.69664,4.43644,1.17453,0.57736
4.67698,4.44012,1.17475,0.575337
4.65733,4.44381,1.17498,0.573313
4.63767,4.44749,1.17521,0.571289
4.61801,4.45117,1.17544,0.569265
4.59836,4.45485,1.17566,0.567241
4.5787,4.45854,1.17589,0.565218
4.55904,4.46222,1.17612,0.563194
4.53939,4.4659,1.17635,0.56117
4.51973,4.46959,1.17658,0.559146
4.50007,4.47327,1.1768,0.557122
4.48042,4.47695,1.17703,0.555098
4.46076,4.48063,1.17726,0.553075
4.4411,4.48432,1.17749,0.551051
4.42145,4.488,1.17771,0.549027
4.40179,4.49168,1.17794,0.547003
4.38213,4.49536,1.17817,0.544979
4.36248,4.49905,1.1784,0.542956
4.34282,4.50273,1.17863,0.540932
4.32316,4.50641,1.17885,0.538908
4.30351,4.51009,1.17908,0.536884
4.28385,4.51378,1.17931,0.53486
4.26419,4.51746,1.17954,0.532837
4.24454,4.52114,1.17977,0.530813
4.22488,4.52483,1.17999,0.528789
4.20522,4.52851,1.18022,0.526765
4.18557,4.53219,1.18045,0.524741
4.16591,4.53587,1.18068,0.522718
4.14625,4.53956,1.1809,0.520694
4.1266,4.54324,1.18113,0.51867
4.10694,4.54692,1.18136,0.516646
4.08728,4.5506,1.18159,0.514622
4.06762,4.55429,1.18182,0.512598
4.04797,4.55797,1.18204,0.510575
4.02831,4.56165,1.18227,0.508551
4.00865,4.56533,1.1825,0.506527
3.989,4.56902,1.18273,0.504503
3.96934,4.5727,1.18295,0.502479
3.94968,4.57638,1.18318,0.500456
3.93003,4.58006,1.18341,0.498432
3.91037,4.58375,1.18364,0.496408
3.89071,4.58743,1.18387,0.494384
3.87106,4.59111,1.18409,0.49236
3.8514,4.5948,1.18432,0.490337
3.83174,4.59848,1.18455,0.488313
3.81209,4.60216,1.18478,0.486289
3.79243,4.60584,1.185,0.484265
3.77277,4.60953,1.18523,0.482241
3.75312,4.61321,1.18546,0.480218
3.73346,4.61689,1.18569,0.478194
3.7138,4.62057,1.18592,0.47617
3.69415,4.62426,1.18614,0.474146
3.67449,4.62794,1.18637,0.472122
3.65483,4.63162,1.1866,0.470098
3.63518,4.6353,1.18683,0.468075
3.61552,4.63899,1.18705,0.466051
3.59586,4.64267,1.18728,0.464027
3.57621,4.64635,1.18751,0.462003
3.55655,4.65004,1.18774,0.459979
3.53689,4.65372,1.18797,0.457956
3.51724,4.6574,1.18819,0.455932
3.49758,4.66108,1.18842,0.453908
3.47792,4.66477,1.18865,0.451884
3.45827,4.66845,1.18888,0.44986
3.43861,4.67213,1.18911,0.447837
3.41895,4.67581,1.18933,0.445813
3.3993,4.6795,1.18956,0.443789
3.37964,4.68318,1.18979,0.441765
3.35998,4.68686,1.19002,0.439741
3.34033,4.69054,1.19024,0.437718
3.32067,4.69423,1.19047,0.435694
3.30101,4.69791,1.1907,0.43367
3.28136,4.70159,1.19093,0.431646
3.2617,4.70528,1.19116,0.429622
3.24204,4.70896,1.19138,0.427598
3.22239,4.71264,1.19161,0.425575
3.20273,4.71632,1.19184,0.423551
3.18307,4.72001,1.19207,0.421527
3.16342,4.72369,1.19229,0.419503
3.14376,4.72737,1.19252,0.417479
3.1241,4.73105,1.19275,0.415456
3.10445,4.73474,1.19298,0.413432
3.08479,4.73842,1.19321,0.411408
3.06513,4.7421,1.19343,0.409384
3.04548,4.74578,1.19366,0.40736
3.02582,4.74947,1.19389,0.405337
3.00616,4.75315,1.19412,0.403313
2.98651,4.75683,1.19434,0.401289
2.96685,4.76052,1.19457,0.399265
2.94719,4.7642,1.1948,0.397241
2.92754,4.76788,1.19503,0.395218
2.90788,4.77156,1.19526,0.393194
2.88822,4.77525,1.19548,0.39117
2.86857,4.77893,1.19571,0.389146
2.84891,4.78261,1.19594,0.387122
2.82925,4.78629,1.19617,0.385098
2.8096,4.78998,1.19639,0.383075
2.78994,4.79366,1.19662,0.381051
2.77028,4.79734,1.19685,0.379027
2.75063,4.80102,1.19708,0.377003
2.73097,4.80471,1.19731,0.374979
2.71131,4.80839,1.19753,0.372956
2.69166,4.81207,1.19776,0.370932
2.672,4.81576,1.19799,0.368908
2.65234,4.81944,1.19822,0.366884
2.63269,4.82312,1.19845,0.36486
2.61303,4.8268,1.19867,0.362837
2.59337,4.83049,1.1989,0.360813
2.57372,4.83417,1.19913,0.358789
2.55406,4.83785,1.19936,0.356765
2.5344,4.84153,1.19958,0.354741
2.51475,4.84522,1.19981,0.352717
2.49509,4.8489,1.20004,0.350694
2.47543,4.85258,1.20027,0.34867
2.45577,4.85626,1.2005,0.346646
2.43612,4.85995,1.20072,0.344622
2.41646,4.86363,1.20095,0.342598
2.3968,4.86731,1.20118,0.340575
2.37715,4.87099,1.20141,0.338551
2.35749,4.87468,1.20163,0.336527
2.33783,4.87836,1.20186,0.334503
2.31818,4.88204,1.20209,0.332479
2.29852,4.88573,1.20232,0.330456
2.27886,4.88941,1.20255,0.328432
2.25921,4.89309,1.20277,0.326408
2.23955,4.89677,1.203,0.324384
2.21989,4.90046,1.20323,0.32236
2.20024,4.90414,1.20346,0.320337
2.18058,4.90782,1.20368,0.318313
2.16092,4.9115,1.20391,0.316289
2.14127,4.91519,1.20414,0.314265
2.12161,4.91887,1.20437,0.312241
2.10195,4.92255,1.2046,0.310217
2.0823,4.92623,1.20482,0.308194
2.06264,4.92992,1.20505,0.30617
2.04298,4.9336,1.20528,0.304146
2.02333,4.93728,1.20551,0.302122
2.00367,4.94097,1.20574,0.300098
1.98401,4.94465,1.20596,0.298075
1.96436,4.94833,1.20619,0.296051
1.9447,4.95201,1.20642,0.294027
1.92504,4.9557,1.20665,0.292003
1.90539,4.95938,1.20687,0.289979
1.88573,4.96306,1.2071,0.287956
1.86607,4.96674,1.20733,0.285932
1.84642,4.97043,1.20756,0.283908
1.82676,4.97411,1.20779,0.281884
1.8071,4.97779,1.20801,0.27986
1.78745,4.98147,1.20824,0.277837
1.76779,4.98516,1.20847,0.275813
1.74813,4.98884,1.2087,0.273789
1.72848,4.99252,1.20892,0.271765
1.70882,4.99621,1.20915,0.269741
1.68916,4.99989,1.20938,0.267717
1.66951,5.00357,1.20961,0.265694
1.64985,5.00725,1.20984,0.26367
1.63019,5.01094,1.21006,0.261646
1.61054,5.01462,1.21029,0.259622
1.59088,5.0183,1.21052,0.257598
1.57122,5.02198,1.21075,0.255575
1.55157,5.02567,1.21097,0.253551
1.53191,5.02935,1.2112,0.251527
1.51225,5.03303,1.21143,0.249503
1.4926,5.03671,1.21166,0.247479
1.47294,5.0404,1.21189,0.245456
1.45328,5.04408,1.21211,0.243432
1.43363,5.04776,1.21234,0.241408
1.41397,5.05145,1.21257,0.239384
1.39431,5.05513,1.2128,0.23736
1.37466,5.05881,1.21302,0.235337
1.355,5.06249,1.21325,0.233313
1.33534,5.06618,1.21348,0.231289
1.31569,5.06986,1.21371,0.229265
1.29603,5.07354,1.21394,0.227241
1.27637,5.07722,1.21416,0.225217
1.25672,5.08091,1.21439,0.223194
1.23706,5.08459,1.21462,0.22117
1.2174,5.08827,1.21485,0.219146
1.19775,5.09195,1.21508,0.217122
1.17809,5.09564,1.2153,0.215098
1.15843,5.09932,1.21553,0.213075
1.13878,5.103,1.21576,0.211051
1.11912,5.10669,1.21599,0.209027
1.09946,5.11037,1.21621,0.207003
1.07981,5.11405,1.21644,0.204979
1.06015,5.11773,1.21667,0.202956
1.04049,5.12142,1.2169,0.200932
1.02084,5.1251,1.21713,0.198908
1.00118,5.12878,1.21735,0.196884
0.981522,5.13246,1.21758,0.19486
0.961865,5.13615,1.21781,0.192836
0.942209,5.13983,1.21804,0.190813
0.922552,5.14351,1.21826,0.188789
0.902895,5.14719,1.21849,0.186765
0.883238,5.15088,1.21872,0.184741
0.863582,5.15456,1.21895,0.182717
0.843925,5.15824,1.21918,0.180694
0.824268,5.16192,1.2194,0.17867
0.804612,5.16561,1.21963,0.176646
0.784955,5.16929,1.21986,0.174622
0.765298,5.17297,1.22009,0.172598
0.745641,5.17666,1.22031,0.170575
0.725985,5.18034,1.22054,0.168551
0.706328,5.18402,1.22077,0.166527
0.686671,5.1877,1.221,0.164503
0.667015,5.19139,1.22123,0.162479
0.647358,5.19507,1.22145,0.160456
0.627701,5.19875,1.22168,0.158432
0.608044,5.20243,1.22191,0.156408
0.588388,5.20612,1.22214,0.154384
0.568731,5.2098,1.22236,0.15236
0.549074,5.21348,1.22259,0.150336
0.529418,5.21716,1.22282,0.148313
0.509761,5.22085,1.22305,0.146289
0.490104,5.22453,1.22328,0.144265
0.470448,5.22821,1.2235,0.142241
0.450791,5.2319,1.22373,0.140217
0.431134,5.23558,1.22396,0.138194
0.411477,5.23926,1.22419,0.13617
0.391821,5.24294,1.22442,0.134146
0.372164,5.24663,1.22464,0.132122
0.352507,5.25031,1.22487,0.130098
0.332851,5.25399,1.2251,0.128075
0.313194,5.25767,1.22533,0.126051
0.293537,5.26136,1.22555,0.124027
0.27388,5.26504,1.22578,0.122003
0.254224,5.26872,1.22601,0.119979
0.234567,5.2724,1.22624,0.117956
0.21491,5.27609,1.22647,0.115932
0.195254,5.27977,1.22669,0.113908
0.175597,5.28345,1.22692,0.111884
0.15594,5.28714,1.22715,0.10986
0.136284,5.29082,1.22738,0.107836
0.116627,5.2945,1.2276,0.105813
0.0969701,5.29818,1.22783,0.103789
0.0773134,5.30187,1.22806,0.101765
0.0576567,5.30555,1.22829,0.0997412
0.038,5.30923,1.22852,0.0977174
0.0183433,5.31291,1.22874,0.0956936
-0.00131344,5.3166,1.22897,0.0936698
-0.0209701,5.32028,1.2292,0.091646
-0.0406269,5.32396,1.22943,0.0896222
-0.0602836,5.32764,1.22965,0.0875984
-0.0799403,5.33133,1.22988,0.0855746
-0.099597,5.33501,1.23011,0.0835508
-0.119254,5.33869,1.23034,0.0815269
-0.13891,5.34238,1.23057,0.0795031
-0.158567,5.34606,1.23079,0.0774793
-0.178224,5.34974,1.23102,0.0754555
-0.197881,5.35342,1.23125,0.0734317
-0.217537,5.35711,1.23148,0.0714079
-0.237194,5.36079,1.23171,0.0693841
-0.256851,5.36447,1.23193,0.0673603
-0.276507,5.36815,1.23216,0.0653365
-0.296164,5.37184,1.23239,0.0633127
-0.315821,5.37552,1.23262,0.0612888
-0.335477,5.3792,1.23284,0.059265
-0.355134,5.38288,1.23307,0.0572412
-0.374791,5.38657,1.2333,0.0552174
-0.394448,5.39025,1.23353,0.0531936
-0.414104,5.39393,1.23376,0.0511698
-0.433761,5.39762,1.23398,0.049146
-0.453418,5.4013,1.23421,0.0471222
-0.473074,5.40498,1.23444,0.0450984
-0.492731,5.40866,1.23467,0.0430745
-0.512388,5.41235,1.23489,0.0410507
-0.532045,5.41603,1.23512,0.0390269
-0.551701,5.41971,1.23535,0.0370031
-0.571358,5.42339,1.23558,0.0349793
-0.591015,5.42708,1.23581,0.0329555
-0.610671,5.43076,1.23603,0.0309317
-0.630328,5.43444,1.23626,0.0289079
-0.649985,5.43812,1.23649,0.0268841
-0.669641,5.44181,1.23672,0.0248603
-0.689298,5.44549,1.23694,0.0228364
-0.708955,5.44917,1.23717,0.0208126
-0.728612,5.45285,1.2374,0.0187888
-0.748268,5.45654,1.23763,0.016765
-0.767925,5.46022,1.23786,0.0147412
-0.787582,5.4639,1.23808,0.0127174
-0.807238,5.46759,1.23831,0.0106936
-0.826895,5.47127,1.23854,0.00866978
-0.846552,5.47495,1.23877,0.00664597
-0.866209,5.47863,1.23899,0.00462216
-0.885865,5.48232,1.23922,0.00259835
-0.905522,5.486,1.23945,0.000574538
-0.778624,5.5596,1.29762,0.4795
-0.798335,5.56299,1.29766,0.476504
-0.818046,5.56638,1.2977,0.473509
-0.837756,5.56977,1.29775,0.470513
-0.857467,5.57316,1.29779,0.467518
-0.877178,5.57655,1.29783,0.464522
-0.896889,5.57993,1.29787,0.461527
-0.9166,5.58332,1.29791,0.458531
-0.93631,5.58671,1.29796,0.455536
-0.956021,5.5901,1.298,0.45254
-0.975732,5.59349,1.29804,0.449545
-0.995443,5.59688,1.29808,0.446549
-1.01515,5.60027,1.29813,0.443553
-1.03486,5.60365,1.29817,0.440558
-1.05458,5.60704,1.29821,0.437562
-1.07429,5.61043,1.29825,0.434567
-1.094,5.61382,1.29829,0.431571
-1.11371,5.61721,1.29834,0.428576
-1.13342,5.6206,1.29838,0.42558
-1.15313,5.62399,1.29842,0.422585
-1.17284,5.62737,1.29846,0.419589
-1.19255,5.63076,1.2985,0.416594
-1.21226,5.63415,1.29855,0.413598
-1.23197,5.63754,1.29859,0.410603
-1.25168,5.64093,1.29863,0.407607
-1.27139,5.64432,1.29867,0.404611
-1.2911,5.64771,1.29872,0.401616
-1.31082,5.6511,1.29876,0.39862
-1.33053,5.65448,1.2988,0.395625
-1.35024,5.65787,1.29884,0.392629
-1.36995,5.66126,1.29888,0.389634
-1.38966,5.66465,1.29893,0.386638
-1.40937,5.66804,1.29897,0.383643
-1.42908,5.67143,1.29901,0.380647
-1.44879,5.67482,1.29905,0.377652
-1.4685,5.6782,1.29909,0.374656
-1.48821,5.68159,1.29914,0.37166
-1.50792,5.68498,1.29918,0.368665
-1.52763,5.68837,1.29922,0.365669
-1.54735,5.69176,1.29926,0.362674
-1.56706,5.69515,1.29931,0.359678
-1.58677,5.69854,1.29935,0.356683
-1.60648,5.70192,1.29939,0.353687
-1.62619,5.70531,1.29943,0.350692
-1.6459,5.7087,1.29947,0.347696
-1.66561,5.71209,1.29952,0.344701
-1.68532,5.71548,1.29956,0.341705
-1.70503,5.71887,1.2996,0.33871
-1.72474,5.72226,1.29964,0.335714
-1.74445,5.72564,1.29968,0.332718
-1.76416,5.72903,1.29973,0.329723
-1.78387,5.73242,1.29977,0.326727
-1.80359,5.73581,1.29981,0.323732
-1.8233,5.7392,1.29985,0.320736
-1.84301,5.74259,1.2999,0.317741
-1.86272,5.74598,1.29994,0.314745
-1.88243,5.74937,1.29998,0.31175
-1.90214,5.75275,1.30002,0.308754
-1.92185,5.75614,1.30006,0.305759
-1.94156,5.75953,1.30011,0.302763
-1.96127,5.76292,1.30015,0.299768
-1.98098,5.76631,1.30019,0.296772
-2.00069,5.7697,1.30023,0.293776
-2.0204,5.77309,1.30027,0.290781
-2.04011,5.77647,1.30032,0.287785
-2.05983,5.77986,1.30036,0.28479
-2.07954,5.78325,1.3004,0.281794
-2.09925,5.78664,1.30044,0.278799
-2.11896,5.79003,1.30049,0.275803
-2.13867,5.79342,1.30053,0.272808
-2.15838,5.79681,1.30057,0.269812
-2.17809,5.80019,1.30061,0.266817
-2.1978,5.80358,1.30065,0.263821
-2.21751,5.80697,1.3007,0.260826
-2.23722,5.81036,1.30074,0.25783
-2.25693,5.81375,1.30078,0.254834
-2.27664,5.81714,1.30082,0.251839
-2.29636,5.82053,1.30086,0.248843
-2.31607,5.82391,1.30091,0.245848
-2.33578,5.8273,1.30095,0.242852
-2.35549,5.83069,1.30099,0.239857
-2.3752,5.83408,1.30103,0.236861
-2.39491,5.83747,1.30108,0.233866
-2.41462,5.84086,1.30112,0.23087
-2.43433,5.84425,1.30116,0.227875
-2.45404,5.84764,1.3012,0.224879
-2.47375,5.85102,1.30124,0.221883
-2.49346,5.85441,1.30129,0.218888
-2.51317,5.8578,1.30133,0.215892
-2.53288,5.86119,1.30137,0.212897
-2.5526,5.86458,1.30141,0.209901
-2.57231,5.86797,1.30145,0.206906
-2.59202,5.87136,1.3015,0.20391
-2.61173,5.87474,1.30154,0.200915
-2.63144,5.87813,1.30158,0.197919
-2.65115,5.88152,1.30162,0.194924
-2.67086,5.88491,1.30167,0.191928
-2.69057,5.8883,1.30171,0.188933
-2.71028,5.89169,1.30175,0.185937
-2.72999,5.89508,1.30179,0.182941
-2.7497,5.89846,1.30183,0.179946
-2.76941,5.90185,1.30188,0.17695
-2.78913,5.90524,1.30192,0.173955
-2.80884,5.90863,1.30196,0.170959
-2.82855,5.91202,1.302,0.167964
-2.84826,5.91541,1.30204,0.164968
-2.86797,5.9188,1.30209,0.161973
-2.88768,5.92218,1.30213,0.158977
-2.90739,5.92557,1.30217,0.155982
-2.9271,5.92896,1.30221,0.152986
-2.94681,5.93235,1.30226,0.149991
-2.96652,5.93574,1.3023,0.146995
-2.98623,5.93913,1.30234,0.143999
-3.00594,5.94252,1.30238,0.141004
-3.02565,5.94591,1.30242,0.138008
-3.04537,5.94929,1.30247,0.135013
-3.06508,5.95268,1.30251,0.132017
-3.08479,5.95607,1.30255,0.129022
-3.1045,5.95946,1.30259,0.126026
-3.12421,5.96285,1.30263,0.123031
-3.14392,5.96624,1.30268,0.120035
-3.16363,5.96963,1.30272,0.11704
-3.18334,5.97301,1.30276,0.114044
-3.20305,5.9764,1.3028,0.111049
-3.22276,5.97979,1.30285,0.108053
-3.24247,5.98318,1.30289,0.105057
-3.26218,5.98657,1.30293,0.102062
-3.2819,5.98996,1.30297,0.0990663
-3.30161,5.99335,1.30301,0.0960708
-3.32132,5.99673,1.30306,0.0930753
-3.34103,6.00012,1.3031,0.0900797
-3.36074,6.00351,1.30314,0.0870842
-3.38045,6.0069,1.30318,0.0840886
-3.40016,6.01029,1.30322,0.0810931
-3.41987,6.01368,1.30327,0.0780976
-3.43958,6.01707,1.30331,0.075102
-3.45929,6.02045,1.30335,0.0721065
-3.479,6.02384,1.30339,0.0691109
-3.49871,6.02723,1.30344,0.0661154
-3.51842,6.03062,1.30348,0.0631199
-3.53814,6.03401,1.30352,0.0601243
-3.55785,6.0374,1.30356,0.0571288
-3.57756,6.04079,1.3036,0.0541332
-3.59727,6.04418,1.30365,0.0511377
-3.61698,6.04756,1.30369,0.0481422
-3.63669,6.05095,1.30373,0.0451466
-3.6564,6.05434,1.30377,0.0421511
-3.67611,6.05773,1.30381,0.0391555
-3.69582,6.06112,1.30386,0.03616
-3.71553,6.06451,1.3039,0.0331645
-3.73524,6.0679,1.30394,0.0301689
-3.75495,6.07128,1.30398,0.0271734
-3.77466,6.07467,1.30403,0.0241778
-3.79438,6.07806,1.30407,0.0211823
-3.81409,6.08145,1.30411,0.0181868
-3.8338,6.08484,1.30415,0.0151912
-3.85351,6.08823,1.30419,0.0121957
-3.87322,6.09162,1.30424,0.00920015
-3.89293,6.095,1.30428,0.00620461
-3.91264,6.09839,1.30432,0.00320907
-3.93235,6.10178,1.30436,0.000213525
-3.80873,6.18338,1.36278,0.542051
-3.81256,6.16375,1.36278,0.540036
-3.8164,6.14412,1.36278,0.538022
-3.82023,6.12449,1.36279,0.536008
-3.82406,6.10487,1.36279,0.533994
-3.8279,6.08524,1.36279,0.53198
-3.83173,6.06561,1.36279,0.529966
-3.83557,6.04598,1.36279,0.527952
-3.8394,6.02635,1.36279,0.525937
-3.84324,6.00672,1.3628,0.523923
-3.84707,5.98709,1.3628,0.521909
-3.85091,5.96746,1.3628,0.519895
-3.85474,5.94783,1.3628,0.517881
-3.85858,5.92821,1.3628,0.515867
-3.86241,5.90858,1.3628,0.513853
-3.86625,5.88895,1.36281,0.511839
-3.87008,5.86932,1.36281,0.509824
-3.87392,5.84969,1.36281,0.50781
-3.87775,5.83006,1.36281,0.505796
-3.88158,5.81043,1.36281,0.503782
-3.88542,5.7908,1.36281,0.501768
-3.88925,5.77117,1.36281,0.499754
-3.89309,5.75154,1.36282,0.49774
-3.89692,5.73192,1.36282,0.495725
-3.90076,5.71229,1.36282,0.493711
-3.90459,5.69266,1.36282,0.491697
-3.90843,5.67303,1.36282,0.489683
-3.91226,5.6534,1.36282,0.487669
-3.9161,5.63377,1.36283,0.485655
-3.91993,5.61414,1.36283,0.483641
-3.92377,5.59451,1.36283,0.481626
-3.9276,5.57488,1.36283,0.479612
-3.93144,5.55526,1.36283,0.477598
-3.93527,5.53563,1.36283,0.475584
-3.9391,5.516,1.36284,0.47357
-3.94294,5.49637,1.36284,0.471556
-3.94677,5.47674,1.36284,0.469542
-3.95061,5.45711,1.36284,0.467528
-3.95444,5.43748,1.36284,0.465513
-3.95828,5.41785,1.36284,0.463499
-3.96211,5.39822,1.36285,0.461485
-3.96595,5.3786,1.36285,0.459471
-3.96978,5.35897,1.36285,0.457457
-3.97362,5.33934,1.36285,0.455443
-3.97745,5.31971,1.36285,0.453429
-3.98129,5.30008,1.36285,0.451414
-3.98512,5.28045,1.36285,0.4494
-3.98896,5.26082,1.36286,0.447386
-3.99279,5.24119,1.36286,0.445372
-3.99663,5.22156,1.36286,0.443358
-4.00046,5.20193,1.36286,0.441344
-4.00429,5.18231,1.36286,0.43933
-4.00813,5.16268,1.36286,0.437315
-4.01196,5.14305,1.36287,0.435301
-4.0158,5.12342,1.36287,0.433287
-4.01963,5.10379,1.36287,0.431273
-4.02347,5.08416,1.36287,0.429259
-4.0273,5.06453,1.36287,0.427245
-4.03114,5.0449,1.36287,0.425231
-4.03497,5.02527,1.36288,0.423217
-4.03881,5.00565,1.36288,0.421202
-4.04264,4.98602,1.36288,0.419188
-4.04648,4.96639,1.36288,0.417174
-4.05031,4.94676,1.36288,0.41516
-4.05415,4.92713,1.36288,0.413146
-4.05798,4.9075,1.36288,0.411132
-4.06181,4.88787,1.36289,0.409118
-4.06565,4.86824,1.36289,0.407103
-4.06948,4.84861,1.36289,0.405089
-4.07332,4.82898,1.36289,0.403075
-4.07715,4.80936,1.36289,0.401061
-4.08099,4.78973,1.36289,0.399047
-4.08482,4.7701,1.3629,0.397033
-4.08866,4.75047,1.3629,0.395019
-4.09249,4.73084,1.3629,0.393004
-4.09633,4.71121,1.3629,0.39099
-4.10016,4.69158,1.3629,0.388976
-4.104,4.67195,1.3629,0.386962
-4.10783,4.65232,1.36291,0.384948
-4.11167,4.6327,1.36291,0.382934
-4.1155,4.61307,1.36291,0.38092
-4.11933,4.59344,1.36291,0.378906
-4.12317,4.57381,1.36291,0.376891
-4.127,4.55418,1.36291,0.374877
-4.13084,4.53455,1.36291,0.372863
-4.13467,4.51492,1.36292,0.370849
-4.13851,4.49529,1.36292,0.368835
-4.14234,4.47566,1.36292,0.366821
-4.14618,4.45604,1.36292,0.364807
-4.15001,4.43641,1.36292,0.362792
-4.15385,4.41678,1.36292,0.360778
-4.15768,4.39715,1.36293,0.358764
-4.16152,4.37752,1.36293,0.35675
-4.16535,4.35789,1.36293,0.354736
-4.16919,4.33826,1.36293,0.352722
-4.17302,4.31863,1.36293,0.350708
-4.17685,4.299,1.36293,0.348693
-4.18069,4.27937,1.36294,0.346679
-4.18452,4.25975,1.36294,0.344665
-4.18836,4.24012,1.36294,0.342651
-4.19219,4.22049,1.36294,0.340637
-4.19603,4.20086,1.36294,0.338623
-4.19986,4.18123,1.36294,0.336609
-4.2037,4.1616,1.36295,0.334595
-4.20753,4.14197,1.36295,0.33258
-4.21137,4.12234,1.36295,0.330566
-4.2152,4.10271,1.36295,0.328552
-4.21904,4.08309,1.36295,0.326538
-4.22287,4.06346,1.36295,0.324524
-4.22671,4.04383,1.36295,0.32251
-4.23054,4.0242,1.36296,0.320496
-4.23438,4.00457,1.36296,0.318481
-4.23821,3.98494,1.36296,0.316467
-4.24204,3.96531,1.36296,0.314453
-4.24588,3.94568,1.36296,0.312439
-4.24971,3.92605,1.36296,0.310425
-4.25355,3.90642,1.36297,0.308411
-4.25738,3.8868,1.36297,0.306397
-4.26122,3.86717,1.36297,0.304382
-4.26505,3.84754,1.36297,0.302368
-4.26889,3.82791,1.36297,0.300354
-4.27272,3.80828,1.36297,0.29834
-4.27656,3.78865,1.36298,0.296326
-4.28039,3.76902,1.36298,0.294312
-4.28423,3.74939,1.36298,0.292298
-4.28806,3.72976,1.36298,0.290283
-4.2919,3.71014,1.36298,0.288269
-4.29573,3.69051,1.36298,0.286255
-4.29956,3.67088,1.36298,0.284241
-4.3034,3.65125,1.36299,0.282227
-4.30723,3.63162,1.36299,0.280213
-4.31107,3.61199,1.36299,0.278199
-4.3149,3.59236,1.36299,0.276185
-4.31874,3.57273,1.36299,0.27417
-4.32257,3.5531,1.36299,0.272156
-4.32641,3.53347,1.363,0.270142
-4.33024,3.51385,1.363,0.268128
-4.33408,3.49422,1.363,0.266114
-4.33791,3.47459,1.363,0.2641
-4.34175,3.45496,1.363,0.262086
-4.34558,3.43533,1.363,0.260071
-4.34942,3.4157,1.36301,0.258057
-4.35325,3.39607,1.36301,0.256043
-4.35708,3.37644,1.36301,0.254029
-4.36092,3.35681,1.36301,0.252015
-4.36475,3.33719,1.36301,0.250001
-4.36859,3.31756,1.36301,0.247987
-4.37242,3.29793,1.36301,0.245972
-4.37626,3.2783,1.36302,0.243958
-4.38009,3.25867,1.36302,0.241944
-4.38393,3.23904,1.36302,0.23993
-4.38776,3.21941,1.36302,0.237916
-4.3916,3.19978,1.36302,0.235902
-4.39543,3.18015,1.36302,0.233888
-4.39927,3.16053,1.36303,0.231874
-4.4031,3.1409,1.36303,0.229859
-4.40694,3.12127,1.36303,0.227845
-4.41077,3.10164,1.36303,0.225831
-4.41461,3.08201,1.36303,0.223817
-4.41844,3.06238,1.36303,0.221803
-4.42227,3.04275,1.36304,0.219789
-4.42611,3.02312,1.36304,0.217775
-4.42994,3.00349,1.36304,0.21576
-4.43378,2.98386,1.36304,0.213746
-4.43761,2.96424,1.36304,0.211732
-4.44145,2.94461,1.36304,0.209718
-4.44528,2.92498,1.36305,0.207704
-4.44912,2.90535,1.36305,0.20569
-4.45295,2.88572,1.36305,0.203676
-4.45679,2.86609,1.36305,0.201661
-4.46062,2.84646,1.36305,0.199647
-4.46446,2.82683,1.36305,0.197633
-4.46829,2.8072,1.36305,0.195619
-4.47213,2.78758,1.36306,0.193605
-4.47596,2.76795,1.36306,0.191591
-4.47979,2.74832,1.36306,0.189577
-4.48363,2.72869,1.36306,0.187563
-4.48746,2.70906,1.36306,0.185548
-4.4913,2.68943,1.36306,0.183534
-4.49513,2.6698,1.36307,0.18152
-4.49897,2.65017,1.36307,0.179506
-4.5028,2.63054,1.36307,0.177492
-4.50664,2.61091,1.36307,0.175478
-4.51047,2.59129,1.36307,0.173464
-4.51431,2.57166,1.36307,0.171449
-4.51814,2.55203,1.36308,0.169435
-4.52198,2.5324,1.36308,0.167421
-4.52581,2.51277,1.36308,0.165407
-4.52965,2.49314,1.36308,0.163393
-4.53348,2.47351,1.36308,0.161379
-4.53731,2.45388,1.36308,0.159365
-4.54115,2.43425,1.36308,0.15735
-4.54498,2.41463,1.36309,0.155336
-4.54882,2.395,1.36309,0.153322
-4.55265,2.37537,1.36309,0.151308
-4.55649,2.35574,1.36309,0.149294
-4.56032,2.33611,1.36309,0.14728
-4.56416,2.31648,1.36309,0.145266
-4.56799,2.29685,1.3631,0.143252
-4.57183,2.27722,1.3631,0.141237
-4.57566,2.25759,1.3631,0.139223
-4.5795,2.23796,1.3631,0.137209
-4.58333,2.21834,1.3631,0.135195
-4.58717,2.19871,1.3631,0.133181
-4.591,2.17908,1.36311,0.131167
-4.59484,2.15945,1.36311,0.129153
-4.59867,2.13982,1.36311,0.127138
-4.6025,2.12019,1.36311,0.125124
-4.60634,2.10056,1.36311,0.12311
-4.61017,2.08093,1.36311,0.121096
-4.61401,2.0613,1.36312,0.119082
-4.61784,2.04168,1.36312,0.117068
-4.62168,2.02205,1.36312,0.115054
-4.62551,2.00242,1.36312,0.113039
-4.62935,1.98279,1.36312,0.111025
-4.63318,1.96316,1.36312,0.109011
-4.63702,1.94353,1.36312,0.106997
-4.64085,1.9239,1.36313,0.104983
-4.64469,1.90427,1.36313,0.102969
-4.64852,1.88464,1.36313,0.100955
-4.65236,1.86502,1.36313,0.0989405
-4.65619,1.84539,1.36313,0.0969264
-4.66002,1.82576,1.36313,0.0949122
-4.66386,1.80613,1.36314,0.0928981
-4.66769,1.7865,1.36314,0.090884
-4.67153,1.76687,1.36314,0.0888698
-4.67536,1.74724,1.36314,0.0868557
-4.6792,1.72761,1.36314,0.0848416
-4.68303,1.70798,1.36314,0.0828274
-4.68687,1.68835,1.36315,0.0808133
-4.6907,1.66873,1.36315,0.0787992
-4.69454,1.6491,1.36315,0.076785
-4.69837,1.62947,1.36315,0.0747709
-4.70221,1.60984,1.36315,0.0727567
-4.70604,1.59021,1.36315,0.0707426
-4.70988,1.57058,1.36315,0.0687285
-4.71371,1.55095,1.36316,0.0667143
-4.71754,1.53132,1.36316,0.0647002
-4.72138,1.51169,1.36316,0.0626861
-4.72521,1.49207,1.36316,0.0606719
-4.72905,1.47244,1.36316,0.0586578
-4.73288,1.45281,1.36316,0.0566437
-4.73672,1.43318,1.36317,0.0546295
-4.74055,1.41355,1.36317,0.0526154
-4.74439,1.39392,1.36317,0.0506012
-4.74822,1.37429,1.36317,0.0485871
-4.75206,1.35466,1.36317,0.046573
-4.75589,1.33503,1.36317,0.0445588
-4.75973,1.3154,1.36318,0.0425447
-4.76356,1.29578,1.36318,0.0405306
-4.7674,1.27615,1.36318,0.0385164
-4.77123,1.25652,1.36318,0.0365023
-4.77506,1.23689,1.36318,0.0344882
-4.7789,1.21726,1.36318,0.032474
-4.78273,1.19763,1.36318,0.0304599
-4.78657,1.178,1.36319,0.0284457
-4.7904,1.15837,1.36319,0.0264316
-4.79424,1.13874,1.36319,0.0244175
-4.79807,1.11912,1.36319,0.0224033
-4.80191,1.09949,1.36319,0.0203892
-4.80574,1.07986,1.36319,0.0183751
-4.80958,1.06023,1.3632,0.0163609
-4.81341,1.0406,1.3632,0.0143468
-4.81725,1.02097,1.3632,0.0123326
-4.82108,1.00134,1.3632,0.0103185
-4.82492,0.981713,1.3632,0.00830438
-4.82875,0.962084,1.3632,0.00629024
-4.83259,0.942455,1.36321,0.0042761
-4.83642,0.922826,1.36321,0.00226197
-4.84025,0.903197,1.36321,0.000247829
-4.70772,0.948119,1.4191,0.241792
-4.716,0.930278,1.42272,0.239953
-4.72429,0.912438,1.42634,0.238113
-4.73257,0.894598,1.42996,0.236274
-4.74085,0.876758,1.43358,0.234435
-4.74914,0.858918,1.4372,0.232596
-4.75742,0.841077,1.44083,0.230757
-4.7657,0.823237,1.44445,0.228918
-4.77399,0.805397,1.44807,0.227079
-4.78227,0.787557,1.45169,0.22524
-4.79055,0.769717,1.45531,0.223401
-4.79884,0.751876,1.45894,0.221561
-4.80712,0.734036,1.46256,0.219722
-4.8154,0.716196,1.46618,0.217883
-4.82368,0.698356,1.4698,0.216044
-4.83197,0.680516,1.47342,0.214205
-4.84025,0.662675,1.47704,0.212366
-4.84853,0.644835,1.48067,0.210527
-4.85682,0.626995,1.48429,0.208688
-4.8651,0.609155,1.48791,0.206849
-4.87338,0.591315,1.49153,0.205009
-4.88167,0.573474,1.49515,0.20317
-4.88995,0.555634,1.49877,0.201331
-4.89823,0.537794,1.5024,0.199492
-4.90652,0.519954,1.50602,0.197653
-4.9148,0.502114,1.50964,0.195814
-4.92308,0.484273,1.51326,0.193975
-4.93136,0.466433,1.51688,0.192136
-4.93965,0.448593,1.52051,0.190297
-4.94793,0.430753,1.52413,0.188457
-4.95621,0.412913,1.52775,0.186618
-4.9645,0.395072,1.53137,0.184779
-4.97278,0.377232,1.53499,0.18294
-4.98106,0.359392,1.53861,0.181101
-4.98935,0.341552,1.54224,0.179262
-4.99763,0.323712,1.54586,0.177423
-5.00591,0.305871,1.54948,0.175584
-5.0142,0.288031,1.5531,0.173745
-5.02248,0.270191,1.55672,0.171905
-5.03076,0.252351,1.56035,0.170066
-5.03905,0.234511,1.56397,0.168227
-5.04733,0.21667,1.56759,0.166388
-5.05561,0.19883,1.57121,0.164549
-5.06389,0.18099,1.57483,0.16271
-5.07218,0.16315,1.57845,0.160871
-5.08046,0.14531,1.58208,0.159032
-5.08874,0.127469,1.5857,0.157193
-5.09703,0.109629,1.58932,0.155353
-5.10531,0.091789,1.59294,0.153514
-5.11359,0.0739488,1.59656,0.151675
-5.12188,0.0561086,1.60019,0.149836
-5.13016,0.0382684,1.60381,0.147997
-5.13844,0.0204282,1.60743,0.146158
-5.14673,0.00258797,1.61105,0.144319
-5.15501,-0.0152522,1.61467,0.14248
-5.16329,-0.0330924,1.61829,0.140641
-5.17157,-0.0509326,1.62192,0.138801
-5.17986,-0.0687728,1.62554,0.136962
-5.18814,-0.086613,1.62916,0.135123
-5.19642,-0.104453,1.63278,0.133284
-5.20471,-0.122293,1.6364,0.131445
-5.21299,-0.140134,1.64003,0.129606
-5.22127,-0.157974,1.64365,0.127767
-5.22956,-0.175814,1.64727,0.125928
-5.23784,-0.193654,1.65089,0.124089
-5.24612,-0.211494,1.65451,0.122249
-5.25441,-0.229335,1.65813,0.12041
-5.26269,-0.247175,1.66176,0.118571
-5.27097,-0.265015,1.66538,0.116732
-5.27926,-0.282855,1.669,0.114893
-5.28754,-0.300695,1.67262,0.113054
-5.29582,-0.318536,1.67624,0.111215
-5.3041,-0.336376,1.67987,0.109376
-5.31239,-0.354216,1.68349,0.107537
-5.32067,-0.372056,1.68711,0.105697
-5.32895,-0.389896,1.69073,0.103858
-5.33724,-0.407737,1.69435,0.102019
-5.34552,-0.425577,1.69797,0.10018
-5.3538,-0.443417,1.7016,0.098341
-5.36209,-0.461257,1.70522,0.0965019
-5.37037,-0.479097,1.70884,0.0946628
-5.37865,-0.496938,1.71246,0.0928237
-5.38694,-0.514778,1.71608,0.0909846
-5.39522,-0.532618,1.71971,0.0891455
-5.4035,-0.550458,1.72333,0.0873064
-5.41178,-0.568298,1.72695,0.0854672
-5.42007,-0.586139,1.73057,0.0836281
-5.42835,-0.603979,1.73419,0.081789
-5.43663,-0.621819,1.73781,0.0799499
-5.44492,-0.639659,1.74144,0.0781108
-5.4532,-0.657499,1.74506,0.0762717
-5.46148,-0.67534,1.74868,0.0744326
-5.46977,-0.69318,1.7523,0.0725935
-5.47805,-0.71102,1.75592,0.0707544
-5.48633,-0.72886,1.75955,0.0689153
-5.49462,-0.7467,1.76317,0.0670761
-5.5029,-0.764541,1.76679,0.065237
-5.51118,-0.782381,1.77041,0.0633979
-5.51946,-0.800221,1.77403,0.0615588
-5.52775,-0.818061,1.77765,0.0597197
-5.53603,-0.835901,1.78128,0.0578806
-5.54431,-0.853742,1.7849,0.0560415
-5.5526,-0.871582,1.78852,0.0542024
-5.56088,-0.889422,1.79214,0.0523633
-5.56916,-0.907262,1.79576,0.0505241
-5.57745,-0.925102,1.79939,0.048685
-5.58573,-0.942943,1.80301,0.0468459
-5.59401,-0.960783,1.80663,0.0450068
-5.6023,-0.978623,1.81025,0.0431677
-5.61058,-0.996463,1.81387,0.0413286
-5.61886,-1.0143,1.81749,0.0394895
-5.62715,-1.03214,1.82112,0.0376504
-5.63543,-1.04998,1.82474,0.0358113
-5.64371,-1.06782,1.82836,0.0339722
-5.65199,-1.08566,1.83198,0.032133
-5.66028,-1.1035,1.8356,0.0302939
-5.66856,-1.12134,1.83923,0.0284548
-5.67684,-1.13918,1.84285,0.0266157
-5.68513,-1.15702,1.84647,0.0247766
-5.69341,-1.17487,1.85009,0.0229375
-5.70169,-1.19271,1.85371,0.0210984
-5.70998,-1.21055,1.85733,0.0192593
-5.71826,-1.22839,1.86096,0.0174202
-5.72654,-1.24623,1.86458,0.015581
-5.73483,-1.26407,1.8682,0.0137419
-5.74311,-1.28191,1.87182,0.0119028
-5.75139,-1.29975,1.87544,0.0100637
-5.75967,-1.31759,1.87906,0.0082246
-5.76796,-1.33543,1.88269,0.00638549
-5.77624,-1.35327,1.88631,0.00454638
-5.78452,-1.37111,1.88993,0.00270727
-5.79281,-1.38895,1.89355,0.000868162
-5.66268,-1.32688,1.95094,0.384812
-5.65985,-1.34657,1.95296,0.381871
-5.65701,-1.36627,1.95498,0.378929
-5.65417,-1.38596,1.957,0.375988
-5.65133,-1.40566,1.95903,0.373047
-5.64849,-1.42535,1.96105,0.370105
-5.64565,-1.44504,1.96307,0.367164
-5.64282,-1.46474,1.96509,0.364223
-5.63998,-1.48443,1.96711,0.361281
-5.63714,-1.50413,1.96914,0.35834
-5.6343,-1.52382,1.97116,0.355399
-5.63146,-1.54351,1.97318,0.352458
-5.62862,-1.56321,1.9752,0.349516
-5.62579,-1.5829,1.97722,0.346575
-5.62295,-1.6026,1.97925,0.343634
-5.62011,-1.62229,1.98127,0.340692
-5.61727,-1.64198,1.98329,0.337751
-5.61443,-1.66168,1.98531,0.33481
-5.61159,-1.68137,1.98733,0.331868
-5.60876,-1.70107,1.98936,0.328927
-5.60592,-1.72076,1.99138,0.325986
-5.60308,-1.74045,1.9934,0.323044
-5.60024,-1.76015,1.99542,0.320103
-5.5974,-1.77984,1.99744,0.317162
-5.59456,-1.79954,1.99947,0.31422
-5.59173,-1.81923,2.00149,0.311279
-5.58889,-1.83893,2.00351,0.308338
-5.58605,-1.85862,2.00553,0.305396
-5.58321,-1.87831,2.00755,0.302455
-5.58037,-1.89801,2.00958,0.299514
-5.57753,-1.9177,2.0116,0.296572
-5.5747,-1.9374,2.01362,0.293631
-5.57186,-1.95709,2.01564,0.29069
-5.56902,-1.97678,2.01766,0.287748
-5.56618,-1.99648,2.01969,0.284807
-5.56334,-2.01617,2.02171,0.281866
-5.5605,-2.03587,2.02373,0.278924
-5.55767,-2.05556,2.02575,0.275983
-5.55483,-2.07525,2.02777,0.273042
-5.55199,-2.09495,2.02979,0.2701
-5.54915,-2.11464,2.03182,0.267159
-5.54631,-2.13434,2.03384,0.264218
-5.54347,-2.15403,2.03586,0.261276
-5.54063,-2.17372,2.03788,0.258335
-5.5378,-2.19342,2.0399,0.255394
-5.53496,-2.21311,2.04193,0.252452
-5.53212,-2.23281,2.04395,0.249511
-5.52928,-2.2525,2.04597,0.24657
-5.52644,-2.27219,2.04799,0.243628
-5.5236,-2.29189,2.05001,0.240687
-5.52077,-2.31158,2.05204,0.237746
-5.51793,-2.33128,2.05406,0.234804
-5.51509,-2.35097,2.05608,0.231863
-5.51225,-2.37066,2.0581,0.228922
-5.50941,-2.39036,2.06012,0.22598
-5.50657,-2.41005,2.06215,0.223039
-5.50374,-2.42975,2.06417,0.220098
-5.5009,-2.44944,2.06619,0.217156
-5.49806,-2.46913,2.06821,0.214215
-5.49522,-2.48883,2.07023,0.211274
-5.49238,-2.50852,2.07226,0.208332
-5.48954,-2.52822,2.07428,0.205391
-5.48671,-2.54791,2.0763,0.20245
-5.48387,-2.5676,2.07832,0.199508
-5.48103,-2.5873,2.08034,0.196567
-5.47819,-2.60699,2.08237,0.193626
-5.47535,-2.62669,2.08439,0.190684
-5.47251,-2.64638,2.08641,0.187743
-5.46968,-2.66608,2.08843,0.184802
-5.46684,-2.68577,2.09045,0.181861
-5.464,-2.70546,2.09248,0.178919
-5.46116,-2.72516,2.0945,0.175978
-5.45832,-2.74485,2.09652,0.173037
-5.45548,-2.76455,2.09854,0.170095
-5.45265,-2.78424,2.10056,0.167154
-5.44981,-2.80393,2.10259,0.164213
-5.44697,-2.82363,2.10461,0.161271
-5.44413,-2.84332,2.10663,0.15833
-5.44129,-2.86302,2.10865,0.155389
-5.43845,-2.88271,2.11067,0.152447
-5.43561,-2.9024,2.11269,0.149506
-5.43278,-2.9221,2.11472,0.146565
-5.42994,-2.94179,2.11674,0.143623
-5.4271,-2.96149,2.11876,0.140682
-5.42426,-2.98118,2.12078,0.137741
-5.42142,-3.00087,2.1228,0.134799
-5.41858,-3.02057,2.12483,0.131858
-5.41575,-3.04026,2.12685,0.128917
-5.41291,-3.05996,2.12887,0.125975
-5.41007,-3.07965,2.13089,0.123034
-5.40723,-3.09934,2.13291,0.120093
-5.40439,-3.11904,2.13494,0.117151
-5.40155,-3.13873,2.13696,0.11421
-5.39872,-3.15843,2.13898,0.111269
-5.39588,-3.17812,2.141,0.108327
-5.39304,-3.19781,2.14302,0.105386
-5.3902,-3.21751,2.14505,0.102445
-5.38736,-3.2372,2.14707,0.0995033
-5.38452,-3.2569,2.14909,0.096562
-5.38169,-3.27659,2.15111,0.0936207
-5.37885,-3.29628,2.15313,0.0906793
-5.37601,-3.31598,2.15516,0.087738
-5.37317,-3.33567,2.15718,0.0847967
-5.37033,-3.35537,2.1592,0.0818554
-5.36749,-3.37506,2.16122,0.078914
-5.36466,-3.39475,2.16324,0.0759727
-5.36182,-3.41445,2.16527,0.0730314
-5.35898,-3.43414,2.16729,0.0700901
-5.35614,-3.45384,2.16931,0.0671487
-5.3533,-3.47353,2.17133,0.0642074
-5.35046,-3.49322,2.17335,0.0612661
-5.34763,-3.51292,2.17538,0.0583247
-5.34479,-3.53261,2.1774,0.0553834
-5.34195,-3.55231,2.17942,0.0524421
-5.33911,-3.572,2.18144,0.0495008
-5.33627,-3.5917,2.18346,0.0465594
-5.33343,-3.61139,2.18549,0.0436181
-5.3306,-3.63108,2.18751,0.0406768
-5.32776,-3.65078,2.18953,0.0377354
-5.32492,-3.67047,2.19155,0.0347941
-5.32208,-3.69017,2.19357,0.0318528
-5.31924,-3.70986,2.19559,0.0289115
-5.3164,-3.72955,2.19762,0.0259701
-5.31356,-3.74925,2.19964,0.0230288
-5.31073,-3.76894,2.20166,0.0200875
-5.30789,-3.78864,2.20368,0.0171462
-5.30505,-3.80833,2.2057,0.0142048
-5.30221,-3.82802,2.20773,0.0112635
-5.29937,-3.84772,2.20975,0.00832217
-5.29653,-3.86741,2.21177,0.00538085
-5.2937,-3.88711,2.21379,0.00243952
-5.16688,-3.81291,2.27187,0.484225
-5.15091,-3.82453,2.26877,0.48059
-5.13494,-3.83616,2.26566,0.476955
-5.11896,-3.84779,2.26256,0.47332
-5.10299,-3.85942,2.25945,0.469686
-5.08702,-3.87105,2.25634,0.466051
-5.07104,-3.88268,2.25324,0.462416
-5.05507,-3.8943,2.25013,0.458781
-5.0391,-3.90593,2.24703,0.455146
-5.02312,-3.91756,2.24392,0.451511
-5.00715,-3.92919,2.24082,0.447877
-4.99118,-3.94082,2.23771,0.444242
-4.97521,-3.95245,2.23461,0.440607
-4.95923,-3.96408,2.2315,0.436972
-4.94326,-3.9757,2.22839,0.433337
-4.92729,-3.98733,2.22529,0.429702
-4.91131,-3.99896,2.22218,0.426067
-4.89534,-4.01059,2.21908,0.422433
-4.87937,-4.02222,2.21597,0.418798
-4.86339,-4.03385,2.21287,0.415163
-4.84742,-4.04547,2.20976,0.411528
-4.83145,-4.0571,2.20666,0.407893
-4.81548,-4.06873,2.20355,0.404258
-4.7995,-4.08036,2.20044,0.400624
-4.78353,-4.09199,2.19734,0.396989
-4.76756,-4.10362,2.19423,0.393354
-4.75158,-4.11524,2.19113,0.389719
-4.73561,-4.12687,2.18802,0.386084
-4.71964,-4.1385,2.18492,0.382449
-4.70366,-4.15013,2.18181,0.378815
-4.68769,-4.16176,2.17871,0.37518
-4.67172,-4.17339,2.1756,0.371545
-4.65575,-4.18501,2.17249,0.36791
-4.63977,-4.19664,2.16939,0.364275
-4.6238,-4.20827,2.16628,0.36064
-4.60783,-4.2199,2.16318,0.357005
-4.59185,-4.23153,2.16007,0.353371
-4.57588,-4.24316,2.15697,0.349736
-4.55991,-4.25478,2.15386,0.346101
-4.54393,-4.26641,2.15076,0.342466
-4.52796,-4.27804,2.14765,0.338831
-4.51199,-4.28967,2.14454,0.335196
-4.49602,-4.3013,2.14144,0.331562
-4.48004,-4.31293,2.13833,0.327927
-4.46407,-4.32455,2.13523,0.324292
-4.4481,-4.33618,2.13212,0.320657
-4.43212,-4.34781,2.12902,0.317022
-4.41615,-4.35944,2.12591,0.313387
-4.40018,-4.37107,2.12281,0.309753
-4.3842,-4.3827,2.1197,0.306118
-4.36823,-4.39432,2.11659,0.302483
-4.35226,-4.40595,2.11349,0.298848
-4.33629,-4.41758,2.11038,0.295213
-4.32031,-4.42921,2.10728,0.291578
-4.30434,-4.44084,2.10417,0.287943
-4.28837,-4.45247,2.10107,0.284309
-4.27239,-4.46409,2.09796,0.280674
-4.25642,-4.47572,2.09486,0.277039
-4.24045,-4.48735,2.09175,0.273404
-4.22447,-4.49898,2.08865,0.269769
-4.2085,-4.51061,2.08554,0.266134
-4.19253,-4.52224,2.08243,0.2625
-4.17656,-4.53386,2.07933,0.258865
-4.16058,-4.54549,2.07622,0.25523
-4.14461,-4.55712,2.07312,0.251595
-4.12864,-4.56875,2.07001,0.24796
-4.11266,-4.58038,2.06691,0.244325
-4.09669,-4.59201,2.0638,0.240691
-4.08072,-4.60363,2.0607,0.237056
-4.06474,-4.61526,2.05759,0.233421
-4.04877,-4.62689,2.05448,0.229786
-4.0328,-4.63852,2.05138,0.226151
-4.01683,-4.65015,2.04827,0.222516
-4.00085,-4.66178,2.04517,0.218881
-3.98488,-4.6734,2.04206,0.215247
-3.96891,-4.68503,2.03896,0.211612
-3.95293,-4.69666,2.03585,0.207977
-3.93696,-4.70829,2.03275,0.204342
-3.92099,-4.71992,2.02964,0.200707
-3.90501,-4.73155,2.02653,0.197072
-3.88904,-4.74318,2.02343,0.193438
-3.87307,-4.7548,2.02032,0.189803
-3.8571