-0.633119,-0.499647,0.802972,3.1387
-0.651738,-0.49373,0.807254,-3.09682
-0.670356,-0.487813,0.811536,-3.04917
-0.688975,-0.481896,0.815817,-3.00151
-0.707594,-0.475979,0.820099,-2.95385
-0.726213,-0.470062,0.824381,-2.90619
-0.744832,-0.464146,0.828662,-2.85853
-0.76345,-0.458229,0.832944,-2.81087
-0.782069,-0.452312,0.837226,-2.76321
-0.800688,-0.446395,0.841507,-2.71555
-0.819307,-0.440478,0.845789,-2.66789
-0.837925,-0.434561,0.850071,-2.62023
-0.856544,-0.428645,0.854352,-2.57257
-0.875163,-0.422728,0.858634,-2.52492
-0.893782,-0.416811,0.862916,-2.47726
-0.9124,-0.410894,0.867197,-2.4296
-0.931019,-0.404977,0.871479,-2.38194
-0.949638,-0.39906,0.875761,-2.33428
-0.968257,-0.393144,0.880042,-2.28662
-0.986875,-0.387227,0.884324,-2.23896
-1.00549,-0.38131,0.888606,-2.1913
-1.02411,-0.375393,0.892887,-2.14364
-1.04273,-0.369476,0.897169,-2.09598
-1.06135,-0.363559,0.901451,-2.04832
-1.07997,-0.357643,0.905732,-2.00066
-1.09859,-0.351726,0.910014,-1.95301
-1.11721,-0.345809,0.914296,-1.90535
-1.13583,-0.339892,0.918577,-1.85769
-1.15444,-0.333975,0.922859,-1.81003
-1.17306,-0.328058,0.927141,-1.76237
-1.19168,-0.322142,0.931422,-1.71471
-1.2103,-0.316225,0.935704,-1.66705
-1.22892,-0.310308,0.939986,-1.61939
-1.24754,-0.304391,0.944267,-1.57173
-1.26616,-0.298474,0.948549,-1.52407
-1.28478,-0.292557,0.952831,-1.47641
-1.30339,-0.286641,0.957112,-1.42876
-1.32201,-0.280724,0.961394,-1.3811
-1.34063,-0.274807,0.965676,-1.33344
-1.35925,-0.26889,0.969957,-1.28578
-1.37787,-0.262973,0.974239,-1.23812
-1.39649,-0.257056,0.978521,-1.19046
-1.41511,-0.251139,0.982802,-1.1428
-1.43373,-0.245223,0.987084,-1.09514
-1.45234,-0.239306,0.991366,-1.04748
-1.47096,-0.233389,0.995647,-0.999823
-1.48958,-0.227472,0.999929,-0.952164
-1.5082,-0.221555,1.00421,-0.904505
-1.52682,-0.215638,1.00849,-0.856846
-1.54544,-0.209722,1.01277,-0.809186
-1.56406,-0.203805,1.01706,-0.761527
-1.58144,-0.195205,1.02195,-0.765174
-1.59882,-0.186604,1.02685,-0.76882
-1.6162,-0.178004,1.03175,-0.772467
-1.63358,-0.169404,1.03664,-0.776113
-1.65096,-0.160804,1.04154,-0.77976
-1.66834,-0.152204,1.04644,-0.783407
-1.68572,-0.143603,1.05133,-0.787053
-1.7031,-0.135003,1.05623,-0.7907
-1.72048,-0.126403,1.06113,-0.794346
-1.73785,-0.117803,1.06603,-0.797993
-1.75523,-0.109203,1.07092,-0.801639
-1.77261,-0.100602,1.07582,-0.805286
-1.78999,-0.0920023,1.08072,-0.808932
-1.80737,-0.0834021,1.08561,-0.812579
-1.82475,-0.0748019,1.09051,-0.816225
-1.84213,-0.0662017,1.09541,-0.819872
-1.85951,-0.0576015,1.1003,-0.823518
-1.87689,-0.0490013,1.1052,-0.827165
-1.89427,-0.0404012,1.1101,-0.830811
-1.91165,-0.031801,1.11499,-0.834458
-1.92903,-0.0232008,1.11989,-0.838104
-1.94641,-0.0146006,1.12479,-0.841751
-1.96379,-0.00600039,1.12969,-0.845397
-1.98117,0.0025998,1.13458,-0.849044
-1.99855,0.0112,1.13948,-0.852691
-2.01593,0.0198002,1.14438,-0.856337
-2.03331,0.0284004,1.14927,-0.859984
-2.05069,0.0370006,1.15417,-0.86363
-2.06807,0.0456008,1.15907,-0.867277
-2.08545,0.0542009,1.16396,-0.870923
-2.10283,0.0628011,1.16886,-0.87457
-2.12021,0.0714013,1.17376,-0.878216
-2.13759,0.0800015,1.17866,-0.881863
-2.15497,0.0886017,1.18355,-0.885509
-2.17235,0.0972019,1.18845,-0.889156
-2.18973,0.105802,1.19335,-0.892802
-2.20711,0.114402,1.19824,-0.896449
-2.22449,0.123002,1.20314,-0.900095
-2.24187,0.131603,1.20804,-0.903742
-2.25925,0.140203,1.21293,-0.907388
-2.27663,0.148803,1.21783,-0.911035
-2.29401,0.157403,1.22273,-0.914682
-2.31139,0.166003,1.22763,-0.918328
-2.32877,0.174604,1.23252,-0.921975
-2.34615,0.183204,1.23742,-0.925621
-2.36353,0.191804,1.24232,-0.929268
-2.38091,0.200404,1.24721,-0.932914
-2.39829,0.209004,1.25211,-0.936561
-2.41567,0.217605,1.25701,-0.940207
-2.43305,0.226205,1.2619,-0.943854
-2.44644,0.240317,1.26653,-0.944011
-2.45983,0.25443,1.27116,-0.944168
-2.47323,0.268542,1.27579,-0.944325
-2.48662,0.282655,1.28042,-0.944483
-2.50002,0.296767,1.28505,-0.94464
-2.51341,0.31088,1.28967,-0.944797
-2.52681,0.324992,1.2943,-0.944954
-2.5402,0.339104,1.29893,-0.945111
-2.5536,0.353217,1.30356,-0.945268
-2.56699,0.367329,1.30819,-0.945426
-2.58039,0.381442,1.31282,-0.945583
-2.59378,0.395554,1.31744,-0.94574
-2.60718,0.409667,1.32207,-0.945897
-2.62057,0.423779,1.3267,-0.946054
-2.63397,0.437892,1.33133,-0.946212
-2.64736,0.452004,1.33596,-0.946369
-2.66075,0.466117,1.34059,-0.946526
-2.67415,0.480229,1.34522,-0.946683
-2.68754,0.494342,1.34984,-0.94684
-2.70094,0.508454,1.35447,-0.946997
-2.71433,0.522566,1.3591,-0.947155
-2.72773,0.536679,1.36373,-0.947312
-2.74112,0.550791,1.36836,-0.947469
-2.75452,0.564904,1.37299,-0.947626
-2.76791,0.579016,1.37761,-0.947783
-2.78131,0.593129,1.38224,-0.947941
-2.7947,0.607241,1.38687,-0.948098
-2.8081,0.621354,1.3915,-0.948255
-2.82149,0.635466,1.39613,-0.948412
-2.83488,0.649579,1.40076,-0.948569
-2.84828,0.663691,1.40538,-0.948726
-2.86167,0.677804,1.41001,-0.948884
-2.87507,0.691916,1.41464,-0.949041
-2.88846,0.706028,1.41927,-0.949198
-2.90186,0.720141,1.4239,-0.949355
-2.91525,0.734253,1.42853,-0.949512
-2.92865,0.748366,1.43315,-0.94967
-2.94204,0.762478,1.43778,-0.949827
-2.95544,0.776591,1.44241,-0.949984
-2.96883,0.790703,1.44704,-0.950141
-2.98223,0.804816,1.45167,-0.950298
-2.99562,0.818928,1.4563,-0.950455
-3.00902,0.833041,1.46093,-0.950613
-3.02241,0.847153,1.46555,-0.95077
-3.0358,0.861266,1.47018,-0.950927
-3.0492,0.875378,1.47481,-0.951084
-3.06259,0.88949,1.47944,-0.951241
-3.07599,0.903603,1.48407,-0.951399
-3.08938,0.917715,1.4887,-0.951556
-3.10278,0.931828,1.49332,-0.951713
-3.10493,0.951648,1.49174,-0.891176
-3.10708,0.971469,1.49016,-0.830639
-3.10924,0.991289,1.48857,-0.770102
-3.11139,1.01111,1.48699,-0.709566
-3.11354,1.03093,1.4854,-0.649029
-3.1157,1.05075,1.48382,-0.588492
-3.11785,1.07057,1.48223,-0.527955
-3.12,1.09039,1.48065,-0.467418
-3.12216,1.11021,1.47907,-0.406881
-3.12431,1.13003,1.47748,-0.346344
-3.12647,1.14985,1.4759,-0.285808
-3.12862,1.16967,1.47431,-0.225271
-3.13077,1.18949,1.47273,-0.164734
-3.13293,1.20932,1.47114,-0.104197
-3.13508,1.22914,1.46956,-0.0436602
-3.13723,1.24896,1.46798,0.0168767
-3.13939,1.26878,1.46639,0.0774135
-3.14154,1.2886,1.46481,0.13795
-3.14369,1.30842,1.46322,0.198487
-3.14585,1.32824,1.46164,0.259024
-3.148,1.34806,1.46005,0.319561
-3.15015,1.36788,1.45847,0.380098
-3.15231,1.3877,1.45689,0.440635
-3.15446,1.40752,1.4553,0.501171
-3.15661,1.42734,1.45372,0.561708
-3.15877,1.44716,1.45213,0.622245
-3.16092,1.46698,1.45055,0.682782
-3.16307,1.4868,1.44896,0.743319
-3.16523,1.50662,1.44738,0.803856
-3.16738,1.52644,1.4458,0.864393
-3.16953,1.54626,1.44421,0.924929
-3.17169,1.56608,1.44263,0.985466
-3.17384,1.5859,1.44104,1.046
-3.17599,1.60573,1.43946,1.10654
-3.17815,1.62555,1.43788,1.16708
-3.1803,1.64537,1.43629,1.22761
-3.18245,1.66519,1.43471,1.28815
-3.18461,1.68501,1.43312,1.34869
-3.18676,1.70483,1.43154,1.40922
-3.18891,1.72465,1.42995,1.46976
-3.19107,1.74447,1.42837,1.5303
-3.19322,1.76429,1.42679,1.59083
-3.19537,1.78411,1.4252,1.65137
-3.19753,1.80393,1.42362,1.71191
-3.19968,1.82375,1.42203,1.77245
-3.20183,1.84357,1.42045,1.83298
-3.20399,1.86339,1.41886,1.89352
-3.20614,1.88321,1.41728,1.95406
-3.20829,1.90303,1.4157,2.01459
-3.21045,1.92285,1.41411,2.07513
-3.22921,1.92767,1.41907,2.07388
-3.24798,1.93248,1.42404,2.07263
-3.26675,1.93729,1.429,2.07138
-3.28552,1.94211,1.43397,2.07013
-3.30428,1.94692,1.43893,2.06888
-3.32305,1.95173,1.44389,2.06764
-3.34182,1.95655,1.44886,2.06639
-3.36058,1.96136,1.45382,2.06514
-3.37935,1.96617,1.45878,2.06389
-3.39812,1.97099,1.46375,2.06264
-3.41688,1.9758,1.46871,2.06139
-3.43565,1.98061,1.47367,2.06014
-3.45442,1.98543,1.47864,2.05889
-3.47318,1.99024,1.4836,2.05764
-3.49195,1.99505,1.48856,2.0564
-3.51072,1.99987,1.49353,2.05515
-3.52949,2.00468,1.49849,2.0539
-3.54825,2.00949,1.50345,2.05265
-3.56702,2.0143,1.50842,2.0514
-3.58579,2.01912,1.51338,2.05015
-3.60455,2.02393,1.51834,2.0489
-3.62332,2.02874,1.52331,2.04765
-3.64209,2.03356,1.52827,2.0464
-3.66085,2.03837,1.53323,2.04515
-3.67962,2.04318,1.5382,2.04391
-3.69839,2.048,1.54316,2.04266
-3.71715,2.05281,1.54812,2.04141
-3.73592,2.05762,1.55309,2.04016
-3.75469,2.06244,1.55805,2.03891
-3.77346,2.06725,1.56302,2.03766
-3.79222,2.07206,1.56798,2.03641
-3.81099,2.07688,1.57294,2.03516
-3.82976,2.08169,1.57791,2.03391
-3.84852,2.0865,1.58287,2.03266
-3.86729,2.09132,1.58783,2.03142
-3.88606,2.09613,1.5928,2.03017
-3.90482,2.10094,1.59776,2.02892
-3.92359,2.10576,1.60272,2.02767
-3.94236,2.11057,1.60769,2.02642
-3.96112,2.11538,1.61265,2.02517
-3.97989,2.1202,1.61761,2.02392
-3.99866,2.12501,1.62258,2.02267
-4.01743,2.12982,1.62754,2.02142
-4.03619,2.13464,1.6325,2.02017
-4.05496,2.13945,1.63747,2.01893
-4.07373,2.14426,1.64243,2.01768
-4.09249,2.14907,1.64739,2.01643
-4.11126,2.15389,1.65236,2.01518
-4.13003,2.1587,1.65732,2.01393
-4.14879,2.16351,1.66228,2.01268
-4.16349,2.15098,1.66745,2.03974
-4.17819,2.13844,1.67261,2.0668
-4.1929,2.1259,1.67777,2.09386
-4.2076,2.11336,1.68294,2.12092
-4.2223,2.10082,1.6881,2.14799
-4.237,2.08828,1.69326,2.17505
-4.2517,2.07574,1.69843,2.20211
-4.2664,2.0632,1.70359,2.22917
-4.2811,2.05066,1.70875,2.25623
-4.2958,2.03812,1.71391,2.28329
-4.3105,2.02558,1.71908,2.31035
-4.3252,2.01304,1.72424,2.33741
-4.3399,2.0005,1.7294,2.36447
-4.3546,1.98796,1.73457,2.39153
-4.3693,1.97542,1.73973,2.41859
-4.384,1.96288,1.74489,2.44566
-4.3987,1.95034,1.75006,2.47272
-4.4134,1.93781,1.75522,2.49978
-4.4281,1.92527,1.76038,2.52684
-4.4428,1.91273,1.76554,2.5539
-4.45751,1.90019,1.77071,2.58096
-4.47221,1.88765,1.77587,2.60802
-4.48691,1.87511,1.78103,2.63508
-4.50161,1.86257,1.7862,2.66214
-4.51631,1.85003,1.79136,2.6892
-4.53101,1.83749,1.79652,2.71626
-4.54571,1.82495,1.80169,2.74333
-4.56041,1.81241,1.80685,2.77039
-4.57511,1.79987,1.81201,2.79745
-4.58981,1.78733,1.81717,2.82451
-4.60451,1.77479,1.82234,2.85157
-4.61921,1.76225,1.8275,2.87863
-4.63391,1.74971,1.83266,2.90569
-4.64861,1.73718,1.83783,2.93275
-4.66331,1.72464,1.84299,2.95981
-4.67801,1.7121,1.84815,2.98687
-4.69271,1.69956,1.85332,3.01394
-4.70742,1.68702,1.85848,3.041
-4.72212,1.67448,1.86364,3.06806
-4.73682,1.66194,1.8688,3.09512
-4.75152,1.6494,1.87397,3.12218
-4.76622,1.63686,1.87913,-3.13395
-4.78092,1.62432,1.88429,-3.10688
-4.79562,1.61178,1.88946,-3.07982
-4.81032,1.59924,1.89462,-3.05276
-4.82502,1.5867,1.89978,-3.0257
-4.83972,1.57416,1.90495,-2.99864
-4.85442,1.56162,1.91011,-2.97158
-4.86912,1.54908,1.91527,-2.94452
-4.88382,1.53654,1.92043,-2.91746
-4.89382,1.52063,1.91361,-2.92914
-4.90382,1.50471,1.90679,-2.94082
-4.91382,1.48879,1.89996,-2.95251
-4.92382,1.47287,1.89314,-2.96419
-4.93383,1.45695,1.88632,-2.97587
-4.94383,1.44103,1.87949,-2.98756
-4.95383,1.42511,1.87267,-2.99924
-4.96383,1.40919,1.86585,-3.01092
-4.97383,1.39327,1.85902,-3.0226
-4.98383,1.37735,1.8522,-3.03429
-4.99383,1.36143,1.84538,-3.04597
-5.00383,1.34551,1.83855,-3.05765
-5.01383,1.32959,1.83173,-3.06934
-5.02383,1.31367,1.82491,-3.08102
-5.03383,1.29775,1.81808,-3.0927
-5.04383,1.28183,1.81126,-3.10438
-5.05383,1.26591,1.80444,-3.11607
-5.06383,1.24999,1.79761,-3.12775
-5.07383,1.23407,1.79079,-3.13943
-5.08383,1.21816,1.78397,3.13207
-5.09383,1.20224,1.77714,3.12039
-5.10383,1.18632,1.77032,3.1087
-5.11384,1.1704,1.7635,3.09702
-5.12384,1.15448,1.75667,3.08534
-5.13384,1.13856,1.74985,3.07365
-5.14384,1.12264,1.74303,3.06197
-5.15384,1.10672,1.7362,3.05029
-5.16384,1.0908,1.72938,3.03861
-5.17384,1.07488,1.72255,3.02692
-5.18384,1.05896,1.71573,3.01524
-5.19384,1.04304,1.70891,3.00356
-5.20384,1.02712,1.70208,2.99187
-5.21384,1.0112,1.69526,2.98019
-5.22384,0.995283,1.68844,2.96851
-5.23384,0.979364,1.68161,2.95683
-5.24384,0.963444,1.67479,2.94514
-5.25384,0.947525,1.66797,2.93346
-5.26384,0.931605,1.66114,2.92178
-5.27384,0.915686,1.65432,2.91009
-5.28385,0.899766,1.6475,2.89841
-5.29385,0.883847,1.64067,2.88673
-5.30385,0.867927,1.63385,2.87505
-5.31385,0.852008,1.62703,2.86336
-5.32385,0.836088,1.6202,2.85168
-5.33385,0.820169,1.61338,2.84
-5.34385,0.804249,1.60656,2.82831
-5.35385,0.78833,1.59973,2.81663
-5.36385,0.772411,1.59291,2.80495
-5.37385,0.756491,1.58609,2.79327
-5.38385,0.740572,1.57926,2.78158
-5.38567,0.720661,1.57877,2.77672
-5.3875,0.700751,1.57827,2.77186
-5.38932,0.68084,1.57777,2.76699
-5.39115,0.66093,1.57728,2.76213
-5.39297,0.641019,1.57678,2.75727
-5.39479,0.621109,1.57629,2.7524
-5.39662,0.601198,1.57579,2.74754
-5.39844,0.581288,1.57529,2.74268
-5.40027,0.561377,1.5748,2.73781
-5.40209,0.541467,1.5743,2.73295
-5.40391,0.521556,1.57381,2.72809
-5.40574,0.501646,1.57331,2.72322
-5.40756,0.481735,1.57281,2.71836
-5.40938,0.461825,1.57232,2.7135
-5.41121,0.441914,1.57182,2.70863
-5.41303,0.422004,1.57132,2.70377
-5.41486,0.402093,1.57083,2.69891
-5.41668,0.382183,1.57033,2.69404
-5.4185,0.362272,1.56984,2.68918
-5.42033,0.342362,1.56934,2.68432
-5.42215,0.322451,1.56884,2.67945
-5.42397,0.302541,1.56835,2.67459
-5.4258,0.28263,1.56785,2.66973
-5.42762,0.26272,1.56736,2.66486
-5.42945,0.242809,1.56686,2.66
-5.43127,0.222899,1.56636,2.65514
-5.43309,0.202988,1.56587,2.65027
-5.43492,0.183078,1.56537,2.64541
-5.43674,0.163167,1.56488,2.64055
-5.43856,0.143257,1.56438,2.63568
-5.44039,0.123346,1.56388,2.63082
-5.44221,0.103436,1.56339,2.62596
-5.44404,0.0835254,1.56289,2.62109
-5.44586,0.0636149,1.56239,2.61623
-5.44768,0.0437044,1.5619,2.61137
-5.44951,0.0237939,1.5614,2.6065
-5.45133,0.00388344,1.56091,2.60164
-5.45316,-0.016027,1.56041,2.59678
-5.45498,-0.0359375,1.55991,2.59191
-5.4568,-0.055848,1.55942,2.58705
-5.45863,-0.0757585,1.55892,2.58219
-5.46045,-0.095669,1.55843,2.57732
-5.46227,-0.11558,1.55793,2.57246
-5.4641,-0.13549,1.55743,2.5676
-5.46592,-0.1554,1.55694,2.56273
-5.46775,-0.175311,1.55644,2.55787
-5.46957,-0.195221,1.55595,2.55301
-5.47139,-0.215132,1.55545,2.54814
-5.47322,-0.235042,1.55495,2.54328
-5.47504,-0.254953,1.55446,2.53842
-5.4576,-0.264503,1.55663,2.5924
-5.44016,-0.274052,1.5588,2.64638
-5.42273,-0.283602,1.56097,2.70036
-5.40529,-0.293152,1.56314,2.75435
-5.38785,-0.302702,1.56531,2.80833
-5.37041,-0.312252,1.56748,2.86231
-5.35297,-0.321801,1.56965,2.91629
-5.33554,-0.331351,1.57182,2.97028
-5.3181,-0.340901,1.57399,3.02426
-5.30066,-0.350451,1.57616,3.07824
-5.28322,-0.360001,1.57833,3.13222
-5.26578,-0.36955,1.5805,-3.09698
-5.24834,-0.3791,1.58267,-3.043
-5.23091,-0.38865,1.58485,-2.98901
-5.21347,-0.3982,1.58702,-2.93503
-5.19603,-0.407749,1.58919,-2.88105
-5.17859,-0.417299,1.59136,-2.82707
-5.16115,-0.426849,1.59353,-2.77308
-5.14371,-0.436399,1.5957,-2.7191
-5.12628,-0.445949,1.59787,-2.66512
-5.10884,-0.455498,1.60004,-2.61113
-5.0914,-0.465048,1.60221,-2.55715
-5.07396,-0.474598,1.60438,-2.50317
-5.05652,-0.484148,1.60655,-2.44919
-5.03909,-0.493697,1.60872,-2.3952
-5.02165,-0.503247,1.61089,-2.34122
-5.00421,-0.512797,1.61306,-2.28724
-4.98677,-0.522347,1.61523,-2.23326
-4.96933,-0.531897,1.6174,-2.17927
-4.95189,-0.541446,1.61957,-2.12529
-4.93446,-0.550996,1.62174,-2.07131
-4.91702,-0.560546,1.62392,-2.01733
-4.89958,-0.570096,1.62609,-1.96334
-4.88214,-0.579645,1.62826,-1.90936
-4.8647,-0.589195,1.63043,-1.85538
-4.84727,-0.598745,1.6326,-1.8014
-4.82983,-0.608295,1.63477,-1.74741
-4.81239,-0.617845,1.63694,-1.69343
-4.79495,-0.627394,1.63911,-1.63945
-4.77751,-0.636944,1.64128,-1.58547
-4.76007,-0.646494,1.64345,-1.53148
-4.74264,-0.656044,1.64562,-1.4775
-4.7252,-0.665593,1.64779,-1.42352
-4.70776,-0.675143,1.64996,-1.36953
-4.69032,-0.684693,1.65213,-1.31555
-4.67288,-0.694243,1.6543,-1.26157
-4.65545,-0.703793,1.65647,-1.20759
-4.63801,-0.713342,1.65864,-1.1536
-4.62057,-0.722892,1.66081,-1.09962
-4.60313,-0.732442,1.66299,-1.04564
-4.5834,-0.735707,1.66333,-1.08219
-4.56367,-0.738972,1.66367,-1.11874
-4.54394,-0.742237,1.66401,-1.15529
-4.52422,-0.745502,1.66435,-1.19184
-4.50449,-0.748767,1.66469,-1.22839
-4.48476,-0.752032,1.66504,-1.26494
-4.46503,-0.755297,1.66538,-1.30149
-4.4453,-0.758562,1.66572,-1.33804
-4.42557,-0.761827,1.66606,-1.37459
-4.40584,-0.765092,1.6664,-1.41114
-4.38612,-0.768357,1.66674,-1.44769
-4.36639,-0.771622,1.66709,-1.48424
-4.34666,-0.774887,1.66743,-1.52079
-4.32693,-0.778152,1.66777,-1.55734
-4.3072,-0.781416,1.66811,-1.59389
-4.28747,-0.784681,1.66845,-1.63044
-4.26774,-0.787946,1.6688,-1.66699
-4.24801,-0.791211,1.66914,-1.70354
-4.22829,-0.794476,1.66948,-1.74009
-4.20856,-0.797741,1.66982,-1.77664
-4.18883,-0.801006,1.67016,-1.81319
-4.1691,-0.804271,1.6705,-1.84974
-4.14937,-0.807536,1.67085,-1.88629
-4.12964,-0.810801,1.67119,-1.92284
-4.10991,-0.814066,1.67153,-1.95939
-4.09018,-0.817331,1.67187,-1.99594
-4.07046,-0.820596,1.67221,-2.03249
-4.05073,-0.823861,1.67255,-2.06904
-4.031,-0.827126,1.6729,-2.10559
-4.01127,-0.830391,1.67324,-2.14214
-3.99154,-0.833656,1.67358,-2.17869
-3.97181,-0.836921,1.67392,-2.21524
-3.95208,-0.840186,1.67426,-2.25179
-3.93235,-0.843451,1.67461,-2.28834
-3.91263,-0.846716,1.67495,-2.32489
-3.8929,-0.849981,1.67529,-2.36144
-3.87317,-0.853246,1.67563,-2.39799
-3.85344,-0.856511,1.67597,-2.43454
-3.83371,-0.859776,1.67631,-2.47109
-3.81398,-0.863041,1.67666,-2.50764
-3.79425,-0.866306,1.677,-2.54419
-3.77452,-0.869571,1.67734,-2.58074
-3.7548,-0.872836,1.67768,-2.61729
-3.73507,-0.876101,1.67802,-2.65384
-3.71534,-0.879366,1.67836,-2.69039
-3.69561,-0.882631,1.67871,-2.72694
-3.67588,-0.885896,1.67905,-2.76349
-3.65615,-0.889161,1.67939,-2.80004
-3.63642,-0.892426,1.67973,-2.83659
-3.61669,-0.895691,1.68007,-2.87314
-3.60809,-0.877662,1.68104,-2.85442
-3.59948,-0.859634,1.682,-2.83571
-3.59088,-0.841605,1.68297,-2.817
-3.58227,-0.823577,1.68393,-2.79828
-3.57367,-0.805549,1.6849,-2.77957
-3.56506,-0.78752,1.68586,-2.76085
-3.55646,-0.769492,1.68683,-2.74214
-3.54785,-0.751463,1.68779,-2.72343
-3.53925,-0.733435,1.68876,-2.70471
-3.53064,-0.715407,1.68972,-2.686
-3.52204,-0.697378,1.69069,-2.66729
-3.51344,-0.67935,1.69165,-2.64857
-3.50483,-0.661321,1.69262,-2.62986
-3.49623,-0.643293,1.69359,-2.61115
-3.48762,-0.625264,1.69455,-2.59243
-3.47902,-0.607236,1.69552,-2.57372
-3.47041,-0.589208,1.69648,-2.555
-3.46181,-0.571179,1.69745,-2.53629
-3.4532,-0.553151,1.69841,-2.51758
-3.4446,-0.535122,1.69938,-2.49886
-3.43599,-0.517094,1.70034,-2.48015
-3.42739,-0.499066,1.70131,-2.46144
-3.41878,-0.481037,1.70227,-2.44272
-3.41018,-0.463009,1.70324,-2.42401
-3.40157,-0.44498,1.7042,-2.4053
-3.39297,-0.426952,1.70517,-2.38658
-3.38436,-0.408923,1.70613,-2.36787
-3.37576,-0.390895,1.7071,-2.34915
-3.36715,-0.372867,1.70806,-2.33044
-3.35855,-0.354838,1.70903,-2.31173
-3.34994,-0.33681,1.70999,-2.29301
-3.34134,-0.318781,1.71096,-2.2743
-3.33273,-0.300753,1.71192,-2.25559
-3.32413,-0.282725,1.71289,-2.23687
-3.31552,-0.264696,1.71385,-2.21816
-3.30692,-0.246668,1.71482,-2.19944
-3.29831,-0.228639,1.71578,-2.18073
-3.28971,-0.210611,1.71675,-2.16202
-3.2811,-0.192583,1.71771,-2.1433
-3.2725,-0.174554,1.71868,-2.12459
-3.26389,-0.156526,1.71964,-2.10588
-3.25529,-0.138497,1.72061,-2.08716
-3.24668,-0.120469,1.72157,-2.06845
-3.23808,-0.10244,1.72254,-2.04974
-3.22947,-0.084412,1.7235,-2.03102
-3.22087,-0.0663836,1.72447,-2.01231
-3.21226,-0.0483552,1.72543,-1.99359
-3.20366,-0.0303268,1.7264,-1.97488
-3.19505,-0.0122984,1.72736,-1.95617
-3.18645,0.00573005,1.72833,-1.93745
-3.16787,0.0129247,1.73008,-1.93671
-3.14929,0.0201193,1.73182,-1.93597
-3.13071,0.0273139,1.73357,-1.93523
-3.11213,0.0345085,1.73531,-1.93448
-3.09355,0.0417031,1.73706,-1.93374
-3.07497,0.0488977,1.73881,-1.933
-3.05639,0.0560923,1.74055,-1.93226
-3.03781,0.0632869,1.7423,-1.93152
-3.01923,0.0704815,1.74405,-1.93077
-3.00066,0.0776761,1.74579,-1.93003
-2.98208,0.0848707,1.74754,-1.92929
-2.9635,0.0920653,1.74928,-1.92855
-2.94492,0.0992599,1.75103,-1.9278
-2.92634,0.106454,1.75278,-1.92706
-2.90776,0.113649,1.75452,-1.92632
-2.88918,0.120844,1.75627,-1.92558
-2.8706,0.128038,1.75802,-1.92483
-2.85202,0.135233,1.75976,-1.92409
-2.83344,0.142427,1.76151,-1.92335
-2.81486,0.149622,1.76325,-1.92261
-2.79628,0.156817,1.765,-1.92187
-2.7777,0.164011,1.76675,-1.92112
-2.75913,0.171206,1.76849,-1.92038
-2.74055,0.1784,1.77024,-1.91964
-2.72197,0.185595,1.77199,-1.9189
-2.70339,0.19279,1.77373,-1.91815
-2.68481,0.199984,1.77548,-1.91741
-2.66623,0.207179,1.77722,-1.91667
-2.64765,0.214373,1.77897,-1.91593
-2.62907,0.221568,1.78072,-1.91519
-2.61049,0.228763,1.78246,-1.91444
-2.59191,0.235957,1.78421,-1.9137
-2.57333,0.243152,1.78596,-1.91296
-2.55475,0.250346,1.7877,-1.91222
-2.53617,0.257541,1.78945,-1.91147
-2.5176,0.264736,1.7912,-1.91073
-2.49902,0.27193,1.79294,-1.90999
-2.48044,0.279125,1.79469,-1.90925
-2.46186,0.286319,1.79643,-1.9085
-2.44328,0.293514,1.79818,-1.90776
-2.4247,0.300709,1.79993,-1.90702
-2.40612,0.307903,1.80167,-1.90628
-2.38754,0.315098,1.80342,-1.90554
-2.36896,0.322292,1.80517,-1.90479
-2.35038,0.329487,1.80691,-1.90405
-2.3318,0.336682,1.80866,-1.90331
-2.31322,0.343876,1.8104,-1.90257
-2.29464,0.351071,1.81215,-1.90182
-2.27606,0.358266,1.8139,-1.90108
-2.25749,0.36546,1.81564,-1.90034
-2.24342,0.377813,1.8086,-1.90377
-2.22935,0.390165,1.80156,-1.9072
-2.21529,0.402518,1.79452,-1.91063
-2.20122,0.414871,1.78748,-1.91406
-2.18716,0.427223,1.78044,-1.91749
-2.17309,0.439576,1.7734,-1.92093
-2.15902,0.451929,1.76636,-1.92436
-2.14496,0.464281,1.75932,-1.92779
-2.13089,0.476634,1.75228,-1.93122
-2.11683,0.488987,1.74524,-1.93465
-2.10276,0.501339,1.7382,-1.93808
-2.08869,0.513692,1.73117,-1.94151
-2.07463,0.526045,1.72413,-1.94494
-2.06056,0.538397,1.71709,-1.94837
-2.0465,0.55075,1.71005,-1.9518
-2.03243,0.563103,1.70301,-1.95523
-2.01836,0.575456,1.69597,-1.95866
-2.0043,0.587808,1.68893,-1.9621
-1.99023,0.600161,1.68189,-1.96553
-1.97617,0.612514,1.67485,-1.96896
-1.9621,0.624866,1.66781,-1.97239
-1.94803,0.637219,1.66077,-1.97582
-1.93397,0.649572,1.65373,-1.97925
-1.9199,0.661924,1.64669,-1.98268
-1.90584,0.674277,1.63965,-1.98611
-1.89177,0.68663,1.63261,-1.98954
-1.8777,0.698982,1.62557,-1.99297
-1.86364,0.711335,1.61853,-1.9964
-1.84957,0.723688,1.61149,-1.99983
-1.83551,0.73604,1.60445,-2.00327
-1.82144,0.748393,1.59741,-2.0067
-1.80737,0.760746,1.59037,-2.01013
-1.79331,0.773098,1.58333,-2.01356
-1.77924,0.785451,1.57629,-2.01699
-1.76518,0.797804,1.56925,-2.02042
-1.75111,0.810156,1.56221,-2.02385
-1.73704,0.822509,1.55517,-2.02728
-1.72298,0.834862,1.54813,-2.03071
-1.70891,0.847214,1.54109,-2.03414
-1.69485,0.859567,1.53405,-2.03757
-1.68078,0.87192,1.52701,-2.041
-1.66671,0.884272,1.51997,-2.04444
-1.65265,0.896625,1.51293,-2.04787
-1.63858,0.908978,1.50589,-2.0513
-1.62452,0.92133,1.49885,-2.05473
-1.61045,0.933683,1.49181,-2.05816
-1.59638,0.946036,1.48477,-2.06159
-1.58232,0.958388,1.47773,-2.06502
-1.56825,0.970741,1.47069,-2.06845
-1.55419,0.983094,1.46365,-2.07188
-1.53952,0.99481,1.47056,-2.09436
-1.52486,1.00653,1.47747,-2.11683
-1.5102,1.01824,1.48438,-2.1393
-1.49554,1.02996,1.49129,-2.16178
-1.48087,1.04167,1.4982,-2.18425
-1.46621,1.05339,1.50511,-2.20672
-1.45155,1.06511,1.51202,-2.2292
-1.43689,1.07682,1.51893,-2.25167
-1.42223,1.08854,1.52584,-2.27414
-1.40756,1.10026,1.53275,-2.29662
-1.3929,1.11197,1.53966,-2.31909
-1.37824,1.12369,1.54657,-2.34156
-1.36358,1.1354,1.55348,-2.36404
-1.34891,1.14712,1.56039,-2.38651
-1.33425,1.15884,1.5673,-2.40898
-1.31959,1.17055,1.57421,-2.43146
-1.30493,1.18227,1.58112,-2.45393
-1.29027,1.19399,1.58803,-2.4764
-1.2756,1.2057,1.59494,-2.49888
-1.26094,1.21742,1.60185,-2.52135
-1.24628,1.22913,1.60876,-2.54382
-1.23162,1.24085,1.61567,-2.5663
-1.21695,1.25257,1.62258,-2.58877
-1.20229,1.26428,1.62949,-2.61124
-1.18763,1.276,1.6364,-2.63372
-1.17297,1.28772,1.64331,-2.65619
-1.15831,1.29943,1.65023,-2.67866
-1.14364,1.31115,1.65714,-2.70114
-1.12898,1.32286,1.66405,-2.72361
-1.11432,1.33458,1.67096,-2.74609
-1.09966,1.3463,1.67787,-2.76856
-1.085,1.35801,1.68478,-2.79103
-1.07033,1.36973,1.69169,-2.81351
-1.05567,1.38145,1.6986,-2.83598
-1.04101,1.39316,1.70551,-2.85845
-1.02635,1.40488,1.71242,-2.88093
-1.01168,1.41659,1.71933,-2.9034
-0.997022,1.42831,1.72624,-2.92587
-0.98236,1.44003,1.73315,-2.94835
-0.967697,1.45174,1.74006,-2.97082
-0.953035,1.46346,1.74697,-2.99329
-0.938373,1.47518,1.75388,-3.01577
-0.923711,1.48689,1.76079,-3.03824
-0.909049,1.49861,1.7677,-3.06071
-0.894386,1.51032,1.77461,-3.08319
-0.879724,1.52204,1.78152,-3.10566
-0.865062,1.53376,1.78843,-3.12813
-0.8504,1.54547,1.79534,3.13258
-0.835738,1.55719,1.80225,3.11011
-0.821075,1.56891,1.80916,3.08763
-0.804625,1.58028,1.80922,3.13218
-0.788175,1.59166,1.80928,-3.10646
-0.771725,1.60303,1.80934,-3.06192
-0.755275,1.6144,1.8094,-3.01737
-0.738825,1.62578,1.80947,-2.97283
-0.722375,1.63715,1.80953,-2.92828
-0.705924,1.64853,1.80959,-2.88374
-0.689474,1.6599,1.80965,-2.83919
-0.673024,1.67128,1.80971,-2.79465
-0.656574,1.68265,1.80977,-2.7501
-0.640124,1.69403,1.80984,-2.70556
-0.623674,1.7054,1.8099,-2.66101
-0.607223,1.71678,1.80996,-2.61647
-0.590773,1.72815,1.81002,-2.57192
-0.574323,1.73953,1.81008,-2.52738
-0.557873,1.7509,1.81014,-2.48284
-0.541423,1.76228,1.81021,-2.43829
-0.524973,1.77365,1.81027,-2.39375
-0.508522,1.78503,1.81033,-2.3492
-0.492072,1.7964,1.81039,-2.30466
-0.475622,1.80778,1.81045,-2.26011
-0.459172,1.81915,1.81051,-2.21557
-0.442722,1.83053,1.81058,-2.17102
-0.426272,1.8419,1.81064,-2.12648
-0.409821,1.85328,1.8107,-2.08193
-0.393371,1.86465,1.81076,-2.03739
-0.376921,1.87603,1.81082,-1.99284
-0.360471,1.8874,1.81088,-1.9483
-0.344021,1.89878,1.81094,-1.90375
-0.327571,1.91015,1.81101,-1.85921
-0.31112,1.92153,1.81107,-1.81466
-0.29467,1.9329,1.81113,-1.77012
-0.27822,1.94428,1.81119,-1.72557
-0.26177,1.95565,1.81125,-1.68103
-0.24532,1.96703,1.81131,-1.63648
-0.22887,1.9784,1.81138,-1.59194
-0.212419,1.98978,1.81144,-1.54739
-0.195969,2.00115,1.8115,-1.50285
-0.179519,2.01253,1.81156,-1.4583
-0.163069,2.0239,1.81162,-1.41376
-0.146619,2.03528,1.81168,-1.36921
-0.130169,2.04665,1.81175,-1.32467
-0.113718,2.05803,1.81181,-1.28012
-0.0972683,2.0694,1.81187,-1.23558
-0.0808182,2.08078,1.81193,-1.19103
-0.064368,2.09215,1.81199,-1.14649
-0.0479178,2.10353,1.81205,-1.10194
-0.0314677,2.1149,1.81212,-1.0574
-0.0150175,2.12628,1.81218,-1.01285
0.00143265,2.13765,1.81224,-0.968308
0.00948762,2.15442,1.80489,-1.00577
0.0175426,2.17119,1.79755,-1.04323
0.0255975,2.18795,1.7902,-1.0807
0.0336525,2.20472,1.78285,-1.11816
0.0417075,2.22149,1.77551,-1.15562
0.0497624,2.23826,1.76816,-1.19308
0.0578174,2.25502,1.76082,-1.23055
0.0658724,2.27179,1.75347,-1.26801
0.0739273,2.28856,1.74612,-1.30547
0.0819823,2.30533,1.73878,-1.34293
0.0900373,2.32209,1.73143,-1.3804
0.0980922,2.33886,1.72408,-1.41786
0.106147,2.35563,1.71674,-1.45532
0.114202,2.3724,1.70939,-1.49279
0.122257,2.38916,1.70205,-1.53025
0.130312,2.40593,1.6947,-1.56771
0.138367,2.4227,1.68735,-1.60517
0.146422,2.43947,1.68001,-1.64264
0.154477,2.45623,1.67266,-1.6801
0.162532,2.473,1.66531,-1.71756
0.170587,2.48977,1.65797,-1.75502
0.178642,2.50654,1.65062,-1.79249
0.186697,2.5233,1.64328,-1.82995
0.194752,2.54007,1.63593,-1.86741
0.202807,2.55684,1.62858,-1.90487
0.210862,2.57361,1.62124,-1.94234
0.218917,2.59037,1.61389,-1.9798
0.226972,2.60714,1.60655,-2.01726
0.235027,2.62391,1.5992,-2.05473
0.243082,2.64068,1.59185,-2.09219
0.251137,2.65744,1.58451,-2.12965
0.259192,2.67421,1.57716,-2.16711
0.267246,2.69098,1.56981,-2.20458
0.275301,2.70775,1.56247,-2.24204
0.283356,2.72451,1.55512,-2.2795
0.291411,2.74128,1.54778,-2.31696
0.299466,2.75805,1.54043,-2.35443
0.307521,2.77482,1.53308,-2.39189
0.315576,2.79158,1.52574,-2.42935
0.323631,2.80835,1.51839,-2.46681
0.331686,2.82512,1.51104,-2.50428
0.339741,2.84189,1.5037,-2.54174
0.347796,2.85866,1.49635,-2.5792
0.355851,2.87542,1.48901,-2.61666
0.363906,2.89219,1.48166,-2.65413
0.371961,2.90896,1.47431,-2.69159
0.380016,2.92573,1.46697,-2.72905
0.388071,2.94249,1.45962,-2.76652
0.396126,2.95926,1.45227,-2.80398
0.404181,2.97603,1.44493,-2.84144
0.422572,2.96861,1.44754,-2.77893
0.440962,2.9612,1.45014,-2.71641
0.459353,2.95378,1.45275,-2.65389
0.477744,2.94637,1.45536,-2.59138
0.496134,2.93895,1.45796,-2.52886
0.514525,2.93154,1.46057,-2.46635
0.532916,2.92412,1.46318,-2.40383
0.551307,2.91671,1.46578,-2.34132
0.569697,2.90929,1.46839,-2.2788
0.588088,2.90187,1.47099,-2.21629
0.606479,2.89446,1.4736,-2.15377
0.62487,2.88704,1.47621,-2.09126
0.64326,2.87963,1.47881,-2.02874
0.661651,2.87221,1.48142,-1.96622
0.680042,2.8648,1.48403,-1.90371
0.698432,2.85738,1.48663,-1.84119
0.716823,2.84997,1.48924,-1.77868
0.735214,2.84255,1.49185,-1.71616
0.753605,2.83514,1.49445,-1.65365
0.771995,2.82772,1.49706,-1.59113
0.790386,2.82031,1.49967,-1.52862
0.808777,2.81289,1.50227,-1.4661
0.827167,2.80548,1.50488,-1.40359
0.845558,2.79806,1.50749,-1.34107
0.863949,2.79065,1.51009,-1.27856
0.88234,2.78323,1.5127,-1.21604
0.90073,2.77581,1.51531,-1.15352
0.919121,2.7684,1.51791,-1.09101
0.937512,2.76098,1.52052,-1.02849
0.955903,2.75357,1.52313,-0.965978
0.974293,2.74615,1.52573,-0.903463
0.992684,2.73874,1.52834,-0.840947
1.01107,2.73132,1.53095,-0.778432
1.02947,2.72391,1.53355,-0.715916
1.04786,2.71649,1.53616,-0.653401
1.06625,2.70908,1.53877,-0.590886
1.08464,2.70166,1.54137,-0.52837
1.10303,2.69425,1.54398,-0.465855
1.12142,2.68683,1.54659,-0.403339
1.13981,2.67942,1.54919,-0.340824
1.1582,2.672,1.5518,-0.278308
1.17659,2.66458,1.55441,-0.215793
1.19498,2.65717,1.55701,-0.153278
1.21337,2.64975,1.55962,-0.0907621
1.23176,2.64234,1.56223,-0.0282467
1.25015,2.63492,1.56483,0.0342687
1.26854,2.62751,1.56744,0.0967841
1.28694,2.62009,1.57005,0.1593
1.30533,2.61268,1.57265,0.221815
1.32372,2.60526,1.57526,0.28433
1.31863,2.58596,1.57652,0.303875
1.31355,2.56666,1.57779,0.323419
1.30846,2.54736,1.57905,0.342964
1.30338,2.52806,1.58031,0.362508
1.29829,2.50875,1.58158,0.382053
1.29321,2.48945,1.58284,0.401597
1.28813,2.47015,1.5841,0.421142
1.28304,2.45085,1.58536,0.440686
1.27796,2.43155,1.58663,0.460231
1.27287,2.41225,1.58789,0.479775
1.26779,2.39294,1.58915,0.49932
1.2627,2.37364,1.59042,0.518864
1.25762,2.35434,1.59168,0.538409
1.25254,2.33504,1.59294,0.557954
1.24745,2.31574,1.59421,0.577498
1.24237,2.29644,1.59547,0.597043
1.23728,2.27713,1.59673,0.616587
1.2322,2.25783,1.59799,0.636132
1.22711,2.23853,1.59926,0.655676
1.22203,2.21923,1.60052,0.675221
1.21694,2.19993,1.60178,0.694765
1.21186,2.18063,1.60305,0.71431
1.20678,2.16132,1.60431,0.733854
1.20169,2.14202,1.60557,0.753399
1.19661,2.12272,1.60683,0.772943
1.19152,2.10342,1.6081,0.792488
1.18644,2.08412,1.60936,0.812032
1.18135,2.06482,1.61062,0.831577
1.17627,2.04551,1.61189,0.851121
1.17118,2.02621,1.61315,0.870666
1.1661,2.00691,1.61441,0.89021
1.16102,1.98761,1.61568,0.909755
1.15593,1.96831,1.61694,0.929299
1.15085,1.94901,1.6182,0.948844
1.14576,1.9297,1.61946,0.968388
1.14068,1.9104,1.62073,0.987933
1.13559,1.8911,1.62199,1.00748
1.13051,1.8718,1.62325,1.02702
1.12543,1.8525,1.62452,1.04657
1.12034,1.8332,1.62578,1.06611
1.11526,1.81389,1.62704,1.08566
1.11017,1.79459,1.62831,1.1052
1.10509,1.77529,1.62957,1.12474
1.1,1.75599,1.63083,1.14429
1.09492,1.73669,1.63209,1.16383
1.08983,1.71739,1.63336,1.18338
1.08475,1.69808,1.63462,1.20292
1.07967,1.67878,1.63588,1.22247
1.07458,1.65948,1.63715,1.24201
1.0695,1.64018,1.63841,1.26156
1.04952,1.63945,1.63896,1.23628
1.02954,1.63871,1.63951,1.211
1.00956,1.63798,1.64006,1.18573
0.989581,1.63724,1.64061,1.16045
0.969602,1.63651,1.64117,1.13518
0.949623,1.63577,1.64172,1.1099
0.929644,1.63504,1.64227,1.08462
0.909665,1.63431,1.64282,1.05935
0.889687,1.63357,1.64337,1.03407
0.869708,1.63284,1.64392,1.0088
0.849729,1.6321,1.64447,0.98352
0.82975,1.63137,1.64503,0.958245
0.809771,1.63063,1.64558,0.932969
0.789792,1.6299,1.64613,0.907693
0.769813,1.62917,1.64668,0.882417
0.749834,1.62843,1.64723,0.857141
0.729855,1.6277,1.64778,0.831865
0.709876,1.62696,1.64833,0.806589
0.689898,1.62623,1.64889,0.781313
0.669919,1.62549,1.64944,0.756037
0.64994,1.62476,1.64999,0.730761
0.629961,1.62403,1.65054,0.705485
0.609982,1.62329,1.65109,0.680209
0.590003,1.62256,1.65164,0.654933
0.570024,1.62182,1.65219,0.629657
0.550045,1.62109,1.65275,0.604381
0.530066,1.62035,1.6533,0.579105
0.510087,1.61962,1.65385,0.553829
0.490108,1.61889,1.6544,0.528553
0.47013,1.61815,1.65495,0.503277
0.450151,1.61742,1.6555,0.478002
0.430172,1.61668,1.65605,0.452726
0.410193,1.61595,1.65661,0.42745
0.390214,1.61521,1.65716,0.402174
0.370235,1.61448,1.65771,0.376898
0.350256,1.61374,1.65826,0.351622
0.330277,1.61301,1.65881,0.326346
0.310298,1.61228,1.65936,0.30107
0.290319,1.61154,1.65991,0.275794
0.27034,1.61081,1.66047,0.250518
0.250362,1.61007,1.66102,0.225242
0.230383,1.60934,1.66157,0.199966
0.210404,1.6086,1.66212,0.17469
0.190425,1.60787,1.66267,0.149414
0.170446,1.60714,1.66322,0.124138
0.150467,1.6064,1.66377,0.0988623
0.130488,1.60567,1.66433,0.0735864
0.110509,1.60493,1.66488,0.0483104
0.0905303,1.6042,1.66543,0.0230345
0.0705514,1.60346,1.66598,-0.00224148
0.0578879,1.61849,1.66972,0.0433319
0.0452245,1.63351,1.67346,0.0889052
0.032561,1.64853,1.6772,0.134479
0.0198975,1.66355,1.68094,0.180052
0.00723408,1.67857,1.68468,0.225625
-0.00542938,1.69359,1.68842,0.271199
-0.0180928,1.70862,1.69216,0.316772
-0.0307563,1.72364,1.6959,0.362345
-0.0434198,1.73866,1.69964,0.407919
-0.0560832,1.75368,1.70338,0.453492
-0.0687467,1.7687,1.70712,0.499065
-0.0814101,1.78373,1.71086,0.544639
-0.0940736,1.79875,1.7146,0.590212
-0.106737,1.81377,1.71834,0.635786
-0.119401,1.82879,1.72207,0.681359
-0.132064,1.84381,1.72581,0.726932
-0.144727,1.85883,1.72955,0.772506
-0.157391,1.87386,1.73329,0.818079
-0.170054,1.88888,1.73703,0.863652
-0.182718,1.9039,1.74077,0.909226
-0.195381,1.91892,1.74451,0.954799
-0.208045,1.93394,1.74825,1.00037
-0.220708,1.94896,1.75199,1.04595
-0.233372,1.96399,1.75573,1.09152
-0.246035,1.97901,1.75947,1.13709
-0.258699,1.99403,1.76321,1.18267
-0.271362,2.00905,1.76695,1.22824
-0.284025,2.02407,1.77069,1.27381
-0.296689,2.03909,1.77443,1.31939
-0.309352,2.05412,1.77817,1.36496
-0.322016,2.06914,1.78191,1.41053
-0.334679,2.08416,1.78565,1.45611
-0.347343,2.09918,1.78939,1.50168
-0.360006,2.1142,1.79313,1.54725
-0.37267,2.12922,1.79687,1.59283
-0.385333,2.14425,1.80061,1.6384
-0.397997,2.15927,1.80435,1.68397
-0.41066,2.17429,1.80809,1.72955
-0.423324,2.18931,1.81183,1.77512
-0.435987,2.20433,1.81557,1.82069
-0.44865,2.21935,1.81931,1.86627
-0.461314,2.23438,1.82305,1.91184
-0.473977,2.2494,1.82679,1.95741
-0.486641,2.26442,1.83053,2.00299
-0.499304,2.27944,1.83427,2.04856
-0.511968,2.29446,1.838,2.09413
-0.524631,2.30948,1.84174,2.13971
-0.537295,2.32451,1.84548,2.18528
-0.549958,2.33953,1.84922,2.23085
-0.562622,2.35455,1.85296,2.27643
-0.542689,2.35301,1.85351,2.31877
-0.522756,2.35146,1.85405,2.36111
-0.502823,2.34992,1.85459,2.40345
-0.48289,2.34838,1.85514,2.44579
-0.462957,2.34684,1.85568,2.48813
-0.443024,2.34529,1.85622,2.53047
-0.423091,2.34375,1.85677,2.57281
-0.403158,2.34221,1.85731,2.61515
-0.383224,2.34067,1.85785,2.65749
-0.363291,2.33912,1.8584,2.69983
-0.343358,2.33758,1.85894,2.74217
-0.323425,2.33604,1.85948,2.78451
-0.303492,2.3345,1.86003,2.82686
-0.283559,2.33295,1.86057,2.8692
-0.263626,2.33141,1.86112,2.91154
-0.243693,2.32987,1.86166,2.95388
-0.22376,2.32833,1.8622,2.99622
-0.203827,2.32678,1.86275,3.03856
-0.183894,2.32524,1.86329,3.0809
-0.163961,2.3237,1.86383,3.12324
-0.144028,2.32215,1.86438,-3.1176
-0.124095,2.32061,1.86492,-3.07526
-0.104162,2.31907,1.86546,-3.03292
-0.0842293,2.31753,1.86601,-2.99058
-0.0642963,2.31598,1.86655,-2.94824
-0.0443633,2.31444,1.86709,-2.9059
-0.0244303,2.3129,1.86764,-2.86356
-0.00449726,2.31136,1.86818,-2.82122
0.0154358,2.30981,1.86872,-2.77888
0.0353688,2.30827,1.86927,-2.73654
0.0553018,2.30673,1.86981,-2.6942
0.0752348,2.30519,1.87035,-2.65186
0.0951678,2.30364,1.8709,-2.60952
0.115101,2.3021,1.87144,-2.56718
0.135034,2.30056,1.87198,-2.52483
0.154967,2.29902,1.87253,-2.48249
0.1749,2.29747,1.87307,-2.44015
0.194833,2.29593,1.87361,-2.39781
0.214766,2.29439,1.87416,-2.35547
0.234699,2.29285,1.8747,-2.31313
0.254632,2.2913,1.87525,-2.27079
0.274565,2.28976,1.87579,-2.22845
0.294498,2.28822,1.87633,-2.18611
0.314431,2.28667,1.87688,-2.14377
0.334364,2.28513,1.87742,-2.10143
0.354297,2.28359,1.87796,-2.05909
0.37423,2.28205,1.87851,-2.01675
0.394163,2.2805,1.87905,-1.97441
0.414096,2.27896,1.87959,-1.93206
0.434029,2.27742,1.88014,-1.88972
0.452017,2.28581,1.87768,-1.92576
0.470006,2.2942,1.87523,-1.9618
0.487994,2.30259,1.87277,-1.99783
0.505983,2.31098,1.87032,-2.03387
0.523971,2.31937,1.86787,-2.06991
0.541959,2.32776,1.86541,-2.10594
0.559948,2.33615,1.86296,-2.14198
0.577936,2.34454,1.8605,-2.17802
0.595925,2.35293,1.85805,-2.21405
0.613913,2.36132,1.8556,-2.25009
0.631902,2.36971,1.85314,-2.28613
0.64989,2.3781,1.85069,-2.32216
0.667878,2.38649,1.84823,-2.3582
0.685867,2.39488,1.84578,-2.39424
0.703855,2.40327,1.84333,-2.43027
0.721844,2.41166,1.84087,-2.46631
0.739832,2.42005,1.83842,-2.50235
0.75782,2.42844,1.83596,-2.53838
0.775809,2.43683,1.83351,-2.57442
0.793797,2.44522,1.83106,-2.61046
0.811786,2.45361,1.8286,-2.6465
0.829774,2.462,1.82615,-2.68253
0.847762,2.47039,1.8237,-2.71857
0.865751,2.47878,1.82124,-2.75461
0.883739,2.48717,1.81879,-2.79064
0.901728,2.49556,1.81633,-2.82668
0.919716,2.50395,1.81388,-2.86272
0.937704,2.51234,1.81143,-2.89875
0.955693,2.52073,1.80897,-2.93479
0.973681,2.52912,1.80652,-2.97083
0.99167,2.53751,1.80406,-3.00686
1.00966,2.5459,1.80161,-3.0429
1.02765,2.5543,1.79916,-3.07894
1.04563,2.56269,1.7967,-3.11497
1.06362,2.57108,1.79425,3.13218
1.08161,2.57947,1.79179,3.09614
1.0996,2.58786,1.78934,3.0601
1.11759,2.59625,1.78689,3.02407
1.13558,2.60464,1.78443,2.98803
1.15357,2.61303,1.78198,2.95199
1.17155,2.62142,1.77952,2.91596
1.18954,2.62981,1.77707,2.87992
1.20753,2.6382,1.77462,2.84388
1.22552,2.64659,1.77216,2.80785
1.24351,2.65498,1.76971,2.77181
1.2615,2.66337,1.76725,2.73577
1.27948,2.67176,1.7648,2.69974
1.29747,2.68015,1.76235,2.6637
1.31546,2.68854,1.75989,2.62766
1.33345,2.69693,1.75744,2.59163
1.34927,2.70896,1.75519,2.52974
1.36508,2.721,1.75295,2.46786
1.3809,2.73303,1.7507,2.40598
1.39671,2.74506,1.74846,2.3441
1.41253,2.7571,1.74622,2.28222
1.42834,2.76913,1.74397,2.22033
1.44416,2.78117,1.74173,2.15845
1.45998,2.7932,1.73948,2.09657
1.47579,2.80524,1.73724,2.03469
1.49161,2.81727,1.73499,1.97281
1.50742,2.8293,1.73275,1.91092
1.52324,2.84134,1.73051,1.84904
1.53906,2.85337,1.72826,1.78716
1.55487,2.86541,1.72602,1.72528
1.57069,2.87744,1.72377,1.6634
1.5865,2.88947,1.72153,1.60151
1.60232,2.90151,1.71928,1.53963
1.61814,2.91354,1.71704,1.47775
1.63395,2.92558,1.71479,1.41587
1.64977,2.93761,1.71255,1.35398
1.66558,2.94965,1.71031,1.2921
1.6814,2.96168,1.70806,1.23022
1.69721,2.97371,1.70582,1.16834
1.71303,2.98575,1.70357,1.10646
1.72885,2.99778,1.70133,1.04457
1.74466,3.00982,1.69908,0.982692
1.76048,3.02185,1.69684,0.92081
1.77629,3.03388,1.6946,0.858928
1.79211,3.04592,1.69235,0.797046
1.80793,3.05795,1.69011,0.735164
1.82374,3.06999,1.68786,0.673282
1.83956,3.08202,1.68562,0.6114
1.85537,3.09406,1.68337,0.549518
1.87119,3.10609,1.68113,0.487636
1.887,3.11812,1.67888,0.425754
1.90282,3.13016,1.67664,0.363872
1.91864,3.14219,1.6744,0.30199
1.93445,3.15423,1.67215,0.240108
1.95027,3.16626,1.66991,0.178226
1.96608,3.17829,1.66766,0.116344
1.9819,3.19033,1.66542,0.0544616
1.99772,3.20236,1.66317,-0.00742043
2.01353,3.2144,1.66093,-0.0693025
2.02935,3.22643,1.65868,-0.131185
2.04516,3.23847,1.65644,-0.193067
2.06098,3.2505,1.6542,-0.254949
2.0768,3.26253,1.65195,-0.316831
2.09261,3.27457,1.64971,-0.378713
2.10843,3.2866,1.64746,-0.440595
2.12424,3.29864,1.64522,-0.502477
2.14293,3.30374,1.64026,-0.4622
2.16163,3.30885,1.6353,-0.421924
2.18032,3.31395,1.63034,-0.381647
2.19901,3.31906,1.62539,-0.341371
2.2177,3.32416,1.62043,-0.301094
2.23639,3.32927,1.61547,-0.260817
2.25508,3.33437,1.61051,-0.220541
2.27377,3.33947,1.60555,-0.180264
2.29246,3.34458,1.60059,-0.139988
2.31115,3.34968,1.59564,-0.0997112
2.32984,3.35479,1.59068,-0.0594346
2.34854,3.35989,1.58572,-0.0191581
2.36723,3.365,1.58076,0.0211185
2.38592,3.3701,1.5758,0.061395
2.40461,3.37521,1.57084,0.101672
2.4233,3.38031,1.56589,0.141948
2.44199,3.38542,1.56093,0.182225
2.46068,3.39052,1.55597,0.222501
2.47937,3.39563,1.55101,0.262778
2.49806,3.40073,1.54605,0.303054
2.51676,3.40584,1.5411,0.343331
2.53545,3.41094,1.53614,0.383608
2.55414,3.41605,1.53118,0.423884
2.57283,3.42115,1.52622,0.464161
2.59152,3.42626,1.52126,0.504437
2.61021,3.43136,1.5163,0.544714
2.6289,3.43647,1.51135,0.58499
2.64759,3.44157,1.50639,0.625267
2.66628,3.44668,1.50143,0.665544
2.68498,3.45178,1.49647,0.70582
2.70367,3.45689,1.49151,0.746097
2.72236,3.46199,1.48655,0.786373
2.74105,3.4671,1.4816,0.82665
2.75974,3.4722,1.47664,0.866926
2.77843,3.47731,1.47168,0.907203
2.79712,3.48241,1.46672,0.94748
2.81581,3.48752,1.46176,0.987756
2.8345,3.49262,1.45681,1.02803
2.85319,3.49773,1.45185,1.06831
2.87189,3.50283,1.44689,1.10859
2.89058,3.50793,1.44193,1.14886
2.90927,3.51304,1.43697,1.18914
2.92796,3.51814,1.43201,1.22942
2.94665,3.52325,1.42706,1.26969
2.96534,3.52835,1.4221,1.30997
2.98403,3.53346,1.41714,1.35025
3.00272,3.53856,1.41218,1.39052
3.02141,3.54367,1.40722,1.4308
3.04011,3.54877,1.40226,1.47107
3.0588,3.55388,1.39731,1.51135
3.07222,3.53959,1.39334,1.46606
3.08564,3.52531,1.38937,1.42077
3.09907,3.51102,1.3854,1.37548
3.11249,3.49674,1.38143,1.33019
3.12591,3.48245,1.37747,1.2849
3.13934,3.46817,1.3735,1.23961
3.15276,3.45388,1.36953,1.19432
3.16618,3.4396,1.36556,1.14903
3.17961,3.42531,1.3616,1.10374
3.19303,3.41103,1.35763,1.05845
3.20645,3.39674,1.35366,1.01316
3.21988,3.38245,1.34969,0.967873
3.2333,3.36817,1.34573,0.922583
3.24672,3.35388,1.34176,0.877293
3.26015,3.3396,1.33779,0.832003
3.27357,3.32531,1.33382,0.786713
3.28699,3.31103,1.32985,0.741423
3.30042,3.29674,1.32589,0.696133
3.31384,3.28246,1.32192,0.650843
3.32726,3.26817,1.31795,0.605553
3.34069,3.25389,1.31398,0.560263
3.35411,3.2396,1.31002,0.514974
3.36753,3.22532,1.30605,0.469684
3.38096,3.21103,1.30208,0.424394
3.39438,3.19675,1.29811,0.379104
3.4078,3.18246,1.29414,0.333814
3.42123,3.16818,1.29018,0.288524
3.43465,3.15389,1.28621,0.243234
3.44807,3.1396,1.28224,0.197944
3.4615,3.12532,1.27827,0.152654
3.47492,3.11103,1.27431,0.107364
3.48834,3.09675,1.27034,0.0620746
3.50177,3.08246,1.26637,0.0167847
3.51519,3.06818,1.2624,-0.0285052
3.52861,3.05389,1.25843,-0.0737951
3.54204,3.03961,1.25447,-0.119085
3.55546,3.02532,1.2505,-0.164375
3.56888,3.01104,1.24653,-0.209665
3.58231,2.99675,1.24256,-0.254955
3.59573,2.98247,1.2386,-0.300245
3.60915,2.96818,1.23463,-0.345535
3.62258,2.9539,1.23066,-0.390824
3.636,2.93961,1.22669,-0.436114
3.64942,2.92532,1.22272,-0.481404
3.66285,2.91104,1.21876,-0.526694
3.67627,2.89675,1.21479,-0.571984
3.68969,2.88247,1.21082,-0.617274
3.70312,2.86818,1.20685,-0.662564
3.71654,2.8539,1.20289,-0.707854
3.72996,2.83961,1.19892,-0.753144
3.72139,2.8216,1.20039,-0.698122
3.71281,2.8036,1.20186,-0.643101
3.70424,2.78559,1.20334,-0.588079
3.69566,2.76758,1.20481,-0.533057
3.68709,2.74957,1.20628,-0.478036
3.67851,2.73156,1.20775,-0.423014
3.66994,2.71356,1.20923,-0.367993
3.66136,2.69555,1.2107,-0.312971
3.65279,2.67754,1.21217,-0.25795
3.64421,2.65953,1.21364,-0.202928
3.63564,2.64152,1.21511,-0.147906
3.62706,2.62351,1.21659,-0.0928849
3.61849,2.60551,1.21806,-0.0378633
3.60991,2.5875,1.21953,0.0171583
3.60134,2.56949,1.221,0.0721798
3.59276,2.55148,1.22248,0.127201
3.58419,2.53347,1.22395,0.182223
3.57561,2.51546,1.22542,0.237245
3.56704,2.49746,1.22689,0.292266
3.55846,2.47945,1.22837,0.347288
3.54989,2.46144,1.22984,0.402309
3.54131,2.44343,1.23131,0.457331
3.53274,2.42542,1.23278,0.512352
3.52416,2.40741,1.23426,0.567374
3.51559,2.38941,1.23573,0.622396
3.50701,2.3714,1.2372,0.677417
3.49844,2.35339,1.23867,0.732439
3.48986,2.33538,1.24015,0.78746
3.48129,2.31737,1.24162,0.842482
3.47271,2.29936,1.24309,0.897503
3.46413,2.28136,1.24456,0.952525
3.45556,2.26335,1.24604,1.00755
3.44698,2.24534,1.24751,1.06257
3.43841,2.22733,1.24898,1.11759
3.42983,2.20932,1.25045,1.17261
3.42126,2.19131,1.25193,1.22763
3.41268,2.17331,1.2534,1.28265
3.40411,2.1553,1.25487,1.33768
3.39553,2.13729,1.25634,1.3927
3.38696,2.11928,1.25782,1.44772
3.37838,2.10127,1.25929,1.50274
3.36981,2.08326,1.26076,1.55776
3.36123,2.06526,1.26223,1.61278
3.35266,2.04725,1.26371,1.66781
3.34408,2.02924,1.26518,1.72283
3.33551,2.01123,1.26665,1.77785
3.32693,1.99322,1.26812,1.83287
3.31836,1.97522,1.2696,1.88789
3.30978,1.95721,1.27107,1.94291
3.30121,1.9392,1.27254,1.99793
3.28455,1.92835,1.27034,1.9519
3.2679,1.91749,1.26814,1.90587
3.25124,1.90664,1.26595,1.85984
3.23459,1.89579,1.26375,1.8138
3.21793,1.88494,1.26155,1.76777
3.20127,1.87409,1.25935,1.72174
3.18462,1.86323,1.25715,1.67571
3.16796,1.85238,1.25495,1.62967
3.15131,1.84153,1.25276,1.58364
3.13465,1.83068,1.25056,1.53761
3.118,1.81983,1.24836,1.49158
3.10134,1.80897,1.24616,1.44554
3.08469,1.79812,1.24396,1.39951
3.06803,1.78727,1.24176,1.35348
3.05138,1.77642,1.23957,1.30745
3.03472,1.76557,1.23737,1.26141
3.01807,1.75471,1.23517,1.21538
3.00141,1.74386,1.23297,1.16935
2.98476,1.73301,1.23077,1.12332
2.9681,1.72216,1.22857,1.07728
2.95144,1.71131,1.22638,1.03125
2.93479,1.70045,1.22418,0.985219
2.91813,1.6896,1.22198,0.939186
2.90148,1.67875,1.21978,0.893154
2.88482,1.6679,1.21758,0.847121
2.86817,1.65705,1.21538,0.801089
2.85151,1.64619,1.21319,0.755056
2.83486,1.63534,1.21099,0.709024
2.8182,1.62449,1.20879,0.662991
2.80155,1.61364,1.20659,0.616958
2.78489,1.60279,1.20439,0.570926
2.76824,1.59193,1.20219,0.524893
2.75158,1.58108,1.2,0.478861
2.73493,1.57023,1.1978,0.432828
2.71827,1.55938,1.1956,0.386796
2.70161,1.54853,1.1934,0.340763
2.68496,1.53767,1.1912,0.294731
2.6683,1.52682,1.189,0.248698
2.65165,1.51597,1.18681,0.202666
2.63499,1.50512,1.18461,0.156633
2.61834,1.49426,1.18241,0.1106
2.60168,1.48341,1.18021,0.0645679
2.58503,1.47256,1.17801,0.0185354
2.56837,1.46171,1.17581,-0.0274971
2.55172,1.45086,1.17362,-0.0735297
2.53506,1.44,1.17142,-0.119562
2.51841,1.42915,1.16922,-0.165595
2.50175,1.4183,1.16702,-0.211627
2.48509,1.40745,1.16482,-0.25766
2.46844,1.3966,1.16262,-0.303692
2.45038,1.40278,1.16859,-0.296843
2.43232,1.40896,1.17456,-0.289993
2.41426,1.41514,1.18053,-0.283143
2.3962,1.42132,1.1865,-0.276294
2.37814,1.42751,1.19247,-0.269444
2.36008,1.43369,1.19844,-0.262594
2.34202,1.43987,1.20441,-0.255745
2.32396,1.44605,1.21038,-0.248895
2.3059,1.45224,1.21635,-0.242045
2.28784,1.45842,1.22232,-0.235196
2.26978,1.4646,1.22829,-0.228346
2.25172,1.47078,1.23426,-0.221497
2.23366,1.47696,1.24022,-0.214647
2.2156,1.48315,1.24619,-0.207797
2.19754,1.48933,1.25216,-0.200948
2.17949,1.49551,1.25813,-0.194098
2.16143,1.50169,1.2641,-0.187248
2.14337,1.50787,1.27007,-0.180399
2.12531,1.51406,1.27604,-0.173549
2.10725,1.52024,1.28201,-0.166699
2.08919,1.52642,1.28798,-0.15985
2.07113,1.5326,1.29395,-0.153
2.05307,1.53878,1.29992,-0.14615
2.03501,1.54497,1.30589,-0.139301
2.01695,1.55115,1.31185,-0.132451
1.99889,1.55733,1.31782,-0.125601
1.98083,1.56351,1.32379,-0.118752
1.96277,1.56969,1.32976,-0.111902
1.94471,1.57588,1.33573,-0.105052
1.92665,1.58206,1.3417,-0.0982027
1.90859,1.58824,1.34767,-0.0913531
1.89053,1.59442,1.35364,-0.0845034
1.87247,1.6006,1.35961,-0.0776538
1.85441,1.60679,1.36558,-0.0708041
1.83635,1.61297,1.37155,-0.0639545
1.81829,1.61915,1.37752,-0.0571048
1.80023,1.62533,1.38348,-0.0502552
1.78217,1.63152,1.38945,-0.0434055
1.76411,1.6377,1.39542,-0.0365558
1.74605,1.64388,1.40139,-0.0297062
1.72799,1.65006,1.40736,-0.0228565
1.70993,1.65624,1.41333,-0.0160069
1.69187,1.66243,1.4193,-0.00915722
1.67382,1.66861,1.42527,-0.00230757
1.65576,1.67479,1.43124,0.00454209
1.6377,1.68097,1.43721,0.0113917
1.61964,1.68715,1.44318,0.0182414
1.60158,1.69334,1.44915,0.0250911
1.58352,1.69952,1.45512,0.0319407
1.56546,1.7057,1.46108,0.0387904
1.54771,1.69685,1.46365,0.0411181
1.52996,1.68799,1.46622,0.0434458
1.51221,1.67914,1.46878,0.0457735
1.49446,1.67029,1.47135,0.0481013
1.47671,1.66144,1.47392,0.050429
1.45896,1.65258,1.47648,0.0527567
1.44121,1.64373,1.47905,0.0550844
1.42346,1.63488,1.48161,0.0574121
1.40571,1.62602,1.48418,0.0597399
1.38796,1.61717,1.48675,0.0620676
1.37021,1.60832,1.48931,0.0643953
1.35246,1.59947,1.49188,0.066723
1.33471,1.59061,1.49445,0.0690507
1.31697,1.58176,1.49701,0.0713785
1.29922,1.57291,1.49958,0.0737062
1.28147,1.56406,1.50214,0.0760339
1.26372,1.5552,1.50471,0.0783616
1.24597,1.54635,1.50728,0.0806894
1.22822,1.5375,1.50984,0.0830171
1.21047,1.52864,1.51241,0.0853448
1.19272,1.51979,1.51498,0.0876725
1.17497,1.51094,1.51754,0.0900002
1.15722,1.50209,1.52011,0.092328
1.13947,1.49323,1.52268,0.0946557
1.12172,1.48438,1.52524,0.0969834
1.10397,1.47553,1.52781,0.0993111
1.08622,1.46667,1.53037,0.101639
1.06847,1.45782,1.53294,0.103967
1.05072,1.44897,1.53551,0.106294
1.03297,1.44012,1.53807,0.108622
1.01522,1.43126,1.54064,0.11095
0.997475,1.42241,1.54321,0.113277
0.979726,1.41356,1.54577,0.115605
0.961977,1.40471,1.54834,0.117933
0.944227,1.39585,1.5509,0.120261
0.926478,1.387,1.55347,0.122588
0.908728,1.37815,1.55604,0.124916
0.890979,1.36929,1.5586,0.127244
0.873229,1.36044,1.56117,0.129572
0.85548,1.35159,1.56374,0.131899
0.837731,1.34274,1.5663,0.134227
0.819981,1.33388,1.56887,0.136555
0.802232,1.32503,1.57143,0.138882
0.784482,1.31618,1.574,0.14121
0.766733,1.30732,1.57657,0.143538
0.748983,1.29847,1.57913,0.145866
0.731234,1.28962,1.5817,0.148193
0.713484,1.28077,1.58427,0.150521
0.695735,1.27191,1.58683,0.152849
0.677986,1.26306,1.5894,0.155176
0.659083,1.25846,1.58476,0.159714
0.640181,1.25386,1.58011,0.164252
0.621278,1.24927,1.57547,0.16879
0.602376,1.24467,1.57083,0.173327
0.583473,1.24007,1.56618,0.177865
0.564571,1.23547,1.56154,0.182403
0.545669,1.23088,1.5569,0.186941
0.526766,1.22628,1.55225,0.191478
0.507864,1.22168,1.54761,0.196016
0.488961,1.21708,1.54297,0.200554
0.470059,1.21248,1.53833,0.205091
0.451156,1.20789,1.53368,0.209629
0.432254,1.20329,1.52904,0.214167
0.413352,1.19869,1.5244,0.218705
0.394449,1.19409,1.51975,0.223242
0.375547,1.18949,1.51511,0.22778
0.356644,1.1849,1.51047,0.232318
0.337742,1.1803,1.50583,0.236856
0.318839,1.1757,1.50118,0.241393
0.299937,1.1711,1.49654,0.245931
0.281034,1.1665,1.4919,0.250469
0.262132,1.16191,1.48725,0.255007
0.24323,1.15731,1.48261,0.259544
0.224327,1.15271,1.47797,0.264082
0.205425,1.14811,1.47333,0.26862
0.186522,1.14351,1.46868,0.273157
0.16762,1.13892,1.46404,0.277695
0.148717,1.13432,1.4594,0.282233
0.129815,1.12972,1.45475,0.286771
0.110913,1.12512,1.45011,0.291308
0.0920101,1.12052,1.44547,0.295846
0.0731077,1.11593,1.44082,0.300384
0.0542052,1.11133,1.43618,0.304922
0.0353028,1.10673,1.43154,0.309459
0.0164004,1.10213,1.4269,0.313997
-0.00250206,1.09753,1.42225,0.318535
-0.0214045,1.09294,1.41761,0.323072
-0.0403069,1.08834,1.41297,0.32761
-0.0592094,1.08374,1.40832,0.332148
-0.0781118,1.07914,1.40368,0.336686
-0.0970142,1.07454,1.39904,0.341223
-0.115917,1.06995,1.3944,0.345761
-0.134819,1.06535,1.38975,0.350299
-0.153722,1.06075,1.38511,0.354837
-0.172624,1.05615,1.38047,0.359374
-0.191526,1.05155,1.37582,0.363912
-0.210429,1.04696,1.37118,0.36845
-0.229331,1.04236,1.36654,0.372988
-0.248234,1.03776,1.36189,0.377525
-0.267136,1.03316,1.35725,0.382063
-0.265881,1.01324,1.3584,0.369569
-0.264627,0.993308,1.35955,0.357075
-0.263372,0.97338,1.36069,0.344581
-0.262117,0.953452,1.36184,0.332088
-0.260862,0.933525,1.36299,0.319594
-0.259607,0.913597,1.36414,0.3071
-0.258353,0.89367,1.36528,0.294606
-0.257098,0.873742,1.36643,0.282112
-0.255843,0.853814,1.36758,0.269618
-0.254588,0.833887,1.36872,0.257124
-0.253334,0.813959,1.36987,0.24463
-0.252079,0.794032,1.37102,0.232137
-0.250824,0.774104,1.37217,0.219643
-0.249569,0.754176,1.37331,0.207149
-0.248314,0.734249,1.37446,0.194655
-0.24706,0.714321,1.37561,0.182161
-0.245805,0.694394,1.37676,0.169667
-0.24455,0.674466,1.3779,0.157173
-0.243295,0.654538,1.37905,0.14468
-0.24204,0.634611,1.3802,0.132186
-0.240786,0.614683,1.38134,0.119692
-0.239531,0.594756,1.38249,0.107198
-0.238276,0.574828,1.38364,0.0947041
-0.237021,0.5549,1.38479,0.0822103
-0.235767,0.534973,1.38593,0.0697164
-0.234512,0.515045,1.38708,0.0572225
-0.233257,0.495118,1.38823,0.0447287
-0.232002,0.47519,1.38938,0.0322348
-0.230747,0.455262,1.39052,0.0197409
-0.229493,0.435335,1.39167,0.00724709
-0.228238,0.415407,1.39282,-0.00524678
-0.226983,0.39548,1.39396,-0.0177406
-0.225728,0.375552,1.39511,-0.0302345
-0.224473,0.355624,1.39626,-0.0427284
-0.223219,0.335697,1.39741,-0.0552222
-0.221964,0.315769,1.39855,-0.0677161
-0.220709,0.295842,1.3997,-0.08021
-0.219454,0.275914,1.40085,-0.0927038
-0.2182,0.255986,1.40199,-0.105198
-0.216945,0.236059,1.40314,-0.117692
-0.21569,0.216131,1.40429,-0.130185
-0.214435,0.196204,1.40544,-0.142679
-0.21318,0.176276,1.40658,-0.155173
-0.211926,0.156348,1.40773,-0.167667
-0.210671,0.136421,1.40888,-0.180161
-0.209416,0.116493,1.41003,-0.192655
-0.208161,0.0965656,1.41117,-0.205149
-0.206906,0.076638,1.41232,-0.217642
-0.205652,0.0567104,1.41347,-0.230136
-0.204397,0.0367828,1.41461,-0.24263
-0.218315,0.0225862,1.41244,-0.285834
-0.232233,0.00838952,1.41026,-0.329039
-0.246152,-0.00580712,1.40808,-0.372243
-0.26007,-0.0200038,1.40591,-0.415447
-0.273988,-0.0342004,1.40373,-0.458651
-0.287906,-0.048397,1.40155,-0.501856
-0.301825,-0.0625937,1.39938,-0.54506
-0.315743,-0.0767903,1.3972,-0.588264
-0.329661,-0.090987,1.39502,-0.631468
-0.343579,-0.105184,1.39285,-0.674673
-0.357498,-0.11938,1.39067,-0.717877
-0.371416,-0.133577,1.38849,-0.761081
-0.385334,-0.147774,1.38632,-0.804285
-0.399252,-0.16197,1.38414,-0.847489
-0.413171,-0.176167,1.38196,-0.890694
-0.427089,-0.190363,1.37979,-0.933898
-0.441007,-0.20456,1.37761,-0.977102
-0.454925,-0.218757,1.37543,-1.02031
-0.468844,-0.232953,1.37326,-1.06351
-0.482762,-0.24715,1.37108,-1.10671
-0.49668,-0.261347,1.36891,-1.14992
-0.510598,-0.275543,1.36673,-1.19312
-0.524517,-0.28974,1.36455,-1.23633
-0.538435,-0.303937,1.36238,-1.27953
-0.552353,-0.318133,1.3602,-1.32274
-0.566271,-0.33233,1.35802,-1.36594
-0.58019,-0.346527,1.35585,-1.40914
-0.594108,-0.360723,1.35367,-1.45235
-0.608026,-0.37492,1.35149,-1.49555
-0.621944,-0.389116,1.34932,-1.53876
-0.635863,-0.403313,1.34714,-1.58196
-0.649781,-0.41751,1.34496,-1.62517
-0.663699,-0.431706,1.34279,-1.66837
-0.677617,-0.445903,1.34061,-1.71157
-0.691535,-0.4601,1.33843,-1.75478
-0.705454,-0.474296,1.33626,-1.79798
-0.719372,-0.488493,1.33408,-1.84119
-0.73329,-0.50269,1.3319,-1.88439
-0.747208,-0.516886,1.32973,-1.9276
-0.761127,-0.531083,1.32755,-1.9708
-0.775045,-0.545279,1.32537,-2.014
-0.788963,-0.559476,1.3232,-2.05721
-0.802881,-0.573673,1.32102,-2.10041
-0.8168,-0.587869,1.31884,-2.14362
-0.830718,-0.602066,1.31667,-2.18682
-0.844636,-0.616263,1.31449,-2.23002
-0.858554,-0.630459,1.31231,-2.27323
-0.872473,-0.644656,1.31014,-2.31643
-0.886391,-0.658853,1.30796,-2.35964
-0.900309,-0.673049,1.30578,-2.40284
-0.906583,-0.691949,1.30764,-2.45895
-0.912857,-0.710849,1.30949,-2.51507
-0.91913,-0.729749,1.31134,-2.57118
-0.925404,-0.748649,1.3132,-2.62729
-0.931678,-0.767549,1.31505,-2.6834
-0.937951,-0.786449,1.3169,-2.73952
-0.944225,-0.805349,1.31876,-2.79563
-0.950499,-0.824248,1.32061,-2.85174
-0.956772,-0.843148,1.32246,-2.90786
-0.963046,-0.862048,1.32432,-2.96397
-0.96932,-0.880948,1.32617,-3.02008
-0.975593,-0.899848,1.32802,-3.07619
-0.981867,-0.918748,1.32988,-3.13231
-0.988141,-0.937648,1.33173,3.09477
-0.994414,-0.956548,1.33358,3.03865
-1.00069,-0.975448,1.33543,2.98254
-1.00696,-0.994347,1.33729,2.92643
-1.01324,-1.01325,1.33914,2.87032
-1.01951,-1.03215,1.34099,2.8142
-1.02578,-1.05105,1.34285,2.75809
-1.03206,-1.06995,1.3447,2.70198
-1.03833,-1.08885,1.34655,2.64587
-1.0446,-1.10775,1.34841,2.58975
-1.05088,-1.12665,1.35026,2.53364
-1.05715,-1.14555,1.35211,2.47753
-1.06343,-1.16445,1.35397,2.42142
-1.0697,-1.18335,1.35582,2.3653
-1.07597,-1.20225,1.35767,2.30919
-1.08225,-1.22115,1.35953,2.25308
-1.08852,-1.24005,1.36138,2.19697
-1.09479,-1.25895,1.36323,2.14085
-1.10107,-1.27785,1.36509,2.08474
-1.10734,-1.29675,1.36694,2.02863
-1.11361,-1.31565,1.36879,1.97251
-1.11989,-1.33455,1.37065,1.9164
-1.12616,-1.35345,1.3725,1.86029
-1.13244,-1.37235,1.37435,1.80418
-1.13871,-1.39125,1.37621,1.74806
-1.14498,-1.41015,1.37806,1.69195
-1.15126,-1.42905,1.37991,1.63584
-1.15753,-1.44795,1.38177,1.57973
-1.1638,-1.46684,1.38362,1.52361
-1.17008,-1.48574,1.38547,1.4675
-1.17635,-1.50464,1.38733,1.41139
-1.18263,-1.52354,1.38918,1.35528
-1.1889,-1.54244,1.39103,1.29916
-1.19517,-1.56134,1.39289,1.24305
-1.20145,-1.58024,1.39474,1.18694
-1.20772,-1.59914,1.39659,1.13083
-1.21399,-1.61804,1.39845,1.07471
-1.22965,-1.63049,1.39815,1.04901
-1.2453,-1.64294,1.39785,1.02331
-1.26095,-1.65538,1.39755,0.997608
-1.2766,-1.66783,1.39726,0.971906
-1.29226,-1.68027,1.39696,0.946204
-1.30791,-1.69272,1.39666,0.920502
-1.32356,-1.70517,1.39636,0.894801
-1.33921,-1.71761,1.39607,0.869099
-1.35487,-1.73006,1.39577,0.843397
-1.37052,-1.74251,1.39547,0.817695
-1.38617,-1.75495,1.39517,0.791993
-1.40183,-1.7674,1.39488,0.766292
-1.41748,-1.77984,1.39458,0.74059
-1.43313,-1.79229,1.39428,0.714888
-1.44878,-1.80474,1.39398,0.689186
-1.46444,-1.81718,1.39369,0.663485
-1.48009,-1.82963,1.39339,0.637783
-1.49574,-1.84207,1.39309,0.612081
-1.51139,-1.85452,1.39279,0.586379
-1.52705,-1.86697,1.3925,0.560677
-1.5427,-1.87941,1.3922,0.534976
-1.55835,-1.89186,1.3919,0.509274
-1.574,-1.90431,1.3916,0.483572
-1.58966,-1.91675,1.39131,0.45787
-1.60531,-1.9292,1.39101,0.432168
-1.62096,-1.94164,1.39071,0.406467
-1.63661,-1.95409,1.39041,0.380765
-1.65227,-1.96654,1.39012,0.355063
-1.66792,-1.97898,1.38982,0.329361
-1.68357,-1.99143,1.38952,0.30366
-1.69923,-2.00387,1.38922,0.277958
-1.71488,-2.01632,1.38893,0.252256
-1.73053,-2.02877,1.38863,0.226554
-1.74618,-2.04121,1.38833,0.200852
-1.76184,-2.05366,1.38803,0.175151
-1.77749,-2.06611,1.38774,0.149449
-1.79314,-2.07855,1.38744,0.123747
-1.80879,-2.091,1.38714,0.0980453
-1.82445,-2.10344,1.38684,0.0723435
-1.8401,-2.11589,1.38655,0.0466417
-1.85575,-2.12834,1.38625,0.0209399
-1.8714,-2.14078,1.38595,-0.00476185
-1.88706,-2.15323,1.38565,-0.0304636
-1.90271,-2.16567,1.38536,-0.0561654
-1.91836,-2.17812,1.38506,-0.0818672
-1.93401,-2.19057,1.38476,-0.107569
-1.94967,-2.20301,1.38446,-0.133271
-1.96532,-2.21546,1.38417,-0.158973
-1.98097,-2.2279,1.38387,-0.184674
-1.99663,-2.24035,1.38357,-0.210376
-2.01188,-2.25298,1.38638,-0.181707
-2.02714,-2.2656,1.38919,-0.153038
-2.04239,-2.27822,1.392,-0.124369
-2.05765,-2.29085,1.39481,-0.0956998
-2.0729,-2.30347,1.39762,-0.0670307
-2.08816,-2.3161,1.40043,-0.0383616
-2.10342,-2.32872,1.40323,-0.00969254
-2.11867,-2.34135,1.40604,0.0189765
-2.13393,-2.35397,1.40885,0.0476456
-2.14918,-2.36659,1.41166,0.0763147
-2.16444,-2.37922,1.41447,0.104984
-2.17969,-2.39184,1.41728,0.133653
-2.19495,-2.40447,1.42009,0.162322
-2.21021,-2.41709,1.4229,0.190991
-2.22546,-2.42971,1.42571,0.21966
-2.24072,-2.44234,1.42852,0.248329
-2.25597,-2.45496,1.43133,0.276998
-2.27123,-2.46759,1.43414,0.305667
-2.28648,-2.48021,1.43694,0.334336
-2.30174,-2.49284,1.43975,0.363006
-2.317,-2.50546,1.44256,0.391675
-2.33225,-2.51808,1.44537,0.420344
-2.34751,-2.53071,1.44818,0.449013
-2.36276,-2.54333,1.45099,0.477682
-2.37802,-2.55596,1.4538,0.506351
-2.39327,-2.56858,1.45661,0.53502
-2.40853,-2.58121,1.45942,0.563689
-2.42379,-2.59383,1.46223,0.592358
-2.43904,-2.60645,1.46504,0.621027
-2.4543,-2.61908,1.46784,0.649696
-2.46955,-2.6317,1.47065,0.678365
-2.48481,-2.64433,1.47346,0.707034
-2.50006,-2.65695,1.47627,0.735704
-2.51532,-2.66958,1.47908,0.764373
-2.53058,-2.6822,1.48189,0.793042
-2.54583,-2.69482,1.4847,0.821711
-2.56109,-2.70745,1.48751,0.85038
-2.57634,-2.72007,1.49032,0.879049
-2.5916,-2.7327,1.49313,0.907718
-2.60685,-2.74532,1.49594,0.936387
-2.62211,-2.75795,1.49875,0.965056
-2.63737,-2.77057,1.50155,0.993725
-2.65262,-2.78319,1.50436,1.02239
-2.66788,-2.79582,1.50717,1.05106
-2.68313,-2.80844,1.50998,1.07973
-2.69839,-2.82107,1.51279,1.1084
-2.71364,-2.83369,1.5156,1.13707
-2.7289,-2.84632,1.51841,1.16574
-2.74416,-2.85894,1.52122,1.19441
-2.75941,-2.87156,1.52403,1.22308
-2.77847,-2.8765,1.52754,1.26771
-2.79753,-2.88143,1.53105,1.31235
-2.8166,-2.88636,1.53455,1.35699
-2.83566,-2.8913,1.53806,1.40162
-2.85472,-2.89623,1.54157,1.44626
-2.87378,-2.90116,1.54508,1.49089
-2.89284,-2.9061,1.54859,1.53553
-2.91191,-2.91103,1.5521,1.58017
-2.93097,-2.91596,1.55561,1.6248
-2.95003,-2.9209,1.55911,1.66944
-2.96909,-2.92583,1.56262,1.71407
-2.98815,-2.93076,1.56613,1.75871
-3.00721,-2.93569,1.56964,1.80335
-3.02628,-2.94063,1.57315,1.84798
-3.04534,-2.94556,1.57666,1.89262
-3.0644,-2.95049,1.58017,1.93725
-3.08346,-2.95543,1.58367,1.98189
-3.10252,-2.96036,1.58718,2.02653
-3.12159,-2.96529,1.59069,2.07116
-3.14065,-2.97023,1.5942,2.1158
-3.15971,-2.97516,1.59771,2.16044
-3.17877,-2.98009,1.60122,2.20507
-3.19783,-2.98503,1.60473,2.24971
-3.2169,-2.98996,1.60823,2.29434
-3.23596,-2.99489,1.61174,2.33898
-3.25502,-2.99983,1.61525,2.38362
-3.27408,-3.00476,1.61876,2.42825
-3.29314,-3.00969,1.62227,2.47289
-3.3122,-3.01462,1.62578,2.51752
-3.33127,-3.01956,1.62929,2.56216
-3.35033,-3.02449,1.63279,2.6068
-3.36939,-3.02942,1.6363,2.65143
-3.38845,-3.03436,1.63981,2.69607
-3.40751,-3.03929,1.64332,2.7407
-3.42658,-3.04422,1.64683,2.78534
-3.44564,-3.04916,1.65034,2.82998
-3.4647,-3.05409,1.65385,2.87461
-3.48376,-3.05902,1.65735,2.91925
-3.50282,-3.06396,1.66086,2.96388
-3.52188,-3.06889,1.66437,3.00852
-3.54095,-3.07382,1.66788,3.05316
-3.56001,-3.07876,1.67139,3.09779
-3.57907,-3.08369,1.6749,-3.14076
-3.59813,-3.08862,1.67841,-3.09612
-3.61719,-3.09355,1.68192,-3.05148
-3.63626,-3.09849,1.68542,-3.00685
-3.65532,-3.10342,1.68893,-2.96221
-3.67438,-3.10835,1.69244,-2.91758
-3.69344,-3.11329,1.69595,-2.87294
-3.7125,-3.11822,1.69946,-2.8283
-3.71263,-3.1381,1.69731,-2.88441
-3.71275,-3.15799,1.69515,-2.94051
-3.71287,-3.17787,1.693,-2.99662
-3.713,-3.19775,1.69085,-3.05273
-3.71312,-3.21764,1.68869,-3.10883
-3.71324,-3.23752,1.68654,3.11825
-3.71336,-3.2574,1.68439,3.06214
-3.71349,-3.27729,1.68224,3.00604
-3.71361,-3.29717,1.68008,2.94993
-3.71373,-3.31705,1.67793,2.89383
-3.71386,-3.33694,1.67578,2.83772
-3.71398,-3.35682,1.67363,2.78162
-3.7141,-3.3767,1.67147,2.72551
-3.71423,-3.39659,1.66932,2.66941
-3.71435,-3.41647,1.66717,2.6133
-3.71447,-3.43636,1.66501,2.5572
-3.71459,-3.45624,1.66286,2.50109
-3.71472,-3.47612,1.66071,2.44499
-3.71484,-3.49601,1.65856,2.38888
-3.71496,-3.51589,1.6564,2.33278
-3.71509,-3.53577,1.65425,2.27667
-3.71521,-3.55566,1.6521,2.22057
-3.71533,-3.57554,1.64994,2.16446
-3.71546,-3.59542,1.64779,2.10836
-3.71558,-3.61531,1.64564,2.05225
-3.7157,-3.63519,1.64349,1.99615
-3.71583,-3.65507,1.64133,1.94004
-3.71595,-3.67496,1.63918,1.88394
-3.71607,-3.69484,1.63703,1.82783
-3.71619,-3.71472,1.63488,1.77173
-3.71632,-3.73461,1.63272,1.71562
-3.71644,-3.75449,1.63057,1.65952
-3.71656,-3.77437,1.62842,1.60341
-3.71669,-3.79426,1.62626,1.54731
-3.71681,-3.81414,1.62411,1.4912
-3.71693,-3.83402,1.62196,1.4351
-3.71706,-3.85391,1.61981,1.37899
-3.71718,-3.87379,1.61765,1.32289
-3.7173,-3.89367,1.6155,1.26678
-3.71743,-3.91356,1.61335,1.21067
-3.71755,-3.93344,1.6112,1.15457
-3.71767,-3.95332,1.60904,1.09846
-3.71779,-3.97321,1.60689,1.04236
-3.71792,-3.99309,1.60474,0.986254
-3.71804,-4.01297,1.60258,0.930149
-3.71816,-4.03286,1.60043,0.874044
-3.71829,-4.05274,1.59828,0.817939
-3.71841,-4.07262,1.59613,0.761834
-3.71853,-4.09251,1.59397,0.705729
-3.71866,-4.11239,1.59182,0.649623
-3.72361,-4.13013,1.58403,0.657891
-3.72857,-4.14788,1.57625,0.666158
-3.73353,-4.16562,1.56846,0.674426
-3.73849,-4.18336,1.56068,0.682693
-3.74344,-4.2011,1.55289,0.690961
-3.7484,-4.21885,1.5451,0.699228
-3.75336,-4.23659,1.53732,0.707495
-3.75831,-4.25433,1.52953,0.715763
-3.76327,-4.27207,1.52174,0.72403
-3.76823,-4.28982,1.51396,0.732298
-3.77319,-4.30756,1.50617,0.740565
-3.77814,-4.3253,1.49838,0.748833
-3.7831,-4.34304,1.4906,0.7571
-3.78806,-4.36079,1.48281,0.765367
-3.79302,-4.37853,1.47503,0.773635
-3.79797,-4.39627,1.46724,0.781902
-3.80293,-4.41401,1.45945,0.79017
-3.80789,-4.43176,1.45167,0.798437
-3.81285,-4.4495,1.44388,0.806705
-3.8178,-4.46724,1.43609,0.814972
-3.82276,-4.48498,1.42831,0.82324
-3.82772,-4.50273,1.42052,0.831507
-3.83268,-4.52047,1.41274,0.839774
-3.83763,-4.53821,1.40495,0.848042
-3.84259,-4.55595,1.39716,0.856309
-3.84755,-4.5737,1.38938,0.864577
-3.85251,-4.59144,1.38159,0.872844
-3.85746,-4.60918,1.3738,0.881112
-3.86242,-4.62692,1.36602,0.889379
-3.86738,-4.64467,1.35823,0.897646
-3.87234,-4.66241,1.35044,0.905914
-3.87729,-4.68015,1.34266,0.914181
-3.88225,-4.69789,1.33487,0.922449
-3.88721,-4.71564,1.32709,0.930716
-3.89216,-4.73338,1.3193,0.938984
-3.89712,-4.75112,1.31151,0.947251
-3.90208,-4.76887,1.30373,0.955518
-3.90704,-4.78661,1.29594,0.963786
-3.91199,-4.80435,1.28815,0.972053
-3.91695,-4.82209,1.28037,0.980321
-3.92191,-4.83984,1.27258,0.988588
-3.92687,-4.85758,1.2648,0.996856
-3.93182,-4.87532,1.25701,1.00512
-3.93678,-4.89306,1.24922,1.01339
-3.94174,-4.91081,1.24144,1.02166
-3.9467,-4.92855,1.23365,1.02993
-3.95165,-4.94629,1.22586,1.03819
-3.95661,-4.96403,1.21808,1.04646
-3.96157,-4.98178,1.21029,1.05473
-3.96653,-4.99952,1.2025,1.063
-3.9831,-5.00819,1.20959,1.00595
-3.99967,-5.01686,1.21667,0.948913
-4.01624,-5.02553,1.22376,0.891872
-4.03281,-5.0342,1.23084,0.834831
-4.04939,-5.04287,1.23792,0.77779
-4.06596,-5.05154,1.24501,0.720749
-4.08253,-5.06022,1.25209,0.663708
-4.0991,-5.06889,1.25918,0.606667
-4.11567,-5.07756,1.26626,0.549626
-4.13225,-5.08623,1.27334,0.492585
-4.14882,-5.0949,1.28043,0.435544
-4.16539,-5.10357,1.28751,0.378503
-4.18196,-5.11224,1.2946,0.321462
-4.19853,-5.12091,1.30168,0.264421
-4.21511,-5.12958,1.30876,0.20738
-4.23168,-5.13826,1.31585,0.150339
-4.24825,-5.14693,1.32293,0.0932979
-4.26482,-5.1556,1.33002,0.0362569
-4.28139,-5.16427,1.3371,-0.0207841
-4.29797,-5.17294,1.34418,-0.0778252
-4.31454,-5.18161,1.35127,-0.134866
-4.33111,-5.19028,1.35835,-0.191907
-4.34768,-5.19895,1.36543,-0.248948
-4.36425,-5.20762,1.37252,-0.305989
-4.38083,-5.21629,1.3796,-0.36303
-4.3974,-5.22497,1.38669,-0.420071
-4.41397,-5.23364,1.39377,-0.477112
-4.43054,-5.24231,1.40085,-0.534153
-4.44711,-5.25098,1.40794,-0.591194
-4.46369,-5.25965,1.41502,-0.648235
-4.48026,-5.26832,1.42211,-0.705276
-4.49683,-5.27699,1.42919,-0.762317
-4.5134,-5.28566,1.43627,-0.819358
-4.52997,-5.29433,1.44336,-0.876399
-4.54655,-5.30301,1.45044,-0.93344
-4.56312,-5.31168,1.45753,-0.990481
-4.57969,-5.32035,1.46461,-1.04752
-4.59626,-5.32902,1.47169,-1.10456
-4.61283,-5.33769,1.47878,-1.1616
-4.62941,-5.34636,1.48586,-1.21865
-4.64598,-5.35503,1.49295,-1.27569
-4.66255,-5.3637,1.50003,-1.33273
-4.67912,-5.37237,1.50711,-1.38977
-4.69569,-5.38105,1.5142,-1.44681
-4.71227,-5.38972,1.52128,-1.50385
-4.72884,-5.39839,1.52836,-1.56089
-4.74541,-5.40706,1.53545,-1.61793
-4.76198,-5.41573,1.54253,-1.67497
-4.77855,-5.4244,1.54962,-1.73201
-4.79513,-5.43307,1.5567,-1.78906
-4.77531,-5.43574,1.55648,-1.76662
-4.75548,-5.43841,1.55625,-1.74418
-4.73566,-5.44107,1.55602,-1.72175
-4.71584,-5.44374,1.5558,-1.69931
-4.69602,-5.44641,1.55557,-1.67687
-4.6762,-5.44907,1.55535,-1.65444
-4.65638,-5.45174,1.55512,-1.632
-4.63656,-5.45441,1.5549,-1.60956
-4.61674,-5.45708,1.55467,-1.58713
-4.59692,-5.45974,1.55445,-1.56469
-4.5771,-5.46241,1.55422,-1.54225
-4.55728,-5.46508,1.554,-1.51982
-4.53746,-5.46774,1.55377,-1.49738
-4.51764,-5.47041,1.55355,-1.47494
-4.49782,-5.47308,1.55332,-1.45251
-4.478,-5.47575,1.5531,-1.43007
-4.45818,-5.47841,1.55287,-1.40763
-4.43836,-5.48108,1.55265,-1.3852
-4.41854,-5.48375,1.55242,-1.36276
-4.39872,-5.48641,1.5522,-1.34032
-4.3789,-5.48908,1.55197,-1.31789
-4.35908,-5.49175,1.55175,-1.29545
-4.33926,-5.49442,1.55152,-1.27301
-4.31944,-5.49708,1.5513,-1.25058
-4.29962,-5.49975,1.55107,-1.22814
-4.2798,-5.50242,1.55084,-1.2057
-4.25998,-5.50508,1.55062,-1.18327
-4.24016,-5.50775,1.55039,-1.16083
-4.22034,-5.51042,1.55017,-1.13839
-4.20052,-5.51309,1.54994,-1.11596
-4.1807,-5.51575,1.54972,-1.09352
-4.16088,-5.51842,1.54949,-1.07108
-4.14106,-5.52109,1.54927,-1.04865
-4.12124,-5.52375,1.54904,-1.02621
-4.10142,-5.52642,1.54882,-1.00377
-4.0816,-5.52909,1.54859,-0.981336
-4.06178,-5.53176,1.54837,-0.958899
-4.04196,-5.53442,1.54814,-0.936463
-4.02214,-5.53709,1.54792,-0.914026
-4.00232,-5.53976,1.54769,-0.891589
-3.9825,-5.54242,1.54747,-0.869153
-3.96268,-5.54509,1.54724,-0.846716
-3.94286,-5.54776,1.54702,-0.824279
-3.92304,-5.55043,1.54679,-0.801843
-3.90322,-5.55309,1.54657,-0.779406
-3.8834,-5.55576,1.54634,-0.756969
-3.86358,-5.55843,1.54612,-0.734533
-3.84376,-5.56109,1.54589,-0.712096
-3.82394,-5.56376,1.54566,-0.689659
-3.80412,-5.56643,1.54544,-0.667223
-3.78574,-5.55886,1.54324,-0.681946
-3.76736,-5.55129,1.54104,-0.696669
-3.74898,-5.54372,1.53884,-0.711393
-3.7306,-5.53615,1.53664,-0.726116
-3.71222,-5.52858,1.53444,-0.740839
-3.69383,-5.52101,1.53224,-0.755563
-3.67545,-5.51344,1.53004,-0.770286
-3.65707,-5.50587,1.52783,-0.785009
-3.63869,-5.4983,1.52563,-0.799732
-3.62031,-5.49073,1.52343,-0.814456
-3.60193,-5.48316,1.52123,-0.829179
-3.58355,-5.47559,1.51903,-0.843902
-3.56517,-5.46802,1.51683,-0.858626
-3.54679,-5.46046,1.51463,-0.873349
-3.52841,-5.45289,1.51243,-0.888072
-3.51003,-5.44532,1.51023,-0.902795
-3.49164,-5.43775,1.50803,-0.917519
-3.47326,-5.43018,1.50583,-0.932242
-3.45488,-5.42261,1.50363,-0.946965
-3.4365,-5.41504,1.50143,-0.961689
-3.41812,-5.40747,1.49923,-0.976412
-3.39974,-5.3999,1.49703,-0.991135
-3.38136,-5.39233,1.49483,-1.00586
-3.36298,-5.38476,1.49263,-1.02058
-3.3446,-5.37719,1.49042,-1.0353
-3.32622,-5.36962,1.48822,-1.05003
-3.30783,-5.36205,1.48602,-1.06475
-3.28945,-5.35448,1.48382,-1.07947
-3.27107,-5.34691,1.48162,-1.0942
-3.25269,-5.33934,1.47942,-1.10892
-3.23431,-5.33177,1.47722,-1.12364
-3.21593,-5.3242,1.47502,-1.13837
-3.19755,-5.31664,1.47282,-1.15309
-3.17917,-5.30907,1.47062,-1.16781
-3.16079,-5.3015,1.46842,-1.18254
-3.14241,-5.29393,1.46622,-1.19726
-3.12402,-5.28636,1.46402,-1.21198
-3.10564,-5.27879,1.46182,-1.22671
-3.08726,-5.27122,1.45962,-1.24143
-3.06888,-5.26365,1.45742,-1.25615
-3.0505,-5.25608,1.45522,-1.27088
-3.03212,-5.24851,1.45301,-1.2856
-3.01374,-5.24094,1.45081,-1.30032
-2.99536,-5.23337,1.44861,-1.31505
-2.97698,-5.2258,1.44641,-1.32977
-2.9586,-5.21823,1.44421,-1.34449
-2.94021,-5.21066,1.44201,-1.35922
-2.92183,-5.20309,1.43981,-1.37394
-2.90345,-5.19552,1.43761,-1.38866
-2.88507,-5.18795,1.43541,-1.40339
-2.86636,-5.19499,1.43612,-1.45124
-2.84765,-5.20202,1.43683,-1.49909
-2.82895,-5.20906,1.43754,-1.54694
-2.81024,-5.21609,1.43825,-1.59479
-2.79153,-5.22312,1.43896,-1.64264
-2.77282,-5.23016,1.43966,-1.69049
-2.75411,-5.23719,1.44037,-1.73834
-2.7354,-5.24423,1.44108,-1.78619
-2.71669,-5.25126,1.44179,-1.83404
-2.69798,-5.25829,1.4425,-1.88189
-2.67927,-5.26533,1.44321,-1.92974
-2.66057,-5.27236,1.44392,-1.97759
-2.64186,-5.2794,1.44463,-2.02544
-2.62315,-5.28643,1.44534,-2.07329
-2.60444,-5.29346,1.44605,-2.12114
-2.58573,-5.3005,1.44675,-2.16899
-2.56702,-5.30753,1.44746,-2.21684
-2.54831,-5.31457,1.44817,-2.26469
-2.5296,-5.3216,1.44888,-2.31254
-2.5109,-5.32863,1.44959,-2.36039
-2.49219,-5.33567,1.4503,-2.40825
-2.47348,-5.3427,1.45101,-2.4561
-2.45477,-5.34974,1.45172,-2.50395
-2.43606,-5.35677,1.45243,-2.5518
-2.41735,-5.3638,1.45314,-2.59965
-2.39864,-5.37084,1.45384,-2.6475
-2.37993,-5.37787,1.45455,-2.69535
-2.36122,-5.38491,1.45526,-2.7432
-2.34252,-5.39194,1.45597,-2.79105
-2.32381,-5.39897,1.45668,-2.8389
-2.3051,-5.40601,1.45739,-2.88675
-2.28639,-5.41304,1.4581,-2.9346
-2.26768,-5.42008,1.45881,-2.98245
-2.24897,-5.42711,1.45952,-3.0303
-2.23026,-5.43414,1.46023,-3.07815
-2.21155,-5.44118,1.46093,-3.126
-2.19285,-5.44821,1.46164,3.10933
-2.17414,-5.45525,1.46235,3.06148
-2.15543,-5.46228,1.46306,3.01363
-2.13672,-5.46931,1.46377,2.96578
-2.11801,-5.47635,1.46448,2.91793
-2.0993,-5.48338,1.46519,2.87008
-2.08059,-5.49042,1.4659,2.82223
-2.06188,-5.49745,1.46661,2.77438
-2.04317,-5.50449,1.46732,2.72653
-2.02447,-5.51152,1.46802,2.67868
-2.00576,-5.51855,1.46873,2.63083
-1.98705,-5.52559,1.46944,2.58298
-1.96834,-5.53262,1.47015,2.53513
-1.94963,-5.53966,1.47086,2.48728
-1.9314,-5.53524,1.46391,2.48918
-1.91317,-5.53083,1.45697,2.49107
-1.89494,-5.52642,1.45002,2.49297
-1.87671,-5.52201,1.44307,2.49486
-1.85849,-5.5176,1.43613,2.49676
-1.84026,-5.51319,1.42918,2.49866
-1.82203,-5.50878,1.42224,2.50055
-1.8038,-5.50437,1.41529,2.50245
-1.78557,-5.49996,1.40834,2.50435
-1.76734,-5.49555,1.4014,2.50624
-1.74911,-5.49114,1.39445,2.50814
-1.73088,-5.48673,1.3875,2.51003
-1.71265,-5.48232,1.38056,2.51193
-1.69442,-5.47791,1.37361,2.51383
-1.6762,-5.4735,1.36666,2.51572
-1.65797,-5.46909,1.35972,2.51762
-1.63974,-5.46468,1.35277,2.51952
-1.62151,-5.46027,1.34582,2.52141
-1.60328,-5.45586,1.33888,2.52331
-1.58505,-5.45145,1.33193,2.5252
-1.56682,-5.44704,1.32498,2.5271
-1.54859,-5.44263,1.31804,2.529
-1.53036,-5.43822,1.31109,2.53089
-1.51213,-5.43381,1.30415,2.53279
-1.49391,-5.4294,1.2972,2.53469
-1.47568,-5.42499,1.29025,2.53658
-1.45745,-5.42058,1.28331,2.53848
-1.43922,-5.41617,1.27636,2.54037
-1.42099,-5.41176,1.26941,2.54227
-1.40276,-5.40735,1.26247,2.54417
-1.38453,-5.40294,1.25552,2.54606
-1.3663,-5.39853,1.24857,2.54796
-1.34807,-5.39412,1.24163,2.54986
-1.32984,-5.38971,1.23468,2.55175
-1.31162,-5.3853,1.22773,2.55365
-1.29339,-5.38089,1.22079,2.55554
-1.27516,-5.37648,1.21384,2.55744
-1.25693,-5.37207,1.20689,2.55934
-1.2387,-5.36766,1.19995,2.56123
-1.22047,-5.36325,1.193,2.56313
-1.20224,-5.35884,1.18605,2.56503
-1.18401,-5.35443,1.17911,2.56692
-1.16578,-5.35002,1.17216,2.56882
-1.14755,-5.34561,1.16522,2.57071
-1.12933,-5.3412,1.15827,2.57261
-1.1111,-5.33679,1.15132,2.57451
-1.09287,-5.33238,1.14438,2.5764
-1.07464,-5.32797,1.13743,2.5783
-1.05641,-5.32356,1.13048,2.5802
-1.03818,-5.31915,1.12354,2.58209
-1.02642,-5.30297,1.12405,2.64462
-1.01467,-5.2868,1.12456,2.70715
-1.00291,-5.27063,1.12508,2.76968
-0.991155,-5.25446,1.12559,2.83221
-0.979398,-5.23829,1.12611