-0.630413,-0.536772,0.807151,-2.91831
-0.647094,-0.527,0.812272,-2.89458
-0.663776,-0.517228,0.817393,-2.87085
-0.680458,-0.507456,0.822514,-2.84712
-0.69714,-0.497684,0.827635,-2.82339
-0.713822,-0.487912,0.832756,-2.79966
-0.730504,-0.47814,0.837877,-2.77593
-0.747185,-0.468368,0.842998,-2.7522
-0.763867,-0.458596,0.848119,-2.72847
-0.780549,-0.448824,0.85324,-2.70474
-0.797231,-0.439052,0.858361,-2.681
-0.813913,-0.42928,0.863482,-2.65727
-0.830595,-0.419508,0.868603,-2.63354
-0.847276,-0.409736,0.873724,-2.60981
-0.863958,-0.399964,0.878845,-2.58608
-0.88064,-0.390192,0.883966,-2.56235
-0.897322,-0.38042,0.889087,-2.53862
-0.914004,-0.370648,0.894208,-2.51489
-0.930686,-0.360876,0.899329,-2.49116
-0.947367,-0.351104,0.90445,-2.46743
-0.964049,-0.341332,0.909571,-2.4437
-0.980731,-0.33156,0.914692,-2.41997
-0.997413,-0.321788,0.919813,-2.39623
-1.01409,-0.312016,0.924934,-2.3725
-1.03078,-0.302244,0.930055,-2.34877
-1.04746,-0.292472,0.935176,-2.32504
-1.06414,-0.2827,0.940297,-2.30131
-1.08082,-0.272928,0.945418,-2.27758
-1.0975,-0.263156,0.950539,-2.25385
-1.11419,-0.253384,0.95566,-2.23012
-1.13087,-0.243612,0.960781,-2.20639
-1.14755,-0.23384,0.965902,-2.18266
-1.16423,-0.224068,0.971023,-2.15893
-1.18091,-0.214296,0.976144,-2.1352
-1.19759,-0.204524,0.981265,-2.11147
-1.21428,-0.194752,0.986386,-2.08773
-1.23096,-0.18498,0.991507,-2.064
-1.24764,-0.175208,0.996628,-2.04027
-1.26432,-0.165436,1.00175,-2.01654
-1.281,-0.155664,1.00687,-1.99281
-1.29769,-0.145892,1.01199,-1.96908
-1.31437,-0.13612,1.01711,-1.94535
-1.33105,-0.126348,1.02223,-1.92162
-1.34773,-0.116576,1.02735,-1.89789
-1.36441,-0.106804,1.03248,-1.87416
-1.38109,-0.0970318,1.0376,-1.85043
-1.39778,-0.0872598,1.04272,-1.8267
-1.41446,-0.0774878,1.04784,-1.80297
-1.43114,-0.0677157,1.05296,-1.77923
-1.44782,-0.0579437,1.05808,-1.7555
-1.4645,-0.0481717,1.0632,-1.73177
-1.48119,-0.0383997,1.06832,-1.70804
-1.49787,-0.0286277,1.07344,-1.68431
-1.51455,-0.0188557,1.07856,-1.66058
-1.53123,-0.00908374,1.08368,-1.63685
-1.54791,0.000688265,1.08881,-1.61312
-1.5646,0.0104603,1.09393,-1.58939
-1.58128,0.0202323,1.09905,-1.56566
-1.59796,0.0300043,1.10417,-1.54193
-1.61464,0.0397763,1.10929,-1.5182
-1.63132,0.0495483,1.11441,-1.49446
-1.648,0.0593203,1.11953,-1.47073
-1.66469,0.0690923,1.12465,-1.447
-1.68137,0.0788643,1.12977,-1.42327
-1.69805,0.0886363,1.13489,-1.39954
-1.71473,0.0984083,1.14002,-1.37581
-1.73141,0.10818,1.14514,-1.35208
-1.7481,0.117952,1.15026,-1.32835
-1.76478,0.127724,1.15538,-1.30462
-1.78146,0.137496,1.1605,-1.28089
-1.79814,0.147268,1.16562,-1.25716
-1.81482,0.15704,1.17074,-1.23343
-1.8315,0.166812,1.17586,-1.2097
-1.84819,0.176584,1.18098,-1.18596
-1.86487,0.186356,1.1861,-1.16223
-1.88155,0.196128,1.19123,-1.1385
-1.89823,0.2059,1.19635,-1.11477
-1.91491,0.215672,1.20147,-1.09104
-1.9316,0.225444,1.20659,-1.06731
-1.94828,0.235216,1.21171,-1.04358
-1.96496,0.244988,1.21683,-1.01985
-1.98164,0.25476,1.22195,-0.996118
-1.99832,0.264532,1.22707,-0.972387
-2.015,0.274304,1.23219,-0.948656
-2.03169,0.284076,1.23731,-0.924926
-2.04837,0.293848,1.24244,-0.901195
-2.06505,0.30362,1.24756,-0.877464
-2.08173,0.313392,1.25268,-0.853733
-2.09841,0.323164,1.2578,-0.830002
-2.1151,0.332936,1.26292,-0.806272
-2.13178,0.342708,1.26804,-0.782541
-2.14846,0.35248,1.27316,-0.75881
-2.16514,0.362252,1.27828,-0.735079
-2.18182,0.372024,1.2834,-0.711348
-2.1985,0.381796,1.28852,-0.687618
-2.21519,0.391568,1.29365,-0.663887
-2.23187,0.40134,1.29877,-0.640156
-2.24855,0.411112,1.30389,-0.616425
-2.26523,0.420884,1.30901,-0.592694
-2.28191,0.430656,1.31413,-0.568964
-2.2986,0.440428,1.31925,-0.545233
-2.31528,0.4502,1.32437,-0.521502
-2.33196,0.459972,1.32949,-0.497771
-2.34864,0.469744,1.33461,-0.47404
-2.36532,0.479516,1.33973,-0.45031
-2.382,0.489288,1.34486,-0.426579
-2.39869,0.49906,1.34998,-0.402848
-2.41537,0.508832,1.3551,-0.379117
-2.43205,0.518604,1.36022,-0.355386
-2.44873,0.528376,1.36534,-0.331656
-2.46541,0.538148,1.37046,-0.307925
-2.4821,0.54792,1.37558,-0.284194
-2.49878,0.557692,1.3807,-0.260463
-2.51546,0.567464,1.38582,-0.236732
-2.53214,0.577236,1.39094,-0.213002
-2.54882,0.587008,1.39607,-0.189271
-2.5655,0.59678,1.40119,-0.16554
-2.58219,0.606552,1.40631,-0.141809
-2.59887,0.616324,1.41143,-0.118078
-2.61555,0.626096,1.41655,-0.0943477
-2.63223,0.635868,1.42167,-0.0706169
-2.64891,0.64564,1.42679,-0.0468861
-2.6656,0.655412,1.43191,-0.0231553
-2.79549,0.616403,1.48933,-2.90002
-2.81303,0.625773,1.48721,-2.87656
-2.83057,0.635143,1.4851,-2.85311
-2.84812,0.644513,1.48299,-2.82965
-2.86566,0.653883,1.48087,-2.8062
-2.8832,0.663252,1.47876,-2.78274
-2.90074,0.672622,1.47664,-2.75929
-2.91829,0.681992,1.47453,-2.73583
-2.93583,0.691362,1.47242,-2.71237
-2.95337,0.700732,1.4703,-2.68892
-2.97091,0.710101,1.46819,-2.66546
-2.98846,0.719471,1.46608,-2.64201
-3.006,0.728841,1.46396,-2.61855
-3.02354,0.738211,1.46185,-2.5951
-3.04108,0.747581,1.45974,-2.57164
-3.05863,0.75695,1.45762,-2.54818
-3.07617,0.76632,1.45551,-2.52473
-3.09371,0.77569,1.45339,-2.50127
-3.11125,0.78506,1.45128,-2.47782
-3.1288,0.79443,1.44917,-2.45436
-3.14634,0.803799,1.44705,-2.43091
-3.16388,0.813169,1.44494,-2.40745
-3.18142,0.822539,1.44283,-2.38399
-3.19897,0.831909,1.44071,-2.36054
-3.21651,0.841279,1.4386,-2.33708
-3.23405,0.850648,1.43648,-2.31363
-3.25159,0.860018,1.43437,-2.29017
-3.26914,0.869388,1.43226,-2.26672
-3.28668,0.878758,1.43014,-2.24326
-3.30422,0.888128,1.42803,-2.2198
-3.32176,0.897497,1.42592,-2.19635
-3.33931,0.906867,1.4238,-2.17289
-3.35685,0.916237,1.42169,-2.14944
-3.37439,0.925607,1.41958,-2.12598
-3.39193,0.934977,1.41746,-2.10253
-3.40948,0.944346,1.41535,-2.07907
-3.42702,0.953716,1.41323,-2.05561
-3.44456,0.963086,1.41112,-2.03216
-3.4621,0.972456,1.40901,-2.0087
-3.47965,0.981826,1.40689,-1.98525
-3.49719,0.991195,1.40478,-1.96179
-3.51473,1.00057,1.40267,-1.93834
-3.53227,1.00994,1.40055,-1.91488
-3.54982,1.0193,1.39844,-1.89142
-3.56736,1.02867,1.39633,-1.86797
-3.5849,1.03804,1.39421,-1.84451
-3.60244,1.04741,1.3921,-1.82106
-3.61999,1.05678,1.38998,-1.7976
-3.63753,1.06615,1.38787,-1.77415
-3.65507,1.07552,1.38576,-1.75069
-3.67261,1.08489,1.38364,-1.72723
-3.69016,1.09426,1.38153,-1.70378
-3.7077,1.10363,1.37942,-1.68032
-3.72524,1.113,1.3773,-1.65687
-3.74278,1.12237,1.37519,-1.63341
-3.76033,1.13174,1.37307,-1.60996
-3.77787,1.14111,1.37096,-1.5865
-3.79541,1.15048,1.36885,-1.56304
-3.81295,1.15985,1.36673,-1.53959
-3.8305,1.16922,1.36462,-1.51613
-3.84804,1.17859,1.36251,-1.49268
-3.86558,1.18796,1.36039,-1.46922
-3.88312,1.19733,1.35828,-1.44577
-3.90067,1.2067,1.35617,-1.42231
-3.91821,1.21607,1.35405,-1.39885
-3.93575,1.22544,1.35194,-1.3754
-3.95329,1.23481,1.34982,-1.35194
-3.97084,1.24418,1.34771,-1.32849
-3.98838,1.25355,1.3456,-1.30503
-4.00592,1.26292,1.34348,-1.28158
-4.02346,1.27229,1.34137,-1.25812
-4.04101,1.28166,1.33926,-1.23467
-4.05855,1.29103,1.33714,-1.21121
-4.07609,1.3004,1.33503,-1.18775
-4.09363,1.30977,1.33292,-1.1643
-4.11118,1.31914,1.3308,-1.14084
-4.12872,1.32851,1.32869,-1.11739
-4.14626,1.33788,1.32657,-1.09393
-4.1638,1.34725,1.32446,-1.07048
-4.18135,1.35662,1.32235,-1.04702
-4.19889,1.36599,1.32023,-1.02356
-4.21643,1.37536,1.31812,-1.00011
-4.23397,1.38473,1.31601,-0.976652
-4.25152,1.3941,1.31389,-0.953197
-4.26906,1.40347,1.31178,-0.929741
-4.2866,1.41284,1.30966,-0.906285
-4.30414,1.42221,1.30755,-0.882829
-4.32169,1.43158,1.30544,-0.859374
-4.33923,1.44095,1.30332,-0.835918
-4.35677,1.45032,1.30121,-0.812462
-4.37431,1.45969,1.2991,-0.789007
-4.39186,1.46906,1.29698,-0.765551
-4.4094,1.47843,1.29487,-0.742095
-4.42694,1.4878,1.29276,-0.718639
-4.44448,1.49716,1.29064,-0.695184
-4.46203,1.50653,1.28853,-0.671728
-4.47957,1.5159,1.28641,-0.648272
-4.49711,1.52527,1.2843,-0.624817
-4.51465,1.53464,1.28219,-0.601361
-4.5322,1.54401,1.28007,-0.577905
-4.54974,1.55338,1.27796,-0.554449
-4.56728,1.56275,1.27585,-0.530994
-4.58482,1.57212,1.27373,-0.507538
-4.60237,1.58149,1.27162,-0.484082
-4.61991,1.59086,1.26951,-0.460627
-4.63745,1.60023,1.26739,-0.437171
-4.65499,1.6096,1.26528,-0.413715
-4.67254,1.61897,1.26316,-0.39026
-4.69008,1.62834,1.26105,-0.366804
-4.70762,1.63771,1.25894,-0.343348
-4.72516,1.64708,1.25682,-0.319892
-4.74271,1.65645,1.25471,-0.296437
-4.76025,1.66582,1.2526,-0.272981
-4.77779,1.67519,1.25048,-0.249525
-4.79533,1.68456,1.24837,-0.22607
-4.81288,1.69393,1.24625,-0.202614
-4.83042,1.7033,1.24414,-0.179158
-4.84796,1.71267,1.24203,-0.155702
-4.8655,1.72204,1.23991,-0.132247
-4.88305,1.73141,1.2378,-0.108791
-4.90059,1.74078,1.23569,-0.0853353
-4.91813,1.75015,1.23357,-0.0618796
-4.93567,1.75952,1.23146,-0.0384239
-4.95322,1.76889,1.22935,-0.0149682
-5.08591,1.74651,1.28456,-3.02633
-5.07095,1.75955,1.28706,-3.00303
-5.05599,1.77259,1.28955,-2.97973
-5.04103,1.78563,1.29205,-2.95643
-5.02607,1.79866,1.29455,-2.93313
-5.01111,1.8117,1.29705,-2.90982
-4.99615,1.82474,1.29954,-2.88652
-4.9812,1.83778,1.30204,-2.86322
-4.96624,1.85082,1.30454,-2.83992
-4.95128,1.86385,1.30704,-2.81662
-4.93632,1.87689,1.30953,-2.79332
-4.92136,1.88993,1.31203,-2.77002
-4.9064,1.90297,1.31453,-2.74672
-4.89144,1.91601,1.31703,-2.72342
-4.87648,1.92904,1.31952,-2.70012
-4.86152,1.94208,1.32202,-2.67682
-4.84656,1.95512,1.32452,-2.65352
-4.8316,1.96816,1.32702,-2.63022
-4.81664,1.98119,1.32951,-2.60692
-4.80169,1.99423,1.33201,-2.58362
-4.78673,2.00727,1.33451,-2.56032
-4.77177,2.02031,1.33701,-2.53702
-4.75681,2.03335,1.3395,-2.51372
-4.74185,2.04638,1.342,-2.49042
-4.72689,2.05942,1.3445,-2.46712
-4.71193,2.07246,1.347,-2.44382
-4.69697,2.0855,1.3495,-2.42052
-4.68201,2.09854,1.35199,-2.39722
-4.66705,2.11157,1.35449,-2.37392
-4.65209,2.12461,1.35699,-2.35062
-4.63713,2.13765,1.35949,-2.32732
-4.62218,2.15069,1.36198,-2.30402
-4.60722,2.16373,1.36448,-2.28072
-4.59226,2.17676,1.36698,-2.25742
-4.5773,2.1898,1.36948,-2.23412
-4.56234,2.20284,1.37197,-2.21082
-4.54738,2.21588,1.37447,-2.18752
-4.53242,2.22891,1.37697,-2.16422
-4.51746,2.24195,1.37947,-2.14092
-4.5025,2.25499,1.38196,-2.11762
-4.48754,2.26803,1.38446,-2.09432
-4.47258,2.28107,1.38696,-2.07102
-4.45762,2.2941,1.38946,-2.04772
-4.44267,2.30714,1.39195,-2.02442
-4.42771,2.32018,1.39445,-2.00112
-4.41275,2.33322,1.39695,-1.97782
-4.39779,2.34626,1.39945,-1.95452
-4.38283,2.35929,1.40194,-1.93122
-4.36787,2.37233,1.40444,-1.90792
-4.35291,2.38537,1.40694,-1.88461
-4.33795,2.39841,1.40944,-1.86131
-4.32299,2.41144,1.41193,-1.83801
-4.30803,2.42448,1.41443,-1.81471
-4.29307,2.43752,1.41693,-1.79141
-4.27811,2.45056,1.41943,-1.76811
-4.26316,2.4636,1.42192,-1.74481
-4.2482,2.47663,1.42442,-1.72151
-4.23324,2.48967,1.42692,-1.69821
-4.21828,2.50271,1.42942,-1.67491
-4.20332,2.51575,1.43191,-1.65161
-4.18836,2.52879,1.43441,-1.62831
-4.1734,2.54182,1.43691,-1.60501
-4.15844,2.55486,1.43941,-1.58171
-4.14348,2.5679,1.4419,-1.55841
-4.12852,2.58094,1.4444,-1.53511
-4.11356,2.59397,1.4469,-1.51181
-4.0986,2.60701,1.4494,-1.48851
-4.08365,2.62005,1.45189,-1.46521
-4.06869,2.63309,1.45439,-1.44191
-4.05373,2.64613,1.45689,-1.41861
-4.03877,2.65916,1.45939,-1.39531
-4.02381,2.6722,1.46188,-1.37201
-4.00885,2.68524,1.46438,-1.34871
-3.99389,2.69828,1.46688,-1.32541
-3.97893,2.71132,1.46938,-1.30211
-3.96397,2.72435,1.47187,-1.27881
-3.94901,2.73739,1.47437,-1.25551
-3.93405,2.75043,1.47687,-1.23221
-3.91909,2.76347,1.47937,-1.20891
-3.90414,2.7765,1.48186,-1.18561
-3.88918,2.78954,1.48436,-1.16231
-3.87422,2.80258,1.48686,-1.13901
-3.85926,2.81562,1.48936,-1.11571
-3.8443,2.82866,1.49185,-1.09241
-3.82934,2.84169,1.49435,-1.06911
-3.81438,2.85473,1.49685,-1.04581
-3.79942,2.86777,1.49935,-1.02251
-3.78446,2.88081,1.50184,-0.999206
-3.7695,2.89385,1.50434,-0.975906
-3.75454,2.90688,1.50684,-0.952606
-3.73958,2.91992,1.50934,-0.929305
-3.72463,2.93296,1.51183,-0.906005
-3.70967,2.946,1.51433,-0.882705
-3.69471,2.95904,1.51683,-0.859405
-3.67975,2.97207,1.51933,-0.836104
-3.66479,2.98511,1.52182,-0.812804
-3.64983,2.99815,1.52432,-0.789504
-3.63487,3.01119,1.52682,-0.766204
-3.61991,3.02422,1.52932,-0.742904
-3.60495,3.03726,1.53181,-0.719603
-3.58999,3.0503,1.53431,-0.696303
-3.57503,3.06334,1.53681,-0.673003
-3.56008,3.07638,1.53931,-0.649703
-3.54512,3.08941,1.5418,-0.626402
-3.53016,3.10245,1.5443,-0.603102
-3.5152,3.11549,1.5468,-0.579802
-3.50024,3.12853,1.5493,-0.556502
-3.48528,3.14157,1.55179,-0.533201
-3.47032,3.1546,1.55429,-0.509901
-3.45536,3.16764,1.55679,-0.486601
-3.4404,3.18068,1.55929,-0.463301
-3.42544,3.19372,1.56178,-0.440001
-3.41048,3.20675,1.56428,-0.4167
-3.39552,3.21979,1.56678,-0.3934
-3.38057,3.23283,1.56928,-0.3701
-3.36561,3.24587,1.57177,-0.3468
-3.35065,3.25891,1.57427,-0.323499
-3.33569,3.27194,1.57677,-0.300199
-3.32073,3.28498,1.57927,-0.276899
-3.30577,3.29802,1.58176,-0.253599
-3.29081,3.31106,1.58426,-0.230298
-3.27585,3.3241,1.58676,-0.206998
-3.26089,3.33713,1.58926,-0.183698
-3.24593,3.35017,1.59175,-0.160398
-3.23097,3.36321,1.59425,-0.137098
-3.21601,3.37625,1.59675,-0.113797
-3.20106,3.38928,1.59925,-0.0904971
-3.1861,3.40232,1.60174,-0.0671969
-3.17114,3.41536,1.60424,-0.0438966
-3.15618,3.4284,1.60674,-0.0205964
-3.28736,3.39507,1.66351,-2.94355
-3.27194,3.4075,1.66628,-2.92072
-3.25652,3.41993,1.66905,-2.89789
-3.2411,3.43236,1.67182,-2.87506
-3.22568,3.44479,1.67459,-2.85222
-3.21026,3.45722,1.67736,-2.82939
-3.19484,3.46965,1.68013,-2.80656
-3.17941,3.48208,1.6829,-2.78373
-3.16399,3.49451,1.68567,-2.76089
-3.14857,3.50694,1.68844,-2.73806
-3.13315,3.51937,1.69121,-2.71523
-3.11773,3.5318,1.69398,-2.6924
-3.10231,3.54423,1.69675,-2.66956
-3.08689,3.55666,1.69952,-2.64673
-3.07146,3.56909,1.70229,-2.6239
-3.05604,3.58152,1.70506,-2.60107
-3.04062,3.59395,1.70783,-2.57823
-3.0252,3.60638,1.7106,-2.5554
-3.00978,3.61881,1.71337,-2.53257
-2.99436,3.63124,1.71614,-2.50974
-2.97893,3.64367,1.71892,-2.4869
-2.96351,3.6561,1.72169,-2.46407
-2.94809,3.66853,1.72446,-2.44124
-2.93267,3.68096,1.72723,-2.41841
-2.91725,3.69339,1.73,-2.39557
-2.90183,3.70582,1.73277,-2.37274
-2.88641,3.71825,1.73554,-2.34991
-2.87098,3.73068,1.73831,-2.32708
-2.85556,3.74311,1.74108,-2.30424
-2.84014,3.75554,1.74385,-2.28141
-2.82472,3.76797,1.74662,-2.25858
-2.8093,3.7804,1.74939,-2.23575
-2.79388,3.79283,1.75216,-2.21291
-2.77846,3.80526,1.75493,-2.19008
-2.76303,3.81769,1.7577,-2.16725
-2.74761,3.83012,1.76047,-2.14442
-2.73219,3.84255,1.76324,-2.12158
-2.71677,3.85498,1.76601,-2.09875
-2.70135,3.86741,1.76878,-2.07592
-2.68593,3.87984,1.77155,-2.05309
-2.67051,3.89227,1.77432,-2.03025
-2.65508,3.9047,1.77709,-2.00742
-2.63966,3.91713,1.77986,-1.98459
-2.62424,3.92956,1.78263,-1.96176
-2.60882,3.94199,1.7854,-1.93892
-2.5934,3.95442,1.78817,-1.91609
-2.57798,3.96685,1.79094,-1.89326
-2.56256,3.97928,1.79371,-1.87043
-2.54713,3.99171,1.79648,-1.84759
-2.53171,4.00414,1.79925,-1.82476
-2.51629,4.01657,1.80202,-1.80193
-2.50087,4.029,1.80479,-1.7791
-2.48545,4.04143,1.80756,-1.75626
-2.47003,4.05386,1.81033,-1.73343
-2.45461,4.06629,1.8131,-1.7106
-2.43918,4.07872,1.81587,-1.68777
-2.42376,4.09115,1.81864,-1.66493
-2.40834,4.10358,1.82141,-1.6421
-2.39292,4.11601,1.82418,-1.61927
-2.3775,4.12844,1.82695,-1.59644
-2.36208,4.14087,1.82972,-1.5736
-2.34665,4.1533,1.83249,-1.55077
-2.33123,4.16573,1.83526,-1.52794
-2.31581,4.17816,1.83803,-1.50511
-2.30039,4.19059,1.8408,-1.48227
-2.28497,4.20302,1.84357,-1.45944
-2.26955,4.21545,1.84634,-1.43661
-2.25413,4.22788,1.84911,-1.41378
-2.2387,4.24031,1.85188,-1.39094
-2.22328,4.25274,1.85466,-1.36811
-2.20786,4.26517,1.85743,-1.34528
-2.19244,4.2776,1.8602,-1.32245
-2.17702,4.29003,1.86297,-1.29961
-2.1616,4.30246,1.86574,-1.27678
-2.14618,4.31489,1.86851,-1.25395
-2.13075,4.32732,1.87128,-1.23112
-2.11533,4.33975,1.87405,-1.20828
-2.09991,4.35218,1.87682,-1.18545
-2.08449,4.36461,1.87959,-1.16262
-2.06907,4.37704,1.88236,-1.13979
-2.05365,4.38947,1.88513,-1.11695
-2.03823,4.4019,1.8879,-1.09412
-2.0228,4.41433,1.89067,-1.07129
-2.00738,4.42676,1.89344,-1.04846
-1.99196,4.43919,1.89621,-1.02562
-1.97654,4.45162,1.89898,-1.00279
-1.96112,4.46405,1.90175,-0.979958
-1.9457,4.47648,1.90452,-0.957126
-1.93028,4.48891,1.90729,-0.934293
-1.91485,4.50134,1.91006,-0.911461
-1.89943,4.51377,1.91283,-0.888628
-1.88401,4.5262,1.9156,-0.865796
-1.86859,4.53863,1.91837,-0.842963
-1.85317,4.55106,1.92114,-0.820131
-1.83775,4.56349,1.92391,-0.797298
-1.82233,4.57592,1.92668,-0.774466
-1.8069,4.58835,1.92945,-0.751633
-1.79148,4.60078,1.93222,-0.728801
-1.77606,4.61321,1.93499,-0.705968
-1.76064,4.62564,1.93776,-0.683136
-1.74522,4.63807,1.94053,-0.660303
-1.7298,4.6505,1.9433,-0.637471
-1.71437,4.66293,1.94607,-0.614638
-1.69895,4.67536,1.94884,-0.591805
-1.68353,4.68779,1.95161,-0.568973
-1.66811,4.70022,1.95438,-0.54614
-1.65269,4.71265,1.95715,-0.523308
-1.63727,4.72508,1.95992,-0.500475
-1.62185,4.73751,1.96269,-0.477643
-1.60642,4.74994,1.96546,-0.45481
-1.591,4.76237,1.96823,-0.431978
-1.57558,4.7748,1.971,-0.409145
-1.56016,4.78723,1.97377,-0.386313
-1.54474,4.79966,1.97654,-0.36348
-1.52932,4.81209,1.97931,-0.340648
-1.5139,4.82452,1.98208,-0.317815
-1.49847,4.83695,1.98485,-0.294983
-1.48305,4.84938,1.98763,-0.27215
-1.46763,4.86181,1.9904,-0.249318
-1.45221,4.87424,1.99317,-0.226485
-1.43679,4.88667,1.99594,-0.203653
-1.42137,4.8991,1.99871,-0.18082
-1.40595,4.91153,2.00148,-0.157988
-1.39052,4.92396,2.00425,-0.135155
-1.3751,4.93639,2.00702,-0.112323
-1.35968,4.94882,2.00979,-0.0894905
-1.34426,4.96125,2.01256,-0.066658
-1.32884,4.97368,2.01533,-0.0438255
-1.31342,4.98611,2.0181,-0.020993
-1.44605,4.96305,2.07338,-3.02117
-1.42644,4.95991,2.07102,-2.99808
-1.40683,4.95678,2.06867,-2.97499
-1.38722,4.95364,2.06631,-2.95189
-1.36761,4.95051,2.06396,-2.9288
-1.348,4.94737,2.0616,-2.90571
-1.32838,4.94424,2.05925,-2.88262
-1.30877,4.9411,2.05689,-2.85953
-1.28916,4.93797,2.05454,-2.83643
-1.26955,4.93484,2.05218,-2.81334
-1.24994,4.9317,2.04983,-2.79025
-1.23032,4.92857,2.04747,-2.76716
-1.21071,4.92543,2.04512,-2.74407
-1.1911,4.9223,2.04276,-2.72098
-1.17149,4.91916,2.04041,-2.69788
-1.15188,4.91603,2.03805,-2.67479
-1.13226,4.91289,2.0357,-2.6517
-1.11265,4.90976,2.03334,-2.62861
-1.09304,4.90663,2.03099,-2.60552
-1.07343,4.90349,2.02863,-2.58242
-1.05382,4.90036,2.02628,-2.55933
-1.0342,4.89722,2.02392,-2.53624
-1.01459,4.89409,2.02157,-2.51315
-0.99498,4.89095,2.01921,-2.49006
-0.975368,4.88782,2.01686,-2.46696
-0.955756,4.88468,2.0145,-2.44387
-0.936144,4.88155,2.01215,-2.42078
-0.916532,4.87841,2.00979,-2.39769
-0.89692,4.87528,2.00744,-2.3746
-0.877308,4.87215,2.00508,-2.35151
-0.857696,4.86901,2.00273,-2.32841
-0.838084,4.86588,2.00037,-2.30532
-0.818472,4.86274,1.99802,-2.28223
-0.79886,4.85961,1.99566,-2.25914
-0.779249,4.85647,1.99331,-2.23605
-0.759637,4.85334,1.99095,-2.21295
-0.740025,4.8502,1.9886,-2.18986
-0.720413,4.84707,1.98624,-2.16677
-0.700801,4.84394,1.98389,-2.14368
-0.681189,4.8408,1.98153,-2.12059
-0.661577,4.83767,1.97918,-2.0975
-0.641965,4.83453,1.97682,-2.0744
-0.622353,4.8314,1.97446,-2.05131
-0.602741,4.82826,1.97211,-2.02822
-0.583129,4.82513,1.96975,-2.00513
-0.563517,4.82199,1.9674,-1.98204
-0.543905,4.81886,1.96504,-1.95894
-0.524293,4.81572,1.96269,-1.93585
-0.504681,4.81259,1.96033,-1.91276
-0.485069,4.80946,1.95798,-1.88967
-0.465457,4.80632,1.95562,-1.86658
-0.445845,4.80319,1.95327,-1.84348
-0.426233,4.80005,1.95091,-1.82039
-0.406621,4.79692,1.94856,-1.7973
-0.387009,4.79378,1.9462,-1.77421
-0.367398,4.79065,1.94385,-1.75112
-0.347786,4.78751,1.94149,-1.72803
-0.328174,4.78438,1.93914,-1.70493
-0.308562,4.78125,1.93678,-1.68184
-0.28895,4.77811,1.93443,-1.65875
-0.269338,4.77498,1.93207,-1.63566
-0.249726,4.77184,1.92972,-1.61257
-0.230114,4.76871,1.92736,-1.58947
-0.210502,4.76557,1.92501,-1.56638
-0.19089,4.76244,1.92265,-1.54329
-0.171278,4.7593,1.9203,-1.5202
-0.151666,4.75617,1.91794,-1.49711
-0.132054,4.75304,1.91559,-1.47402
-0.112442,4.7499,1.91323,-1.45092
-0.0928302,4.74677,1.91088,-1.42783
-0.0732182,4.74363,1.90852,-1.40474
-0.0536063,4.7405,1.90617,-1.38165
-0.0339943,4.73736,1.90381,-1.35856
-0.0143824,4.73423,1.90146,-1.33546
0.00522957,4.73109,1.8991,-1.31237
0.0248415,4.72796,1.89675,-1.28928
0.0444535,4.72482,1.89439,-1.26619
0.0640654,4.72169,1.89204,-1.2431
0.0836774,4.71856,1.88968,-1.22
0.103289,4.71542,1.88733,-1.19691
0.122901,4.71229,1.88497,-1.17382
0.142513,4.70915,1.88262,-1.15073
0.162125,4.70602,1.88026,-1.12764
0.181737,4.70288,1.87791,-1.10455
0.201349,4.69975,1.87555,-1.08145
0.220961,4.69661,1.8732,-1.05836
0.240573,4.69348,1.87084,-1.03527
0.260185,4.69035,1.86849,-1.01218
0.279797,4.68721,1.86613,-0.989086
0.299409,4.68408,1.86378,-0.965994
0.319021,4.68094,1.86142,-0.942903
0.338633,4.67781,1.85907,-0.919811
0.358245,4.67467,1.85671,-0.896719
0.377857,4.67154,1.85436,-0.873627
0.397469,4.6684,1.852,-0.850535
0.417081,4.66527,1.84965,-0.827443
0.436693,4.66213,1.84729,-0.804351
0.456304,4.659,1.84494,-0.78126
0.475916,4.65587,1.84258,-0.758168
0.495528,4.65273,1.84023,-0.735076
0.51514,4.6496,1.83787,-0.711984
0.534752,4.64646,1.83552,-0.688892
0.554364,4.64333,1.83316,-0.6658
0.573976,4.64019,1.83081,-0.642708
0.593588,4.63706,1.82845,-0.619617
0.6132,4.63392,1.8261,-0.596525
0.632812,4.63079,1.82374,-0.573433
0.652424,4.62766,1.82139,-0.550341
0.672036,4.62452,1.81903,-0.527249
0.691648,4.62139,1.81668,-0.504157
0.71126,4.61825,1.81432,-0.481066
0.730872,4.61512,1.81197,-0.457974
0.750484,4.61198,1.80961,-0.434882
0.770096,4.60885,1.80726,-0.41179
0.789708,4.60571,1.8049,-0.388698
0.80932,4.60258,1.80255,-0.365606
0.828932,4.59944,1.80019,-0.342514
0.848544,4.59631,1.79784,-0.319423
0.868155,4.59318,1.79548,-0.296331
0.887767,4.59004,1.79313,-0.273239
0.907379,4.58691,1.79077,-0.250147
0.926991,4.58377,1.78842,-0.227055
0.946603,4.58064,1.78606,-0.203963
0.966215,4.5775,1.78371,-0.180871
0.985827,4.57437,1.78135,-0.15778
1.00544,4.57123,1.779,-0.134688
1.02505,4.5681,1.77664,-0.111596
1.04466,4.56497,1.77429,-0.088504
1.06428,4.56183,1.77193,-0.0654121
1.08389,4.5587,1.76958,-0.0423203
1.1035,4.55556,1.76722,-0.0192284
0.974165,4.51433,1.82477,-2.88347
0.989941,4.50216,1.82303,-2.86134
1.00572,4.48999,1.82129,-2.83921
1.02149,4.47782,1.81955,-2.81709
1.03727,4.46565,1.81781,-2.79496
1.05305,4.45348,1.81607,-2.77283
1.06882,4.44131,1.81433,-2.7507
1.0846,4.42914,1.81259,-2.72857
1.10037,4.41697,1.81085,-2.70645
1.11615,4.4048,1.80911,-2.68432
1.13193,4.39264,1.80737,-2.66219
1.1477,4.38047,1.80563,-2.64006
1.16348,4.3683,1.80389,-2.61793
1.17926,4.35613,1.80215,-2.59581
1.19503,4.34396,1.80041,-2.57368
1.21081,4.33179,1.79867,-2.55155
1.22658,4.31962,1.79693,-2.52942
1.24236,4.30745,1.7952,-2.50729
1.25814,4.29528,1.79346,-2.48517
1.27391,4.28311,1.79172,-2.46304
1.28969,4.27095,1.78998,-2.44091
1.30546,4.25878,1.78824,-2.41878
1.32124,4.24661,1.7865,-2.39665
1.33702,4.23444,1.78476,-2.37453
1.35279,4.22227,1.78302,-2.3524
1.36857,4.2101,1.78128,-2.33027
1.38435,4.19793,1.77954,-2.30814
1.40012,4.18576,1.7778,-2.28601
1.4159,4.17359,1.77606,-2.26389
1.43167,4.16142,1.77432,-2.24176
1.44745,4.14925,1.77258,-2.21963
1.46323,4.13709,1.77084,-2.1975
1.479,4.12492,1.7691,-2.17537
1.49478,4.11275,1.76736,-2.15325
1.51056,4.10058,1.76562,-2.13112
1.52633,4.08841,1.76388,-2.10899
1.54211,4.07624,1.76215,-2.08686
1.55788,4.06407,1.76041,-2.06473
1.57366,4.0519,1.75867,-2.04261
1.58944,4.03973,1.75693,-2.02048
1.60521,4.02756,1.75519,-1.99835
1.62099,4.01539,1.75345,-1.97622
1.63676,4.00323,1.75171,-1.95409
1.65254,3.99106,1.74997,-1.93197
1.66832,3.97889,1.74823,-1.90984
1.68409,3.96672,1.74649,-1.88771
1.69987,3.95455,1.74475,-1.86558
1.71565,3.94238,1.74301,-1.84345
1.73142,3.93021,1.74127,-1.82133
1.7472,3.91804,1.73953,-1.7992
1.76297,3.90587,1.73779,-1.77707
1.77875,3.8937,1.73605,-1.75494
1.79453,3.88154,1.73431,-1.73281
1.8103,3.86937,1.73257,-1.71069
1.82608,3.8572,1.73083,-1.68856
1.84186,3.84503,1.7291,-1.66643
1.85763,3.83286,1.72736,-1.6443
1.87341,3.82069,1.72562,-1.62217
1.88918,3.80852,1.72388,-1.60005
1.90496,3.79635,1.72214,-1.57792
1.92074,3.78418,1.7204,-1.55579
1.93651,3.77201,1.71866,-1.53366
1.95229,3.75984,1.71692,-1.51153
1.96806,3.74768,1.71518,-1.48941
1.98384,3.73551,1.71344,-1.46728
1.99962,3.72334,1.7117,-1.44515
2.01539,3.71117,1.70996,-1.42302
2.03117,3.699,1.70822,-1.40089
2.04695,3.68683,1.70648,-1.37877
2.06272,3.67466,1.70474,-1.35664
2.0785,3.66249,1.703,-1.33451
2.09427,3.65032,1.70126,-1.31238
2.11005,3.63815,1.69952,-1.29025
2.12583,3.62598,1.69778,-1.26813
2.1416,3.61382,1.69605,-1.246
2.15738,3.60165,1.69431,-1.22387
2.17316,3.58948,1.69257,-1.20174
2.18893,3.57731,1.69083,-1.17962
2.20471,3.56514,1.68909,-1.15749
2.22048,3.55297,1.68735,-1.13536
2.23626,3.5408,1.68561,-1.11323
2.25204,3.52863,1.68387,-1.0911
2.26781,3.51646,1.68213,-1.06898
2.28359,3.50429,1.68039,-1.04685
2.29936,3.49213,1.67865,-1.02472
2.31514,3.47996,1.67691,-1.00259
2.33092,3.46779,1.67517,-0.980463
2.34669,3.45562,1.67343,-0.958335
2.36247,3.44345,1.67169,-0.936207
2.37825,3.43128,1.66995,-0.914079
2.39402,3.41911,1.66821,-0.891951
2.4098,3.40694,1.66647,-0.869823
2.42557,3.39477,1.66473,-0.847695
2.44135,3.3826,1.663,-0.825567
2.45713,3.37043,1.66126,-0.803439
2.4729,3.35827,1.65952,-0.781311
2.48868,3.3461,1.65778,-0.759183
2.50446,3.33393,1.65604,-0.737055
2.52023,3.32176,1.6543,-0.714927
2.53601,3.30959,1.65256,-0.692799
2.55178,3.29742,1.65082,-0.670671
2.56756,3.28525,1.64908,-0.648543
2.58334,3.27308,1.64734,-0.626415
2.59911,3.26091,1.6456,-0.604287
2.61489,3.24874,1.64386,-0.582159
2.63066,3.23658,1.64212,-0.560031
2.64644,3.22441,1.64038,-0.537903
2.66222,3.21224,1.63864,-0.515775
2.67799,3.20007,1.6369,-0.493647
2.69377,3.1879,1.63516,-0.471519
2.70955,3.17573,1.63342,-0.449391
2.72532,3.16356,1.63168,-0.427263
2.7411,3.15139,1.62995,-0.405135
2.75687,3.13922,1.62821,-0.383007
2.77265,3.12705,1.62647,-0.360879
2.78843,3.11488,1.62473,-0.338751
2.8042,3.10272,1.62299,-0.316623
2.81998,3.09055,1.62125,-0.294495
2.83576,3.07838,1.61951,-0.272367
2.85153,3.06621,1.61777,-0.250239
2.86731,3.05404,1.61603,-0.228111
2.88308,3.04187,1.61429,-0.205983
2.89886,3.0297,1.61255,-0.183855
2.91464,3.01753,1.61081,-0.161727
2.93041,3.00536,1.60907,-0.139599
2.94619,2.99319,1.60733,-0.117471
2.96196,2.98102,1.60559,-0.0953434
2.97774,2.96886,1.60385,-0.0732154
2.99352,2.95669,1.60211,-0.0510874
3.00929,2.94452,1.60037,-0.0289594
3.02507,2.93235,1.59863,-0.00683145
2.89348,2.90118,1.6551,-2.95969
2.88417,2.9187,1.65259,-2.93387
2.87487,2.93623,1.65008,-2.90806
2.86556,2.95375,1.64757,-2.88225
2.85626,2.97128,1.64507,-2.85643
2.84696,2.9888,1.64256,-2.83062
2.83765,3.00633,1.64005,-2.80481
2.82835,3.02386,1.63754,-2.77899
2.81905,3.04138,1.63503,-2.75318
2.80974,3.05891,1.63253,-2.72736
2.80044,3.07643,1.63002,-2.70155
2.79113,3.09396,1.62751,-2.67574
2.78183,3.11148,1.625,-2.64992
2.77253,3.12901,1.62249,-2.62411
2.76322,3.14654,1.61999,-2.5983
2.75392,3.16406,1.61748,-2.57248
2.74461,3.18159,1.61497,-2.54667
2.73531,3.19911,1.61246,-2.52085
2.72601,3.21664,1.60995,-2.49504
2.7167,3.23416,1.60745,-2.46923
2.7074,3.25169,1.60494,-2.44341
2.6981,3.26922,1.60243,-2.4176
2.68879,3.28674,1.59992,-2.39179
2.67949,3.30427,1.59742,-2.36597
2.67018,3.32179,1.59491,-2.34016
2.66088,3.33932,1.5924,-2.31434
2.65158,3.35684,1.58989,-2.28853
2.64227,3.37437,1.58738,-2.26272
2.63297,3.39189,1.58488,-2.2369
2.62366,3.40942,1.58237,-2.21109
2.61436,3.42695,1.57986,-2.18528
2.60506,3.44447,1.57735,-2.15946
2.59575,3.462,1.57484,-2.13365
2.58645,3.47952,1.57234,-2.10783
2.57715,3.49705,1.56983,-2.08202
2.56784,3.51457,1.56732,-2.05621
2.55854,3.5321,1.56481,-2.03039
2.54923,3.54963,1.5623,-2.00458
2.53993,3.56715,1.5598,-1.97877
2.53063,3.58468,1.55729,-1.95295
2.52132,3.6022,1.55478,-1.92714
2.51202,3.61973,1.55227,-1.90132
2.50271,3.63725,1.54976,-1.87551
2.49341,3.65478,1.54726,-1.8497
2.48411,3.67231,1.54475,-1.82388
2.4748,3.68983,1.54224,-1.79807
2.4655,3.70736,1.53973,-1.77226
2.4562,3.72488,1.53722,-1.74644
2.44689,3.74241,1.53472,-1.72063
2.43759,3.75993,1.53221,-1.69481
2.42828,3.77746,1.5297,-1.669
2.41898,3.79498,1.52719,-1.64319
2.40968,3.81251,1.52469,-1.61737
2.40037,3.83004,1.52218,-1.59156
2.39107,3.84756,1.51967,-1.56575
2.38176,3.86509,1.51716,-1.53993
2.37246,3.88261,1.51465,-1.51412
2.36316,3.90014,1.51215,-1.4883
2.35385,3.91766,1.50964,-1.46249
2.34455,3.93519,1.50713,-1.43668
2.33524,3.95272,1.50462,-1.41086
2.32594,3.97024,1.50211,-1.38505
2.31664,3.98777,1.49961,-1.35924
2.30733,4.00529,1.4971,-1.33342
2.29803,4.02282,1.49459,-1.30761
2.28873,4.04034,1.49208,-1.28179
2.27942,4.05787,1.48957,-1.25598
2.27012,4.0754,1.48707,-1.23017
2.26081,4.09292,1.48456,-1.20435
2.25151,4.11045,1.48205,-1.17854
2.24221,4.12797,1.47954,-1.15273
2.2329,4.1455,1.47703,-1.12691
2.2236,4.16302,1.47453,-1.1011
2.21429,4.18055,1.47202,-1.07528
2.20499,4.19807,1.46951,-1.04947
2.19569,4.2156,1.467,-1.02366
2.18638,4.23313,1.46449,-0.997843
2.17708,4.25065,1.46199,-0.972029
2.16778,4.26818,1.45948,-0.946215
2.15847,4.2857,1.45697,-0.920401
2.14917,4.30323,1.45446,-0.894588
2.13986,4.32075,1.45195,-0.868774
2.13056,4.33828,1.44945,-0.84296
2.12126,4.35581,1.44694,-0.817146
2.11195,4.37333,1.44443,-0.791333
2.10265,4.39086,1.44192,-0.765519
2.09334,4.40838,1.43942,-0.739705
2.08404,4.42591,1.43691,-0.713891
2.07474,4.44343,1.4344,-0.688078
2.06543,4.46096,1.43189,-0.662264
2.05613,4.47849,1.42938,-0.63645
2.04683,4.49601,1.42688,-0.610636
2.03752,4.51354,1.42437,-0.584823
2.02822,4.53106,1.42186,-0.559009
2.01891,4.54859,1.41935,-0.533195
2.00961,4.56611,1.41684,-0.507381
2.00031,4.58364,1.41434,-0.481567
1.991,4.60116,1.41183,-0.455754
1.9817,4.61869,1.40932,-0.42994
1.97239,4.63622,1.40681,-0.404126
1.96309,4.65374,1.4043,-0.378312
1.95379,4.67127,1.4018,-0.352499
1.94448,4.68879,1.39929,-0.326685
1.93518,4.70632,1.39678,-0.300871
1.92588,4.72384,1.39427,-0.275057
1.91657,4.74137,1.39176,-0.249244
1.90727,4.7589,1.38926,-0.22343
1.89796,4.77642,1.38675,-0.197616
1.88866,4.79395,1.38424,-0.171802
1.87936,4.81147,1.38173,-0.145989
1.87005,4.829,1.37922,-0.120175
1.86075,4.84652,1.37672,-0.0943611
1.85144,4.86405,1.37421,-0.0685474
1.84214,4.88158,1.3717,-0.0427336
1.83284,4.8991,1.36919,-0.0169199
1.70231,4.86287,1.42621,-2.92141
1.6873,4.87608,1.42565,-2.88637
1.6723,4.88929,1.42509,-2.85134
1.6573,4.90251,1.42454,-2.81631
1.64229,4.91572,1.42398,-2.78128
1.62729,4.92893,1.42342,-2.74625
1.61229,4.94215,1.42287,-2.71121
1.59728,4.95536,1.42231,-2.67618
1.58228,4.96857,1.42175,-2.64115
1.56728,4.98179,1.4212,-2.60612
1.55227,4.995,1.42064,-2.57109
1.53727,5.00821,1.42008,-2.53605
1.52227,5.02143,1.41952,-2.50102
1.50726,5.03464,1.41897,-2.46599
1.49226,5.04785,1.41841,-2.43096
1.47726,5.06107,1.41785,-2.39593
1.46225,5.07428,1.4173,-2.36089
1.44725,5.08749,1.41674,-2.32586
1.43225,5.10071,1.41618,-2.29083
1.41725,5.11392,1.41563,-2.2558
1.40224,5.12713,1.41507,-2.22077
1.38724,5.14035,1.41451,-2.18573
1.37224,5.15356,1.41396,-2.1507
1.35723,5.16677,1.4134,-2.11567
1.34223,5.17999,1.41284,-2.08064
1.32723,5.1932,1.41229,-2.04561
1.31222,5.20642,1.41173,-2.01057
1.29722,5.21963,1.41117,-1.97554
1.28222,5.23284,1.41062,-1.94051
1.26721,5.24606,1.41006,-1.90548
1.25221,5.25927,1.4095,-1.87045
1.23721,5.27248,1.40894,-1.83541
1.2222,5.2857,1.40839,-1.80038
1.2072,5.29891,1.40783,-1.76535
1.1922,5.31212,1.40727,-1.73032
1.17719,5.32534,1.40672,-1.69529
1.16219,5.33855,1.40616,-1.66025
1.14719,5.35176,1.4056,-1.62522
1.13218,5.36498,1.40505,-1.59019
1.11718,5.37819,1.40449,-1.55516
1.10218,5.3914,1.40393,-1.52013
1.08718,5.40462,1.40338,-1.48509
1.07217,5.41783,1.40282,-1.45006
1.05717,5.43104,1.40226,-1.41503
1.04217,5.44426,1.40171,-1.38
1.02716,5.45747,1.40115,-1.34497
1.01216,5.47068,1.40059,-1.30993
0.997156,5.4839,1.40004,-1.2749
0.982153,5.49711,1.39948,-1.23987
0.96715,5.51032,1.39892,-1.20484
0.952147,5.52354,1.39836,-1.16981
0.937143,5.53675,1.39781,-1.13477
0.92214,5.54996,1.39725,-1.09974
0.907137,5.56318,1.39669,-1.06471
0.892134,5.57639,1.39614,-1.02968
0.877131,5.5896,1.39558,-0.994646
0.862127,5.60282,1.39502,-0.959614
0.847124,5.61603,1.39447,-0.924582
0.832121,5.62924,1.39391,-0.88955
0.817118,5.64246,1.39335,-0.854518
0.802115,5.65567,1.3928,-0.819486
0.787112,5.66889,1.39224,-0.784454
0.772108,5.6821,1.39168,-0.749422
0.757105,5.69531,1.39113,-0.71439
0.742102,5.70853,1.39057,-0.679358
0.727099,5.72174,1.39001,-0.644326
0.712096,5.73495,1.38946,-0.609294
0.697093,5.74817,1.3889,-0.574262
0.682089,5.76138,1.38834,-0.53923
0.667086,5.77459,1.38778,-0.504198
0.652083,5.78781,1.38723,-0.469166
0.63708,5.80102,1.38667,-0.434134
0.622077,5.81423,1.38611,-0.399102
0.607073,5.82745,1.38556,-0.36407
0.59207,5.84066,1.385,-0.329038
0.577067,5.85387,1.38444,-0.294006
0.562064,5.86709,1.38389,-0.258974
0.547061,5.8803,1.38333,-0.223942
0.532058,5.89351,1.38277,-0.18891
0.517054,5.90673,1.38222,-0.153878
0.502051,5.91994,1.38166,-0.118846
0.487048,5.93315