-0.633107,-0.499608,0.803022,3.13821
-0.65214,-0.495129,0.80723,-3.0973
-0.671172,-0.49065,0.811438,-3.04964
-0.690205,-0.486171,0.815646,-3.00197
-0.709237,-0.481692,0.819854,-2.9543
-0.728269,-0.477213,0.824061,-2.90663
-0.747302,-0.472734,0.828269,-2.85896
-0.766334,-0.468255,0.832477,-2.81129
-0.785367,-0.463776,0.836685,-2.76362
-0.804399,-0.459297,0.840893,-2.71595
-0.823431,-0.454818,0.845101,-2.66828
-0.842464,-0.450339,0.849308,-2.62062
-0.861496,-0.445859,0.853516,-2.57295
-0.880528,-0.44138,0.857724,-2.52528
-0.899561,-0.436901,0.861932,-2.47761
-0.918593,-0.432422,0.86614,-2.42994
-0.937626,-0.427943,0.870348,-2.38227
-0.956658,-0.423464,0.874555,-2.3346
-0.97569,-0.418985,0.878763,-2.28693
-0.994723,-0.414506,0.882971,-2.23926
-1.01376,-0.410027,0.887179,-2.1916
-1.03279,-0.405548,0.891387,-2.14393
-1.05182,-0.401069,0.895595,-2.09626
-1.07085,-0.396589,0.899803,-2.04859
-1.08988,-0.39211,0.90401,-2.00092
-1.10892,-0.387631,0.908218,-1.95325
-1.12795,-0.383152,0.912426,-1.90558
-1.14698,-0.378673,0.916634,-1.85791
-1.16601,-0.374194,0.920842,-1.81024
-1.18505,-0.369715,0.92505,-1.76257
-1.20408,-0.365236,0.929257,-1.71491
-1.22311,-0.360757,0.933465,-1.66724
-1.24214,-0.356278,0.937673,-1.61957
-1.26118,-0.351799,0.941881,-1.5719
-1.28021,-0.34732,0.946089,-1.52423
-1.29924,-0.34284,0.950297,-1.47656
-1.31827,-0.338361,0.954505,-1.42889
-1.33731,-0.333882,0.958712,-1.38122
-1.35634,-0.329403,0.96292,-1.33355
-1.37537,-0.324924,0.967128,-1.28589
-1.3944,-0.320445,0.971336,-1.23822
-1.41344,-0.315966,0.975544,-1.19055
-1.43247,-0.311487,0.979752,-1.14288
-1.4515,-0.307008,0.983959,-1.09521
-1.47053,-0.302529,0.988167,-1.04754
-1.48956,-0.29805,0.992375,-0.999872
-1.5086,-0.293571,0.996583,-0.952203
-1.52763,-0.289091,1.00079,-0.904534
-1.54666,-0.284612,1.005,-0.856865
-1.56569,-0.280133,1.00921,-0.809196
-1.58473,-0.275654,1.01341,-0.761527
-1.58899,-0.25631,1.01066,-0.79542
-1.59326,-0.236966,1.0079,-0.829313
-1.59752,-0.217621,1.00514,-0.863206
-1.60179,-0.198277,1.00238,-0.897099
-1.60606,-0.178933,0.999627,-0.930992
-1.61032,-0.159589,0.99687,-0.964886
-1.61459,-0.140244,0.994112,-0.998779
-1.61885,-0.1209,0.991355,-1.03267
-1.62312,-0.101556,0.988597,-1.06656
-1.62738,-0.0822116,0.98584,-1.10046
-1.63165,-0.0628674,0.983082,-1.13435
-1.63592,-0.0435231,0.980325,-1.16824
-1.64018,-0.0241788,0.977568,-1.20214
-1.64445,-0.00483459,0.97481,-1.23603
-1.64871,0.0145097,0.972053,-1.26992
-1.65298,0.0338539,0.969295,-1.30382
-1.65724,0.0531982,0.966538,-1.33771
-1.66151,0.0725424,0.96378,-1.3716
-1.66578,0.0918867,0.961023,-1.40549
-1.67004,0.111231,0.958265,-1.43939
-1.67431,0.130575,0.955508,-1.47328
-1.67857,0.149919,0.95275,-1.50717
-1.68284,0.169264,0.949993,-1.54107
-1.6871,0.188608,0.947236,-1.57496
-1.69137,0.207952,0.944478,-1.60885
-1.69564,0.227296,0.941721,-1.64275
-1.6999,0.246641,0.938963,-1.67664
-1.70417,0.265985,0.936206,-1.71053
-1.70843,0.285329,0.933448,-1.74443
-1.7127,0.304674,0.930691,-1.77832
-1.71696,0.324018,0.927933,-1.81221
-1.72123,0.343362,0.925176,-1.8461
-1.72549,0.362706,0.922418,-1.88
-1.72976,0.382051,0.919661,-1.91389
-1.73403,0.401395,0.916904,-1.94778
-1.73829,0.420739,0.914146,-1.98168
-1.74256,0.440083,0.911389,-2.01557
-1.74682,0.459428,0.908631,-2.04946
-1.75109,0.478772,0.905874,-2.08336
-1.75535,0.498116,0.903116,-2.11725
-1.75962,0.51746,0.900359,-2.15114
-1.76389,0.536805,0.897601,-2.18503
-1.76815,0.556149,0.894844,-2.21893
-1.77242,0.575493,0.892087,-2.25282
-1.77668,0.594837,0.889329,-2.28671
-1.78095,0.614182,0.886572,-2.32061
-1.78521,0.633526,0.883814,-2.3545
-1.78948,0.65287,0.881057,-2.38839
-1.79375,0.672214,0.878299,-2.42229
-1.79801,0.691559,0.875542,-2.45618
-1.80765,0.708317,0.880664,-2.41688
-1.81729,0.725076,0.885787,-2.37758
-1.82693,0.741835,0.89091,-2.33827
-1.83657,0.758594,0.896032,-2.29897
-1.8462,0.775353,0.901155,-2.25967
-1.85584,0.792112,0.906278,-2.22037
-1.86548,0.80887,0.9114,-2.18107
-1.87512,0.825629,0.916523,-2.14176
-1.88476,0.842388,0.921645,-2.10246
-1.8944,0.859147,0.926768,-2.06316
-1.90404,0.875906,0.931891,-2.02386
-1.91367,0.892665,0.937013,-1.98456
-1.92331,0.909423,0.942136,-1.94526
-1.93295,0.926182,0.947258,-1.90595
-1.94259,0.942941,0.952381,-1.86665
-1.95223,0.9597,0.957504,-1.82735
-1.96187,0.976459,0.962626,-1.78805
-1.9715,0.993218,0.967749,-1.74875
-1.98114,1.00998,0.972872,-1.70945
-1.99078,1.02674,0.977994,-1.67014
-2.00042,1.04349,0.983117,-1.63084
-2.01006,1.06025,0.988239,-1.59154
-2.0197,1.07701,0.993362,-1.55224
-2.02934,1.09377,0.998485,-1.51294
-2.03897,1.11053,1.00361,-1.47364
-2.04861,1.12729,1.00873,-1.43433
-2.05825,1.14405,1.01385,-1.39503
-2.06789,1.16081,1.01898,-1.35573
-2.07753,1.17756,1.0241,-1.31643
-2.08717,1.19432,1.02922,-1.27713
-2.0968,1.21108,1.03434,-1.23783
-2.10644,1.22784,1.03947,-1.19852
-2.11608,1.2446,1.04459,-1.15922
-2.12572,1.26136,1.04971,-1.11992
-2.13536,1.27812,1.05483,-1.08062
-2.145,1.29488,1.05996,-1.04132
-2.15464,1.31164,1.06508,-1.00201
-2.16427,1.32839,1.0702,-0.962713
-2.17391,1.34515,1.07532,-0.923411
-2.18355,1.36191,1.08045,-0.88411
-2.19319,1.37867,1.08557,-0.844808
-2.20283,1.39543,1.09069,-0.805506
-2.21247,1.41219,1.09581,-0.766204
-2.22211,1.42895,1.10094,-0.726903
-2.23174,1.44571,1.10606,-0.687601
-2.24138,1.46247,1.11118,-0.648299
-2.25102,1.47922,1.1163,-0.608998
-2.26066,1.49598,1.12143,-0.569696
-2.2703,1.51274,1.12655,-0.530394
-2.27994,1.5295,1.13167,-0.491092
-2.29334,1.54363,1.13625,-0.541919
-2.30673,1.55775,1.14083,-0.592746
-2.32013,1.57188,1.1454,-0.643573
-2.33353,1.586,1.14998,-0.6944
-2.34693,1.60012,1.15455,-0.745227
-2.36033,1.61425,1.15913,-0.796054
-2.37373,1.62837,1.16371,-0.846881
-2.38713,1.6425,1.16828,-0.897708
-2.40053,1.65662,1.17286,-0.948535
-2.41393,1.67075,1.17744,-0.999362
-2.42733,1.68487,1.18201,-1.05019
-2.44073,1.699,1.18659,-1.10102
-2.45413,1.71312,1.19117,-1.15184
-2.46753,1.72725,1.19574,-1.20267
-2.48093,1.74137,1.20032,-1.2535
-2.49433,1.7555,1.20489,-1.30432
-2.50773,1.76962,1.20947,-1.35515
-2.52113,1.78375,1.21405,-1.40598
-2.53452,1.79787,1.21862,-1.4568
-2.54792,1.812,1.2232,-1.50763
-2.56132,1.82612,1.22778,-1.55846
-2.57472,1.84025,1.23235,-1.60929
-2.58812,1.85437,1.23693,-1.66011
-2.60152,1.8685,1.24151,-1.71094
-2.61492,1.88262,1.24608,-1.76177
-2.62832,1.89675,1.25066,-1.81259
-2.64172,1.91087,1.25523,-1.86342
-2.65512,1.925,1.25981,-1.91425
-2.66852,1.93912,1.26439,-1.96507
-2.68192,1.95325,1.26896,-2.0159
-2.69532,1.96737,1.27354,-2.06673
-2.70872,1.9815,1.27812,-2.11755
-2.72212,1.99562,1.28269,-2.16838
-2.73552,2.00975,1.28727,-2.21921
-2.74892,2.02387,1.29184,-2.27004
-2.76231,2.038,1.29642,-2.32086
-2.77571,2.05212,1.301,-2.37169
-2.78911,2.06625,1.30557,-2.42252
-2.80251,2.08037,1.31015,-2.47334
-2.81591,2.0945,1.31473,-2.52417
-2.82931,2.10862,1.3193,-2.575
-2.84271,2.12275,1.32388,-2.62582
-2.85611,2.13687,1.32846,-2.67665
-2.86951,2.151,1.33303,-2.72748
-2.88291,2.16512,1.33761,-2.77831
-2.89631,2.17925,1.34218,-2.82913
-2.90971,2.19337,1.34676,-2.87996
-2.92311,2.2075,1.35134,-2.93079
-2.93651,2.22162,1.35591,-2.98161
-2.94991,2.23575,1.36049,-3.03244
-2.95697,2.25036,1.34881,-3.05742
-2.96403,2.26498,1.33713,-3.08239
-2.97109,2.2796,1.32545,-3.10737
-2.97816,2.29422,1.31377,-3.13235
-2.98522,2.30884,1.3021,3.12586
-2.99228,2.32346,1.29042,3.10088
-2.99934,2.33808,1.27874,3.07591
-3.00641,2.3527,1.26706,3.05093
-3.01347,2.36732,1.25538,3.02595
-3.02053,2.38194,1.2437,3.00097
-3.0276,2.39656,1.23202,2.976
-3.03466,2.41118,1.22034,2.95102
-3.04172,2.4258,1.20866,2.92604
-3.04878,2.44041,1.19698,2.90106
-3.05585,2.45503,1.18531,2.87609
-3.06291,2.46965,1.17363,2.85111
-3.06997,2.48427,1.16195,2.82613
-3.07703,2.49889,1.15027,2.80116
-3.0841,2.51351,1.13859,2.77618
-3.09116,2.52813,1.12691,2.7512
-3.09822,2.54275,1.11523,2.72622
-3.10528,2.55737,1.10355,2.70125
-3.11235,2.57199,1.09187,2.67627
-3.11941,2.58661,1.0802,2.65129
-3.12647,2.60123,1.06852,2.62632
-3.13354,2.61584,1.05684,2.60134
-3.1406,2.63046,1.04516,2.57636
-3.14766,2.64508,1.03348,2.55138
-3.15472,2.6597,1.0218,2.52641
-3.16179,2.67432,1.01012,2.50143
-3.16885,2.68894,0.998443,2.47645
-3.17591,2.70356,0.986764,2.45148
-3.18297,2.71818,0.975085,2.4265
-3.19004,2.7328,0.963406,2.40152
-3.1971,2.74742,0.951727,2.37654
-3.20416,2.76204,0.940048,2.35157
-3.21123,2.77666,0.928369,2.32659
-3.21829,2.79127,0.91669,2.30161
-3.22535,2.80589,0.905011,2.27663
-3.23241,2.82051,0.893332,2.25166
-3.23948,2.83513,0.881653,2.22668
-3.24654,2.84975,0.869974,2.2017
-3.2536,2.86437,0.858295,2.17673
-3.26066,2.87899,0.846616,2.15175
-3.26773,2.89361,0.834937,2.12677
-3.27479,2.90823,0.823258,2.10179
-3.28185,2.92285,0.811579,2.07682
-3.28891,2.93747,0.7999,2.05184
-3.29598,2.95209,0.788221,2.02686
-3.30064,2.96174,0.780506,2.01036
-3.29028,2.94472,0.78217,1.97284
-3.27993,2.92769,0.783834,1.93531
-3.26957,2.91066,0.785497,1.89779
-3.25921,2.89363,0.787161,1.86027
-3.24885,2.8766,0.788825,1.82274
-3.23849,2.85958,0.790488,1.78522
-3.22814,2.84255,0.792152,1.7477
-3.21778,2.82552,0.793816,1.71017
-3.20742,2.80849,0.795479,1.67265
-3.19706,2.79147,0.797143,1.63512
-3.1867,2.77444,0.798807,1.5976
-3.17635,2.75741,0.80047,1.56008
-3.16599,2.74038,0.802134,1.52255
-3.15563,2.72336,0.803798,1.48503
-3.14527,2.70633,0.805461,1.4475
-3.13491,2.6893,0.807125,1.40998
-3.12456,2.67227,0.808789,1.37246
-3.1142,2.65525,0.810452,1.33493
-3.10384,2.63822,0.812116,1.29741
-3.09348,2.62119,0.81378,1.25988
-3.08312,2.60416,0.815443,1.22236
-3.07276,2.58713,0.817107,1.18484
-3.06241,2.57011,0.818771,1.14731
-3.05205,2.55308,0.820434,1.10979
-3.04169,2.53605,0.822098,1.07226
-3.03133,2.51902,0.823762,1.03474
-3.02097,2.502,0.825425,0.997216
-3.01062,2.48497,0.827089,0.959692
-3.00026,2.46794,0.828753,0.922168
-2.9899,2.45091,0.830416,0.884644
-2.97954,2.43389,0.83208,0.84712
-2.96918,2.41686,0.833744,0.809596
-2.95883,2.39983,0.835407,0.772072
-2.94847,2.3828,0.837071,0.734548
-2.93811,2.36577,0.838735,0.697024
-2.92775,2.34875,0.840398,0.6595
-2.91739,2.33172,0.842062,0.621976
-2.90703,2.31469,0.843726,0.584452
-2.89668,2.29766,0.845389,0.546928
-2.88632,2.28064,0.847053,0.509404
-2.87596,2.26361,0.848717,0.47188
-2.8656,2.24658,0.85038,0.434356
-2.85524,2.22955,0.852044,0.396832
-2.84489,2.21253,0.853708,0.359309
-2.83453,2.1955,0.855371,0.321785
-2.82417,2.17847,0.857035,0.284261
-2.81381,2.16144,0.858699,0.246737
-2.80345,2.14441,0.860362,0.209213
-2.7931,2.12739,0.862026,0.171689
-2.78274,2.11036,0.86369,0.134165
-2.76927,2.09558,0.8634,0.0875994
-2.7558,2.0808,0.86311,0.041034
-2.74233,2.06601,0.86282,-0.00553134
-2.72886,2.05123,0.86253,-0.0520967
-2.71539,2.03645,0.862241,-0.0986621
-2.70192,2.02167,0.861951,-0.145227
-2.68846,2.00689,0.861661,-0.191793
-2.67499,1.9921,0.861371,-0.238358
-2.66152,1.97732,0.861082,-0.284924
-2.64805,1.96254,0.860792,-0.331489
-2.63458,1.94776,0.860502,-0.378054
-2.62111,1.93298,0.860212,-0.42462
-2.60764,1.91819,0.859923,-0.471185
-2.59417,1.90341,0.859633,-0.51775
-2.5807,1.88863,0.859343,-0.564316
-2.56724,1.87385,0.859053,-0.610881
-2.55377,1.85907,0.858763,-0.657446
-2.5403,1.84428,0.858474,-0.704012
-2.52683,1.8295,0.858184,-0.750577
-2.51336,1.81472,0.857894,-0.797143
-2.49989,1.79994,0.857604,-0.843708
-2.48642,1.78516,0.857315,-0.890273
-2.47295,1.77037,0.857025,-0.936839
-2.45948,1.75559,0.856735,-0.983404
-2.44602,1.74081,0.856445,-1.02997
-2.43255,1.72603,0.856156,-1.07653
-2.41908,1.71125,0.855866,-1.1231
-2.40561,1.69647,0.855576,-1.16967
-2.39214,1.68168,0.855286,-1.21623
-2.37867,1.6669,0.854997,-1.2628
-2.3652,1.65212,0.854707,-1.30936
-2.35173,1.63734,0.854417,-1.35593
-2.33826,1.62256,0.854127,-1.40249
-2.3248,1.60777,0.853837,-1.44906
-2.31133,1.59299,0.853548,-1.49562
-2.29786,1.57821,0.853258,-1.54219
-2.28439,1.56343,0.852968,-1.58875
-2.27092,1.54865,0.852678,-1.63532
-2.25745,1.53386,0.852389,-1.68188
-2.24398,1.51908,0.852099,-1.72845
-2.23051,1.5043,0.851809,-1.77502
-2.21704,1.48952,0.851519,-1.82158
-2.20358,1.47474,0.85123,-1.86815
-2.19011,1.45995,0.85094,-1.91471
-2.17664,1.44517,0.85065,-1.96128
-2.16317,1.43039,0.85036,-2.00784
-2.1497,1.41561,0.85007,-2.05441
-2.13623,1.40083,0.849781,-2.10097
-2.12276,1.38604,0.849491,-2.14754
-2.10929,1.37126,0.849201,-2.1941
-2.11443,1.3538,0.857495,-2.23924
-2.11956,1.33634,0.86579,-2.28438
-2.1247,1.31888,0.874084,-2.32951
-2.12983,1.30142,0.882378,-2.37465
-2.13497,1.28396,0.890672,-2.41979
-2.1401,1.26651,0.898967,-2.46493
-2.14524,1.24905,0.907261,-2.51006
-2.15037,1.23159,0.915555,-2.5552
-2.15551,1.21413,0.923849,-2.60034
-2.16064,1.19667,0.932144,-2.64547
-2.16578,1.17921,0.940438,-2.69061
-2.17091,1.16175,0.948732,-2.73575
-2.17605,1.14429,0.957026,-2.78089
-2.18118,1.12683,0.965321,-2.82602
-2.18632,1.10937,0.973615,-2.87116
-2.19145,1.09191,0.981909,-2.9163
-2.19659,1.07445,0.990203,-2.96143
-2.20172,1.05699,0.998498,-3.00657
-2.20686,1.03953,1.00679,-3.05171
-2.21199,1.02207,1.01509,-3.09685
-2.21713,1.00461,1.02338,3.1412
-2.22226,0.987151,1.03167,3.09607
-2.2274,0.969691,1.03997,3.05093
-2.23253,0.952232,1.04826,3.00579
-2.23767,0.934772,1.05656,2.96065
-2.2428,0.917312,1.06485,2.91552
-2.24793,0.899853,1.07315,2.87038
-2.25307,0.882393,1.08144,2.82524
-2.2582,0.864934,1.08973,2.78011
-2.26334,0.847474,1.09803,2.73497
-2.26847,0.830014,1.10632,2.68983
-2.27361,0.812555,1.11462,2.64469
-2.27874,0.795095,1.12291,2.59956
-2.28388,0.777635,1.13121,2.55442
-2.28901,0.760176,1.1395,2.50928
-2.29415,0.742716,1.14779,2.46415
-2.29928,0.725257,1.15609,2.41901
-2.30442,0.707797,1.16438,2.37387
-2.30955,0.690337,1.17268,2.32873
-2.31469,0.672878,1.18097,2.2836
-2.31982,0.655418,1.18927,2.23846
-2.32496,0.637958,1.19756,2.19332
-2.33009,0.620499,1.20585,2.14819
-2.33523,0.603039,1.21415,2.10305
-2.34036,0.585579,1.22244,2.05791
-2.3455,0.56812,1.23074,2.01277
-2.35063,0.55066,1.23903,1.96764
-2.35577,0.533201,1.24733,1.9225
-2.3609,0.515741,1.25562,1.87736
-2.36604,0.498281,1.26391,1.83223
-2.37198,0.479542,1.26759,1.79654
-2.37792,0.460802,1.27127,1.76085
-2.38386,0.442063,1.27495,1.72517
-2.3898,0.423323,1.27863,1.68948
-2.39574,0.404583,1.28231,1.65379
-2.40168,0.385844,1.28599,1.6181
-2.40762,0.367104,1.28967,1.58242
-2.41356,0.348365,1.29335,1.54673
-2.4195,0.329625,1.29703,1.51104
-2.42544,0.310885,1.30071,1.47536
-2.43138,0.292146,1.30439,1.43967
-2.43732,0.273406,1.30807,1.40398
-2.44326,0.254667,1.31175,1.36829
-2.4492,0.235927,1.31543,1.33261
-2.45514,0.217188,1.31911,1.29692
-2.46108,0.198448,1.32279,1.26123
-2.46702,0.179708,1.32647,1.22555
-2.47296,0.160969,1.33016,1.18986
-2.4789,0.142229,1.33384,1.15417
-2.48484,0.12349,1.33752,1.11849
-2.49078,0.10475,1.3412,1.0828
-2.49672,0.0860105,1.34488,1.04711
-2.50266,0.0672709,1.34856,1.01142
-2.5086,0.0485313,1.35224,0.975737
-2.51454,0.0297918,1.35592,0.94005
-2.52048,0.0110522,1.3596,0.904363
-2.52642,-0.00768741,1.36328,0.868676
-2.53236,-0.026427,1.36696,0.832989
-2.5383,-0.0451666,1.37064,0.797302
-2.54424,-0.0639062,1.37432,0.761615
-2.55018,-0.0826457,1.378,0.725928
-2.55612,-0.101385,1.38168,0.69024
-2.56206,-0.120125,1.38536,0.654553
-2.568,-0.138864,1.38904,0.618866
-2.57394,-0.157604,1.39272,0.583179
-2.57988,-0.176344,1.3964,0.547492
-2.58582,-0.195083,1.40008,0.511805
-2.59176,-0.213823,1.40376,0.476118
-2.5977,-0.232562,1.40744,0.440431
-2.60364,-0.251302,1.41112,0.404744
-2.60958,-0.270042,1.4148,0.369057
-2.61552,-0.288781,1.41848,0.33337
-2.62146,-0.307521,1.42216,0.297683
-2.6274,-0.32626,1.42584,0.261996
-2.63334,-0.345,1.42952,0.226309
-2.63928,-0.363739,1.4332,0.190622
-2.64522,-0.382479,1.43688,0.154935
-2.65116,-0.401219,1.44056,0.119247
-2.6571,-0.419958,1.44424,0.0835604
-2.66304,-0.438698,1.44792,0.0478734
-2.67197,-0.45649,1.44987,0.0345278
-2.68089,-0.474283,1.45182,0.0211822
-2.68981,-0.492076,1.45377,0.00783658
-2.69873,-0.509868,1.45572,-0.00550902
-2.70766,-0.527661,1.45767,-0.0188546
-2.71658,-0.545454,1.45963,-0.0322002
-2.7255,-0.563246,1.46158,-0.0455458
-2.73442,-0.581039,1.46353,-0.0588914
-2.74335,-0.598832,1.46548,-0.072237
-2.75227,-0.616624,1.46743,-0.0855826
-2.76119,-0.634417,1.46938,-0.0989282
-2.77011,-0.652209,1.47133,-0.112274
-2.77904,-0.670002,1.47329,-0.125619
-2.78796,-0.687795,1.47524,-0.138965
-2.79688,-0.705587,1.47719,-0.152311
-2.80581,-0.72338,1.47914,-0.165656
-2.81473,-0.741173,1.48109,-0.179002
-2.82365,-0.758965,1.48304,-0.192347
-2.83257,-0.776758,1.48499,-0.205693
-2.8415,-0.794551,1.48695,-0.219039
-2.85042,-0.812343,1.4889,-0.232384
-2.85934,-0.830136,1.49085,-0.24573
-2.86826,-0.847929,1.4928,-0.259075
-2.87719,-0.865721,1.49475,-0.272421
-2.88611,-0.883514,1.4967,-0.285767
-2.89503,-0.901306,1.49865,-0.299112
-2.90395,-0.919099,1.50061,-0.312458
-2.91288,-0.936892,1.50256,-0.325803
-2.9218,-0.954684,1.50451,-0.339149
-2.93072,-0.972477,1.50646,-0.352495
-2.93965,-0.99027,1.50841,-0.36584
-2.94857,-1.00806,1.51036,-0.379186
-2.95749,-1.02585,1.51232,-0.392531
-2.96641,-1.04365,1.51427,-0.405877
-2.97534,-1.06144,1.51622,-0.419223
-2.98426,-1.07923,1.51817,-0.432568
-2.99318,-1.09703,1.52012,-0.445914
-3.0021,-1.11482,1.52207,-0.459259
-3.01103,-1.13261,1.52402,-0.472605
-3.01995,-1.1504,1.52598,-0.485951
-3.02887,-1.1682,1.52793,-0.499296
-3.03779,-1.18599,1.52988,-0.512642
-3.04672,-1.20378,1.53183,-0.525987
-3.05564,-1.22157,1.53378,-0.539333
-3.06456,-1.23937,1.53573,-0.552679
-3.07349,-1.25716,1.53768,-0.566024
-3.08241,-1.27495,1.53964,-0.57937
-3.09133,-1.29274,1.54159,-0.592715
-3.10025,-1.31054,1.54354,-0.606061
-3.10918,-1.32833,1.54549,-0.619406
-3.10843,-1.34827,1.54691,-0.581054
-3.10768,-1.3682,1.54833,-0.542701
-3.10694,-1.38814,1.54975,-0.504348
-3.10619,-1.40807,1.55116,-0.465995
-3.10545,-1.42801,1.55258,-0.427642
-3.1047,-1.44794,1.554,-0.389289
-3.10396,-1.46788,1.55542,-0.350936
-3.10321,-1.48782,1.55684,-0.312583
-3.10247,-1.50775,1.55826,-0.27423
-3.10172,-1.52769,1.55968,-0.235877
-3.10098,-1.54762,1.5611,-0.197524
-3.10023,-1.56756,1.56251,-0.159171
-3.09948,-1.58749,1.56393,-0.120818
-3.09874,-1.60743,1.56535,-0.0824646
-3.09799,-1.62736,1.56677,-0.0441117
-3.09725,-1.6473,1.56819,-0.00575867
-3.0965,-1.66724,1.56961,0.0325943
-3.09576,-1.68717,1.57103,0.0709473
-3.09501,-1.70711,1.57245,0.1093
-3.09427,-1.72704,1.57386,0.147653
-3.09352,-1.74698,1.57528,0.186006
-3.09277,-1.76691,1.5767,0.224359
-3.09203,-1.78685,1.57812,0.262712
-3.09128,-1.80679,1.57954,0.301065
-3.09054,-1.82672,1.58096,0.339418
-3.08979,-1.84666,1.58238,0.377771
-3.08905,-1.86659,1.5838,0.416124
-3.0883,-1.88653,1.58521,0.454477
-3.08756,-1.90646,1.58663,0.49283
-3.08681,-1.9264,1.58805,0.531183
-3.08606,-1.94634,1.58947,0.569536
-3.08532,-1.96627,1.59089,0.607889
-3.08457,-1.98621,1.59231,0.646242
-3.08383,-2.00614,1.59373,0.684595
-3.08308,-2.02608,1.59515,0.722948
-3.08234,-2.04601,1.59656,0.761301
-3.08159,-2.06595,1.59798,0.799654
-3.08085,-2.08589,1.5994,0.838007
-3.0801,-2.10582,1.60082,0.87636
-3.07935,-2.12576,1.60224,0.914713
-3.07861,-2.14569,1.60366,0.953066
-3.07786,-2.16563,1.60508,0.991419
-3.07712,-2.18556,1.6065,1.02977
-3.07637,-2.2055,1.60791,1.06813
-3.07563,-2.22544,1.60933,1.10648
-3.07488,-2.24537,1.61075,1.14483
-3.07414,-2.26531,1.61217,1.18318
-3.07339,-2.28524,1.61359,1.22154
-3.07265,-2.30518,1.61501,1.25989
-3.0719,-2.32511,1.61643,1.29824
-3.08122,-2.34277,1.61762,1.26504
-3.09055,-2.36042,1.6188,1.23185
-3.09987,-2.37808,1.61999,1.19865
-3.10919,-2.39573,1.62118,1.16545
-3.11852,-2.41338,1.62237,1.13225
-3.12784,-2.43104,1.62355,1.09905
-3.13716,-2.44869,1.62474,1.06585
-3.14649,-2.46635,1.62593,1.03265
-3.15581,-2.484,1.62712,0.999454
-3.16513,-2.50165,1.62831,0.966255
-3.17446,-2.51931,1.62949,0.933056
-3.18378,-2.53696,1.63068,0.899857
-3.1931,-2.55462,1.63187,0.866659
-3.20243,-2.57227,1.63306,0.83346
-3.21175,-2.58992,1.63425,0.800261
-3.22107,-2.60758,1.63543,0.767062
-3.2304,-2.62523,1.63662,0.733863
-3.23972,-2.64289,1.63781,0.700665
-3.24904,-2.66054,1.639,0.667466
-3.25837,-2.67819,1.64019,0.634267
-3.26769,-2.69585,1.64137,0.601068
-3.27701,-2.7135,1.64256,0.56787
-3.28634,-2.73116,1.64375,0.534671
-3.29566,-2.74881,1.64494,0.501472
-3.30498,-2.76646,1.64613,0.468273
-3.31431,-2.78412,1.64731,0.435074
-3.32363,-2.80177,1.6485,0.401876
-3.33295,-2.81943,1.64969,0.368677
-3.34228,-2.83708,1.65088,0.335478
-3.3516,-2.85473,1.65206,0.302279
-3.36092,-2.87239,1.65325,0.26908
-3.37025,-2.89004,1.65444,0.235882
-3.37957,-2.9077,1.65563,0.202683
-3.38889,-2.92535,1.65682,0.169484
-3.39822,-2.943,1.658,0.136285
-3.40754,-2.96066,1.65919,0.103086
-3.41686,-2.97831,1.66038,0.0698876
-3.42619,-2.99597,1.66157,0.0366888
-3.43551,-3.01362,1.66276,0.00349005
-3.44483,-3.03127,1.66394,-0.0297087
-3.45416,-3.04893,1.66513,-0.0629075
-3.46348,-3.06658,1.66632,-0.0961063
-3.4728,-3.08424,1.66751,-0.129305
-3.48213,-3.10189,1.6687,-0.162504
-3.49145,-3.11954,1.66988,-0.195703
-3.50077,-3.1372,1.67107,-0.228901
-3.5101,-3.15485,1.67226,-0.2621
-3.51942,-3.17251,1.67345,-0.295299
-3.52874,-3.19016,1.67464,-0.328498
-3.53807,-3.20781,1.67582,-0.361697
-3.52537,-3.22255,1.68047,-0.376716
-3.51267,-3.23728,1.68512,-0.391736
-3.49996,-3.25202,1.68977,-0.406755
-3.48726,-3.26675,1.69441,-0.421774
-3.47456,-3.28149,1.69906,-0.436794
-3.46186,-3.29622,1.70371,-0.451813
-3.44916,-3.31095,1.70836,-0.466833
-3.43646,-3.32569,1.713,-0.481852
-3.42376,-3.34042,1.71765,-0.496872
-3.41106,-3.35516,1.7223,-0.511891
-3.39836,-3.36989,1.72695,-0.526911
-3.38566,-3.38463,1.73159,-0.54193
-3.37296,-3.39936,1.73624,-0.55695
-3.36026,-3.41409,1.74089,-0.571969
-3.34756,-3.42883,1.74554,-0.586988
-3.33486,-3.44356,1.75018,-0.602008
-3.32216,-3.4583,1.75483,-0.617027
-3.30946,-3.47303,1.75948,-0.632047
-3.29676,-3.48777,1.76413,-0.647066
-3.28406,-3.5025,1.76877,-0.662086
-3.27136,-3.51723,1.77342,-0.677105
-3.25865,-3.53197,1.77807,-0.692125
-3.24595,-3.5467,1.78272,-0.707144
-3.23325,-3.56144,1.78736,-0.722163
-3.22055,-3.57617,1.79201,-0.737183
-3.20785,-3.5909,1.79666,-0.752202
-3.19515,-3.60564,1.80131,-0.767222
-3.18245,-3.62037,1.80595,-0.782241
-3.16975,-3.63511,1.8106,-0.797261
-3.15705,-3.64984,1.81525,-0.81228
-3.14435,-3.66458,1.8199,-0.8273
-3.13165,-3.67931,1.82454,-0.842319
-3.11895,-3.69404,1.82919,-0.857339
-3.10625,-3.70878,1.83384,-0.872358
-3.09355,-3.72351,1.83849,-0.887377
-3.08085,-3.73825,1.84313,-0.902397
-3.06815,-3.75298,1.84778,-0.917416
-3.05545,-3.76772,1.85243,-0.932436
-3.04275,-3.78245,1.85708,-0.947455
-3.03005,-3.79718,1.86172,-0.962475
-3.01734,-3.81192,1.86637,-0.977494
-3.00464,-3.82665,1.87102,-0.992514
-2.99194,-3.84139,1.87567,-1.00753
-2.97924,-3.85612,1.88031,-1.02255
-2.96654,-3.87086,1.88496,-1.03757
-2.95384,-3.88559,1.88961,-1.05259
-2.94114,-3.90032,1.89426,-1.06761
-2.92844,-3.91506,1.8989,-1.08263
-2.91574,-3.92979,1.90355,-1.09765
-2.90304,-3.94453,1.9082,-1.11267
-2.91321,-3.92732,1.90891,-1.1623
-2.92338,-3.91011,1.90963,-1.21193
-2.93355,-3.89291,1.91034,-1.26156
-2.94372,-3.8757,1.91106,-1.31119
-2.95389,-3.85849,1.91178,-1.36082
-2.96406,-3.84129,1.91249,-1.41045
-2.97423,-3.82408,1.91321,-1.46008
-2.9844,-3.80688,1.91392,-1.50971
-2.99457,-3.78967,1.91464,-1.55934
-3.00474,-3.77246,1.91535,-1.60897
-3.01491,-3.75526,1.91607,-1.6586
-3.02508,-3.73805,1.91679,-1.70823
-3.03525,-3.72084,1.9175,-1.75786
-3.04542,-3.70364,1.91822,-1.80749
-3.05559,-3.68643,1.91893,-1.85712
-3.06576,-3.66922,1.91965,-1.90675
-3.07593,-3.65202,1.92036,-1.95638
-3.0861,-3.63481,1.92108,-2.00601
-3.09627,-3.6176,1.9218,-2.05564
-3.10644,-3.6004,1.92251,-2.10527
-3.11661,-3.58319,1.92323,-2.1549
-3.12678,-3.56599,1.92394,-2.20453
-3.13695,-3.54878,1.92466,-2.25416
-3.14712,-3.53157,1.92537,-2.30379
-3.15729,-3.51437,1.92609,-2.35342
-3.16746,-3.49716,1.92681,-2.40306
-3.17763,-3.47995,1.92752,-2.45269
-3.1878,-3.46275,1.92824,-2.50232
-3.19797,-3.44554,1.92895,-2.55195
-3.20814,-3.42833,1.92967,-2.60158
-3.21831,-3.41113,1.93038,-2.65121
-3.22848,-3.39392,1.9311,-2.70084
-3.23865,-3.37671,1.93181,-2.75047
-3.24882,-3.35951,1.93253,-2.8001
-3.25899,-3.3423,1.93325,-2.84973
-3.26916,-3.3251,1.93396,-2.89936
-3.27933,-3.30789,1.93468,-2.94899
-3.2895,-3.29068,1.93539,-2.99862
-3.29967,-3.27348,1.93611,-3.04825
-3.30984,-3.25627,1.93682,-3.09788
-3.32001,-3.23906,1.93754,3.13568
-3.33018,-3.22186,1.93826,3.08605
-3.34035,-3.20465,1.93897,3.03642
-3.35052,-3.18744,1.93969,2.98679
-3.36069,-3.17024,1.9404,2.93716
-3.37086,-3.15303,1.94112,2.88753
-3.38103,-3.13583,1.94183,2.8379
-3.3912,-3.11862,1.94255,2.78827
-3.40137,-3.10141,1.94327,2.73863
-3.41154,-3.08421,1.94398,2.689
-3.39371,-3.07513,1.94399,2.71715
-3.37589,-3.06605,1.94399,2.74529
-3.35807,-3.05698,1.94399,2.77344
-3.34025,-3.0479,1.944,2.80158
-3.32243,-3.03883,1.944,2.82973
-3.3046,-3.02975,1.944,2.85787
-3.28678,-3.02068,1.94401,2.88602
-3.26896,-3.0116,1.94401,2.91416
-3.25114,-3.00252,1.94402,2.9423
-3.23331,-2.99345,1.94402,2.97045
-3.21549,-2.98437,1.94402,2.99859
-3.19767,-2.9753,1.94403,3.02674
-3.17985,-2.96622,1.94403,3.05488
-3.16203,-2.95715,1.94403,3.08303
-3.1442,-2.94807,1.94404,3.11117
-3.12638,-2.939,1.94404,3.13932
-3.10856,-2.92992,1.94405,-3.11573
-3.09074,-2.92084,1.94405,-3.08758
-3.07291,-2.91177,1.94405,-3.05944
-3.05509,-2.90269,1.94406,-3.03129
-3.03727,-2.89362,1.94406,-3.00315
-3.01945,-2.88454,1.94406,-2.975
-3.00162,-2.87547,1.94407,-2.94686
-2.9838,-2.86639,1.94407,-2.91871
-2.96598,-2.85731,1.94408,-2.89057
-2.94816,-2.84824,1.94408,-2.86243
-2.93034,-2.83916,1.94408,-2.83428
-2.91251,-2.83009,1.94409,-2.80614
-2.89469,-2.82101,1.94409,-2.77799
-2.87687,-2.81194,1.94409,-2.74985
-2.85905,-2.80286,1.9441,-2.7217
-2.84122,-2.79378,1.9441,-2.69356
-2.8234,-2.78471,1.94411,-2.66541
-2.80558,-2.77563,1.94411,-2.63727
-2.78776,-2.76656,1.94411,-2.60913
-2.76994,-2.75748,1.94412,-2.58098
-2.75211,-2.74841,1.94412,-2.55284
-2.73429,-2.73933,1.94412,-2.52469
-2.71647,-2.73025,1.94413,-2.49655
-2.69865,-2.72118,1.94413,-2.4684
-2.68082,-2.7121,1.94414,-2.44026
-2.663,-2.70303,1.94414,-2.41211
-2.64518,-2.69395,1.94414,-2.38397
-2.62736,-2.68488,1.94415,-2.35583
-2.60954,-2.6758,1.94415,-2.32768
-2.59171,-2.66673,1.94415,-2.29954
-2.57389,-2.65765,1.94416,-2.27139
-2.55607,-2.64857,1.94416,-2.24325
-2.53825,-2.6395,1.94417,-2.2151
-2.52042,-2.63042,1.94417,-2.18696
-2.50306,-2.64032,1.94353,-2.24527
-2.48569,-2.65021,1.94289,-2.30357
-2.46832,-2.66011,1.94225,-2.36188
-2.45095,-2.67,1.9416,-2.42018
-2.43358,-2.67989,1.94096,-2.47849
-2.41621,-2.68979,1.94032,-2.5368
-2.39884,-2.69968,1.93968,-2.5951
-2.38147,-2.70958,1.93904,-2.65341
-2.3641,-2.71947,1.9384,-2.71172
-2.34673,-2.72937,1.93775,-2.77002
-2.32936,-2.73926,1.93711,-2.82833
-2.31199,-2.74915,1.93647,-2.88663
-2.29462,-2.75905,1.93583,-2.94494
-2.27726,-2.76894,1.93519,-3.00325
-2.25989,-2.77884,1.93455,-3.06155
-2.24252,-2.78873,1.93391,-3.11986
-2.22515,-2.79863,1.93326,3.10502
-2.20778,-2.80852,1.93262,3.04671
-2.19041,-2.81841,1.93198,2.98841
-2.17304,-2.82831,1.93134,2.9301
-2.15567,-2.8382,1.9307,2.87179
-2.1383,-2.8481,1.93006,2.81349
-2.12093,-2.85799,1.92941,2.75518
-2.10356,-2.86789,1.92877,2.69687
-2.08619,-2.87778,1.92813,2.63857
-2.06882,-2.88768,1.92749,2.58026
-2.05145,-2.89757,1.92685,2.52196
-2.03409,-2.90746,1.92621,2.46365
-2.01672,-2.91736,1.92557,2.40534
-1.99935,-2.92725,1.92492,2.34704
-1.98198,-2.93715,1.92428,2.28873
-1.96461,-2.94704,1.92364,2.23042
-1.94724,-2.95694,1.923,2.17212
-1.92987,-2.96683,1.92236,2.11381
-1.9125,-2.97672,1.92172,2.05551
-1.89513,-2.98662,1.92107,1.9972
-1.87776,-2.99651,1.92043,1.93889
-1.86039,-3.00641,1.91979,1.88059
-1.84302,-3.0163,1.91915,1.82228
-1.82565,-3.0262,1.91851,1.76397
-1.80829,-3.03609,1.91787,1.70567
-1.79092,-3.04598,1.91723,1.64736
-1.77355,-3.05588,1.91658,1.58905
-1.75618,-3.06577,1.91594,1.53075
-1.73881,-3.07567,1.9153,1.47244
-1.72144,-3.08556,1.91466,1.41414
-1.70407,-3.09546,1.91402,1.35583
-1.6867,-3.10535,1.91338,1.29752
-1.66933,-3.11524,1.91273,1.23922
-1.65196,-3.12514,1.91209,1.18091
-1.64167,-3.10809,1.91024,1.1221
-1.63138,-3.09104,1.90839,1.06328
-1.62109,-3.07399,1.90654,1.00447
-1.6108,-3.05694,1.90468,0.945654
-1.60051,-3.03989,1.90283,0.88684
-1.59022,-3.02284,1.90098,0.828025
-1.57993,-3.00579,1.89913,0.769211
-1.56964,-2.98875,1.89728,0.710397
-1.55935,-2.9717,1.89542,0.651583
-1.54906,-2.95465,1.89357,0.592769
-1.53877,-2.9376,1.89172,0.533954
-1.52848,-2.92055,1.88987,0.47514
-1.51819,-2.9035,1.88802,0.416326
-1.5079,-2.88645,1.88616,0.357512
-1.49761,-2.8694,1.88431,0.298698
-1.48732,-2.85235,1.88246,0.239884
-1.47703,-2.8353,1.88061,0.181069
-1.46674,-2.81825,1.87876,0.122255
-1.45644,-2.8012,1.8769,0.063441
-1.44615,-2.78415,1.87505,0.00462683
-1.43586,-2.7671,1.8732,-0.0541873
-1.42557,-2.75006,1.87135,-0.113002
-1.41528,-2.73301,1.86949,-0.171816
-1.40499,-2.71596,1.86764,-0.23063
-1.3947,-2.69891,1.86579,-0.289444
-1.38441,-2.68186,1.86394,-0.348258
-1.37412,-2.66481,1.86209,-0.407072
-1.36383,-2.64776,1.86023,-0.465887
-1.35354,-2.63071,1.85838,-0.524701
-1.34325,-2.61366,1.85653,-0.583515
-1.33296,-2.59661,1.85468,-0.642329
-1.32267,-2.57956,1.85283,-0.701143
-1.31238,-2.56251,1.85097,-0.759958
-1.30209,-2.54546,1.84912,-0.818772
-1.2918,-2.52841,1.84727,-0.877586
-1.28151,-2.51137,1.84542,-0.9364
-1.27122,-2.49432,1.84357,-0.995214
-1.26093,-2.47727,1.84171,-1.05403
-1.25064,-2.46022,1.83986,-1.11284
-1.24035,-2.44317,1.83801,-1.17166
-1.23006,-2.42612,1.83616,-1.23047
-1.21977,-2.40907,1.8343,-1.28929
-1.20948,-2.39202,1.83245,-1.3481
-1.19919,-2.37497,1.8306,-1.40691
-1.18889,-2.35792,1.82875,-1.46573
-1.1786,-2.34087,1.8269,-1.52454
-1.16831,-2.32382,1.82504,-1.58336
-1.15802,-2.30677,1.82319,-1.64217
-1.14773,-2.28973,1.82134,-1.70098
-1.13744,-2.27268,1.81949,-1.7598
-1.1294,-2.25455,1.81688,-1.72063
-1.12136,-2.23642,1.81428,-1.68145
-1.11332,-2.2183,1.81167,-1.64228
-1.10528,-2.20017,1.80907,-1.60311
-1.09724,-2.18205,1.80646,-1.56394
-1.08919,-2.16392,1.80386,-1.52477
-1.08115,-2.14579,1.80125,-1.48559
-1.07311,-2.12767,1.79865,-1.44642
-1.06507,-2.10954,1.79604,-1.40725
-1.05703,-2.09142,1.79344,-1.36808
-1.04899,-2.07329,1.79083,-1.32891
-1.04094,-2.05517,1.78822,-1.28973
-1.0329,-2.03704,1.78562,-1.25056
-1.02486,-2.01891,1.78301,-1.21139
-1.01682,-2.00079,1.78041,-1.17222
-1.00878,-1.98266,1.7778,-1.13305
-1.00074,-1.96454,1.7752,-1.09387
-0.992696,-1.94641,1.77259,-1.0547
-0.984654,-1.92828,1.76999,-1.01553
-0.976613,-1.91016,1.76738,-0.976358
-0.968571,-1.89203,1.76478,-0.937186
-0.96053,-1.87391,1.76217,-0.898014
-0.952488,-1.85578,1.75957,-0.858842
-0.944447,-1.83766,1.75696,-0.81967
-0.936405,-1.81953,1.75436,-0.780498
-0.928364,-1.8014,1.75175,-0.741326
-0.920322,-1.78328,1.74915,-0.702154
-0.912281,-1.76515,1.74654,-0.662982
-0.904239,-1.74703,1.74393,-0.62381
-0.896198,-1.7289,1.74133,-0.584638
-0.888156,-1.71077,1.73872,-0.545466
-0.880114,-1.69265,1.73612,-0.506294
-0.872073,-1.67452,1.73351,-0.467122
-0.864031,-1.6564,1.73091,-0.42795
-0.85599,-1.63827,1.7283,-0.388777
-0.847948,-1.62014,1.7257,-0.349605
-0.839907,-1.60202,1.72309,-0.310433
-0.831865,-1.58389,1.72049,-0.271261
-0.823824,-1.56577,1.71788,-0.232089
-0.815782,-1.54764,1.71528,-0.192917
-0.807741,-1.52952,1.71267,-0.153745
-0.799699,-1.51139,1.71007,-0.114573
-0.791658,-1.49326,1.70746,-0.0754012
-0.783616,-1.47514,1.70486,-0.0362292
-0.775575,-1.45701,1.70225,0.00294281
-0.767533,-1.43889,1.69965,0.0421148
-0.759492,-1.42076,1.69704,0.0812869
-0.75145,-1.40263,1.69443,0.120459
-0.743409,-1.38451,1.69183,0.159631
-0.735367,-1.36638,1.68922,0.198803
-0.726741,-1.34834,1.68919,0.253251
-0.718114,-1.3303,1.68916,0.307698
-0.709488,-1.31225,1.68913,0.362146
-0.700861,-1.29421,1.6891,0.416594
-0.692235,-1.27616,1.68907,0.471041
-0.683608,-1.25812,1.68904,0.525489
-0.674981,-1.24008,1.68901,0.579937
-0.666355,-1.22203,1.68898,0.634384
-0.657728,-1.20399,1.68895,0.688832
-0.649102,-1.18594,1.68892,0.74328
-0.640475,-1.1679,1.68888,0.797727
-0.631848,-1.14986,1.68885,0.852175
-0.623222,-1.13181,1.68882,0.906623
-0.614595,-1.11377,1.68879,0.961071
-0.605969,-1.09572,1.68876,1.01552
-0.597342,-1.07768,1.68873,1.06997
-0.588716,-1.05964,1.6887,1.12441
-0.580089,-1.04159,1.68867,1.17886
-0.571462,-1.02355,1.68864,1.23331
-0.562836,-1.00551,1.68861,1.28776
-0.554209,-0.987462,1.68858,1.3422
-0.545583,-0.969418,1.68855,1.39665
-0.536956,-0.951374,1.68851,1.4511
-0.52833,-0.93333,1.68848,1.50555
-0.519703,-0.915286,1.68845,1.56
-0.511076,-0.897242,1.68842,1.61444
-0.50245,-0.879198,1.68839,1.66889
-0.493823,-0.861155,1.68836,1.72334
-0.485197,-0.843111,1.68833,1.77779
-0.47657,-0.825067,1.6883,1.83223
-0.467943,-0.807023,1.68827,1.88668
-0.459317,-0.788979,1.68824,1.94113
-0.45069,-0.770935,1.68821,1.99558
-0.442064,-0.752891,1.68818,2.05002
-0.433437,-0.734847,1.68814,2.10447
-0.424811,-0.716804,1.68811,2.15892
-0.416184,-0.69876,1.68808,2.21337
-0.407557,-0.680716,1.68805,2.26781
-0.398931,-0.662672,1.68802,2.32226
-0.390304,-0.644628,1.68799,2.37671
-0.381678,-0.626584,1.68796,2.43116
-0.373051,-0.60854,1.68793,2.48561
-0.364425,-0.590497,1.6879,2.54005
-0.355798,-0.572453,1.68787,2.5945
-0.347171,-0.554409,1.68784,2.64895
-0.338545,-0.536365,1.68781,2.7034
-0.329918,-0.518321,1.68777,2.75784
-0.321292,-0.500277,1.68774,2.81229
-0.312665,-0.482233,1.68771,2.86674
-0.304038,-0.464189,1.68768,2.92119
-0.323168,-0.45871,1.68567,2.93678
-0.342298,-0.453231,1.68366,2.95237
-0.361427,-0.447752,1.68165,2.96796
-0.380557,-0.442273,1.67964,2.98355
-0.399687,-0.436794,1.67763,2.99914
-0.418816,-0.431315,1.67562,3.01473
-0.437946,-0.425836,1.67361,3.03032
-0.457075,-0.420358,1.67161,3.04591
-0.476205,-0.414879,1.6696,3.0615
-0.495335,-0.4094,1.66759,3.07709
-0.514464,-0.403921,1.66558,3.09268
-0.533594,-0.398442,1.66357,3.10827
-0.552723,-0.392963,1.66156,3.12386
-0.571853,-0.387484,1.65955,3.13945
-0.590983,-0.382005,1.65754,-3.12815
-0.610112,-0.376526,1.65553,-3.11255
-0.629242,-0.371047,1.65352,-3.09696
-0.648372,-0.365568,1.65151,-3.08137
-0.667501,-0.360089,1.6495,-3.06578
-0.686631,-0.35461,1.64749,-3.05019
-0.70576,-0.349131,1.64548,-3.0346
-0.72489,-0.343652,1.64347,-3.01901
-0.74402,-0.338173,1.64146,-3.00342
-0.763149,-0.332694,1.63945,-2.98783
-0.782279,-0.327215,1.63744,-2.97224
-0.801408,-0.321736,1.63543,-2.95665
-0.820538,-0.316257,1.63342,-2.94106
-0.839668,-0.310778,1.63141,-2.92547
-0.858797,-0.305299,1.6294,-2.90988
-0.877927,-0.29982,1.62739,-2.89429
-0.897057,-0.294341,1.62538,-2.8787
-0.916186,-0.288862,1.62337,-2.86311
-0.935316,-0.283383,1.62137,-2.84752
-0.954445,-0.277904,1.61936,-2.83193
-0.973575,-0.272425,1.61735,-2.81634
-0.992705,-0.266946,1.61534,-2.80075
-1.01183,-0.261467,1.61333,-2.78516
-1.03096,-0.255988,1.61132,-2.76957
-1.05009,-0.250509,1.60931,-2.75398
-1.06922,-0.24503,1.6073,-2.73839
-1.08835,-0.239551,1.60529,-2.7228
-1.10748,-0.234072,1.60328,-2.70721
-1.12661,-0.228593,1.60127,-2.69162
-1.14574,-0.223114,1.59926,-2.67603
-1.16487,-0.217635,1.59725,-2.66044
-1.184,-0.212156,1.59524,-2.64485
-1.20313,-0.206677,1.59323,-2.62926
-1.22226,-0.201198,1.59122,-2.61367
-1.24139,-0.195719,1.58921,-2.59808
-1.26052,-0.19024,1.5872,-2.58249
-1.27672,-0.182572,1.57833,-2.56125
-1.29292,-0.174903,1.56946,-2.54001
-1.30913,-0.167235,1.56059,-2.51877
-1.32533,-0.159567,1.55172,-2.49753
-1.34153,-0.151899,1.54285,-2.47628
-1.35774,-0.14423,1.53399,-2.45504
-1.37394,-0.136562,1.52512,-2.4338
-1.39014,-0.128894,1.51625,-2.41256
-1.40634,-0.121225,1.50738,-2.39132
-1.42255,-0.113557,1.49851,-2.37008
-1.43875,-0.105889,1.48964,-2.34884
-1.45495,-0.0982206,1.48077,-2.3276
-1.47116,-0.0905523,1.4719,-2.30636
-1.48736,-0.0828841,1.46303,-2.28512
-1.50356,-0.0752158,1.45416,-2.26388
-1.51976,-0.0675475,1.44529,-2.24264
-1.53597,-0.0598792,1.43642,-2.2214
-1.55217,-0.052211,1.42755,-2.20016
-1.56837,-0.0445427,1.41868,-2.17891
-1.58458,-0.0368744,1.40981,-2.15767
-1.60078,-0.0292061,1.40094,-2.13643
-1.61698,-0.0215379,1.39207,-2.11519
-1.63318,-0.0138696,1.38321,-2.09395
-1.64939,-0.00620132,1.37434,-2.07271
-1.66559,0.00146696,1.36547,-2.05147
-1.68179,0.00913523,1.3566,-2.03023
-1.698,0.0168035,1.34773,-2.00899
-1.7142,0.0244718,1.33886,-1.98775
-1.7304,0.0321401,1.32999,-1.96651
-1.7466,0.0398083,1.32112,-1.94527
-1.76281,0.0474766,1.31225,-1.92403
-1.77901,0.0551449,1.30338,-1.90279
-1.79521,0.0628132,1.29451,-1.88155
-1.81141,0.0704814,1.28564,-1.8603
-1.82762,0.0781497,1.27677,-1.83906
-1.84382,0.085818,1.2679,-1.81782
-1.86002,0.0934863,1.25903,-1.79658
-1.87623,0.101155,1.25016,-1.77534
-1.89243,0.108823,1.24129,-1.7541
-1.90863,0.116491,1.23243,-1.73286
-1.92483,0.124159,1.22356,-1.71162
-1.94104,0.131828,1.21469,-1.69038
-1.95724,0.139496,1.20582,-1.66914
-1.97344,0.147164,1.19695,-1.6479
-1.98965,0.154832,1.18808,-1.62666
-2.00585,0.162501,1.17921,-1.60542
-2.02205,0.170169,1.17034,-1.58418
-2.03825,0.177837,1.16147,-1.56294
-2.05446,0.185506,1.1526,-1.54169
-2.07066,0.193174,1.14373,-1.52045
-2.07338,0.197459,1.16308,-1.47919
-2.07609,0.201745,1.18242,-1.43793
-2.07881,0.20603,1.20177,-1.39666
-2.08152,0.210315,1.22111,-1.3554
-2.08424,0.214601,1.24046,-1.31414
-2.08696,0.218886,1.25981,-1.27288
-2.08967,0.223171,1.27915,-1.23161
-2.09239,0.227457,1.2985,-1.19035
-2.09511,0.231742,1.31784,-1.14909
-2.09782,0.236028,1.33719,-1.10782
-2.10054,0.240313,1.35653,-1.06656
-2.10325,0.244598,1.37588,-1.0253
-2.10597,0.248884,1.39523,-0.984035
-2.10869,0.253169,1.41457,-0.942773
-2.1114,0.257454,1.43392,-0.90151
-2.11412,0.26174,1.45326,-0.860247
-2.11684,0.266025,1.47261,-0.818984
-2.11955,0.270311,1.49195,-0.777721
-2.12227,0.274596,1.5113,-0.736458
-2.12498,0.278881,1.53065,-0.695195
-2.1277,0.283167,1.54999,-0.653932
-2.13042,0.287452,1.56934,-0.612669
-2.13313,0.291738,1.58868,-0.571406
-2.13585,0.296023,1.60803,-0.530143
-2.13856,0.300308,1.62737,-0.48888
-2.14128,0.304594,1.64672,-0.447617
-2.144,0.308879,1.66607,-0.406354
-2.14671,0.313164,1.68541,-0.365091
-2.14943,0.31745,1.70476,-0.323828
-2.15215,0.321735,1.7241,-0.282565
-2.15486,0.326021,1.74345,-0.241302
-2.15758,0.330306,1.7628,-0.200039
-2.16029,0.334591,1.78214,-0.158776
-2.16301,0.338877,1.80149,-0.117513
-2.16573,0.343162,1.82083,-0.0762505
-2.16844,0.347447,1.84018,-0.0349876
-2.17116,0.351733,1.85952,0.00627535
-2.17388,0.356018,1.87887,0.0475383
-2.17659,0.360304,1.89822,0.0888013
-2.17931,0.364589,1.91756,0.130064
-2.18202,0.368874,1.93691,0.171327
-2.18474,0.37316,1.95625,0.21259
-2.18746,0.377445,1.9756,0.253853
-2.19017,0.38173,1.99494,0.295116
-2.19289,0.386016,2.01429,0.336379
-2.1956,0.390301,2.03364,0.377642
-2.19832,0.394587,2.05298,0.418905
-2.20104,0.398872,2.07233,0.460168
-2.20375,0.403157,2.09167,0.501431
-2.20647,0.407443,2.11102,0.542694
-2.21932,0.422754,2.11158,0.513744
-2.23218,0.438066,2.11214,0.484794
-2.24503,0.453377,2.1127,0.455844
-2.25789,0.468689,2.11325,0.426894
-2.27074,0.484001,2.11381,0.397944
-2.2836,0.499312,2.11437,0.368994
-2.29645,0.514624,2.11493,0.340044
-2.30931,0.529935,2.11549,0.311094
-2.32216,0.545247,2.11605,0.282144
-2.33502,0.560559,2.11661,0.253194
-2.34787,0.57587,2.11717,0.224244
-2.36073,0.591182,2.11773,0.195294
-2.37358,0.606493,2.11829,0.166344
-2.38643,0.621805,2.11884,0.137394
-2.39929,0.637117,2.1194,0.108444
-2.41214,0.652428,2.11996,0.0794944
-2.425,0.66774,2.12052,0.0505445
-2.43785,0.683051,2.12108,0.0215945
-2.45071,0.698363,2.12164,-0.00735545
-2.46356,0.713675,2.1222,-0.0363054
-2.47642,0.728986,2.12276,-0.0652554
-2.48927,0.744298,2.12332,-0.0942053
-2.50213,0.759609,2.12388,-0.123155
-2.51498,0.774921,2.12443,-0.152105
-2.52784,0.790233,2.12499,-0.181055
-2.54069,0.805544,2.12555,-0.210005
-2.55355,0.820856,2.12611,-0.238955
-2.5664,0.836167,2.12667,-0.267905
-2.57925,0.851479,2.12723,-0.296855
-2.59211,0.866791,2.12779,-0.325805
-2.60496,0.882102,2.12835,-0.354755
-2.61782,0.897414,2.12891,-0.383705
-2.63067,0.912725,2.12947,-0.412655
-2.64353,0.928037,2.13002,-0.441605
-2.65638,0.943349,2.13058,-0.470555
-2.66924,0.95866,2.13114,-0.499505
-2.68209,0.973972,2.1317,-0.528455
-2.69495,0.989283,2.13226,-0.557405
-2.7078,1.00459,2.13282,-0.586355
-2.72066,1.01991,2.13338,-0.615305
-2.73351,1.03522,2.13394,-0.644254
-2.74637,1.05053,2.1345,-0.673204
-2.75922,1.06584,2.13506,-0.702154
-2.77208,1.08115,2.13561,-0.731104
-2.78493,1.09646,2.13617,-0.760054
-2.79778,1.11178,2.13673,-0.789004
-2.81064,1.12709,2.13729,-0.817954
-2.82349,1.1424,2.13785,-0.846904
-2.83635,1.15771,2.13841,-0.875854
-2.8492,1.17302,2.13897,-0.904804
-2.85451,1.1919,2.13506,-0.849211
-2.85982,1.21079,2.13115,-0.793618
-2.86513,1.22967,2.12724,-0.738025
-2.87044,1.24855,2.12333,-0.682432
-2.87575,1.26743,2.11942,-0.626839
-2.88106,1.28632,2.11551,-0.571246
-2.88636,1.3052,2.11161,-0.515653
-2.89167,1.32408,2.1077,-0.46006
-2.89698,1.34296,2.10379,-0.404467
-2.90229,1.36184,2.09988,-0.348874
-2.9076,1.38073,2.09597,-0.293282
-2.91291,1.39961,2.09206,-0.237689
-2.91822,1.41849,2.08815,-0.182096
-2.92352,1.43737,2.08424,-0.126503
-2.92883,1.45626,2.08033,-0.0709097
-2.93414,1.47514,2.07642,-0.0153167
-2.93945,1.49402,2.07252,0.0402762
-2.94476,1.5129,2.06861,0.0958692
-2.95007,1.53178,2.0647,0.151462
-2.95538,1.55067,2.06079,0.207055
-2.96069,1.56955,2.05688,0.262648
-2.96599,1.58843,2.05297,0.318241
-2.9713,1.60731,2.04906,0.373834
-2.97661,1.6262,2.04515,0.429427
-2.98192,1.64508,2.04124,0.48502
-2.98723,1.66396,2.03733,0.540613
-2.99254,1.68284,2.03343,0.596206
-2.99785,1.70172,2.02952,0.651799
-3.00316,1.72061,2.02561,0.707392
-3.00846,1.73949,2.0217,0.762985
-3.01377,1.75837,2.01779,0.818578
-3.01908,1.77725,2.01388,0.874171
-3.02439,1.79614,2.00997,0.929764
-3.0297,1.81502,2.00606,0.985357
-3.03501,1.8339,2.00215,1.04095
-3.04032,1.85278,1.99825,1.09654
-3.04563,1.87166,1.99434,1.15214
-3.05093,1.89055,1.99043,1.20773
-3.05624,1.90943,1.98652,1.26332
-3.06155,1.92831,1.98261,1.31891
-3.06686,1.94719,1.9787,1.37451
-3.07217,1.96607,1.97479,1.4301
-3.07748,1.98496,1.97088,1.48569
-3.08279,2.00384,1.96697,1.54129
-3.08809,2.02272,1.96306,1.59688
-3.0934,2.0416,1.95916,1.65247
-3.09871,2.06049,1.95525,1.70807
-3.10402,2.07937,1.95134,1.76366
-3.10933,2.09825,1.94743,1.81925
-3.11464,2.11713,1.94352,1.87484
-3.10745,2.13519,1.93879,1.8989
-3.10026,2.15324,1.93406,1.92296
-3.09307,2.1713,1.92933,1.94702
-3.08589,2.18935,1.9246,1.97108
-3.0787,2.2074,1.91987,1.99514
-3.07151,2.22546,1.91513,2.0192
-3.06432,2.24351,1.9104,2.04326
-3.05714,2.26157,1.90567,2.06732
-3.04995,2.27962,1.90094,2.09138
-3.04276,2.29767,1.89621,2.11543
-3.03557,2.31573,1.89148,2.13949
-3.02838,2.33378,1.88675,2.16355
-3.0212,2.35184,1.88202,2.18761
-3.01401,2.36989,1.87729,2.21167
-3.00682,2.38795,1.87256,2.23573
-2.99963,2.406,1.86783,2.25979
-2.99245,2.42405,1.86309,2.28385
-2.98526,2.44211,1.85836,2.30791
-2.97807,2.46016,1.85363,2.33197
-2.97088,2.47822,1.8489,2.35603
-2.96369,2.49627,1.84417,2.38008
-2.95651,2.51433,1.83944,2.40414
-2.94932,2.53238,1.83471,2.4282
-2.94213,2.55043,1.82998,2.45226
-2.93494,2.56849,1.82525,2.47632
-2.92776,2.58654,1.82052,2.50038
-2.92057,2.6046,1.81579,2.52444
-2.91338,2.62265,1.81105,2.5485
-2.90619,2.6407,1.80632,2.57256
-2.899,2.65876,1.80159,2.59662
-2.89182,2.67681,1.79686,2.62067
-2.88463,2.69487,1.79213,2.64473
-2.87744,2.71292,1.7874,2.66879
-2.87025,2.73098,1.78267,2.69285
-2.86307,2.74903,1.77794,2.71691
-2.85588,2.76708,1.77321,2.74097
-2.84869,2.78514,1.76848,2.76503
-2.8415,2.80319,1.76375,2.78909
-2.83431,2.82125,1.75901,2.81315
-2.82713,2.8393,1.75428,2.83721
-2.81994,2.85736,1.74955,2.86127
-2.81275,2.87541,1.74482,2.88532
-2.80556,2.89346,1.74009,2.90938
-2.79838,2.91152,1.73536,2.93344
-2.79119,2.92957,1.73063,2.9575
-2.784,2.94763,1.7259,2.98156
-2.77681,2.96568,1.72117,3.00562
-2.76962,2.98373,1.71644,3.02968
-2.76244,3.00179,1.71171,3.05374
-2.75525,3.01984,1.70697,3.0778
-2.73951,3.03215,1.70613,3.08386
-2.72376,3.04445,1.70529,3.08992
-2.70802,3.05676,1.70444,3.09598
-2.69227,3.06906,1.7036,3.10204
-2.67653,3.08137,1.70275,3.10811
-2.66079,3.09367,1.70191,3.11417
-2.64504,3.10598,1.70106,3.12023
-2.6293,3.11829,1.70022,3.12629
-2.61356,3.13059,1.69937,3.13235
-2.59781,3.1429,1.69853,3.13841
-2.58207,3.1552,1.69768,-3.13871
-2.56632,3.16751,1.69684,-3.13265
-2.55058,3.17981,1.69599,-3.12659
-2.53484,3.19212,1.69515,-3.12052
-2.51909,3.20442,1.6943,-3.11446
-2.50335,3.21673,1.69346,-3.1084
-2.4876,3.22903,1.69261,-3.10234
-2.47186,3.24134,1.69177,-3.09628
-2.45612,3.25364,1.69092,-3.09022
-2.44037,3.26595,1.69008,-3.08415
-2.42463,3.27825,1.68923,-3.07809
-2.40889,3.29056,1.68839,-3.07203
-2.39314,3.30286,1.68754,-3.06597
-2.3774,3.31517,1.6867,-3.05991
-2.36165,3.32747,1.68585,-3.05385
-2.34591,3.33978,1.68501,-3.04778
-2.33017,3.35209,1.68416,-3.04172
-2.31442,3.36439,1.68332,-3.03566
-2.29868,3.3767,1.68247,-3.0296
-2.28294,3.389,1.68163,-3.02354
-2.26719,3.40131,1.68078,-3.01748
-2.25145,3.41361,1.67994,-3.01141
-2.2357,3.42592,1.67909,-3.00535
-2.21996,3.43822,1.67825,-2.99929
-2.20422,3.45053,1.67741,-2.99323
-2.18847,3.46283,1.67656,-2.98717
-2.17273,3.47514,1.67572,-2.98111
-2.15699,3.48744,1.67487,-2.97504
-2.14124,3.49975,1.67403,-2.96898
-2.1255,3.51205,1.67318,-2.96292
-2.10975,3.52436,1.67234,-2.95686
-2.09401,3.53666,1.67149,-2.9508
-2.07827,3.54897,1.67065,-2.94473
-2.06252,3.56127,1.6698,-2.93867
-2.04678,3.57358,1.66896,-2.93261
-2.03104,3.58589,1.66811,-2.92655
-2.01529,3.59819,1.66727,-2.92049
-1.99955,3.6105,1.66642,-2.91443
-1.9838,3.6228,1.66558,-2.90836
-1.96806,3.63511,1.66473,-2.9023
-1.94932,3.64203,1.66563,-2.90927
-1.93058,3.64896,1.66653,-2.91624
-1.91184,3.65589,1.66743,-2.9232
-1.8931,3.66281,1.66833,-2.93017
-1.87436,3.66974,1.66923,-2.93714
-1.85562,3.67667,1.67012,-2.9441
-1.83688,3.6836,1.67102,-2.95107
-1.81814,3.69052,1.67192,-2.95804
-1.7994,3.69745,1.67282,-2.965
-1.78065,3.70438,1.67372,-2.97197
-1.76191,3.7113,1.67462,-2.97894
-1.74317,3.71823,1.67552,-2.9859
-1.72443,3.72516,1.67642,-2.99287
-1.70569,3.73209,1.67731,-2.99984
-1.68695,3.73901,1.67821,-3.00681
-1.66821,3.74594,1.67911,-3.01377
-1.64947,3.75287,1.68001,-3.02074
-1.63073,3.7598,1.68091,-3.02771
-1.61199,3.76672,1.68181,-3.03467
-1.59325,3.77365,1.68271,-3.04164
-1.57451,3.78058,1.6836,-3.04861
-1.55577,3.7875,1.6845,-3.05557
-1.53703,3.79443,1.6854,-3.06254
-1.51829,3.80136,1.6863,-3.06951
-1.49955,3.80829,1.6872,-3.07647
-1.48081,3.81521,1.6881,-3.08344
-1.46207,3.82214,1.689,-3.09041
-1.44333,3.82907,1.6899,-3.09737
-1.42458,3.83599,1.69079,-3.10434
-1.40584,3.84292,1.69169,-3.11131
-1.3871,3.84985,1.69259,-3.11827
-1.36836,3.85678,1.69349,-3.12524
-1.34962,3.8637,1.69439,-3.13221
-1.33088,3.87063,1.69529,-3.13918
-1.31214,3.87756,1.69619,3.13704
-1.2934,3.88448,1.69708,3.13008
-1.27466,3.89141,1.69798,3.12311
-1.25592,3.89834,1.69888,3.11614
-1.23718,3.90527,1.69978,3.10918
-1.21844,3.91219,1.70068,3.10221
-1.1997,3.91912,1.70158,3.09524
-1.18096,3.92605,1.70248,3.08828
-1.16222,3.93297,1.70337,3.08131
-1.14348,3.9399,1.70427,3.07434
-1.12474,3.94683,1.70517,3.06737
-1.106,3.95376,1.70607,3.06041
-1.08726,3.96068,1.70697,3.05344
-1.06852,3.96761,1.70787,3.04647
-1.04977,3.97454,1.70877,3.03951
-1.03103,3.98146,1.70967,3.03254
-1.03246,3.99869,1.6996,3.02998
-1.03389,4.01591,1.68954,3.02741
-1.03532,4.03314,1.67948,3.02485
-1.03674,4.05037,1.66942,3.02229
-1.03817,4.06759,1.65935,3.01972
-1.0396,4.08482,1.64929,3.01716
-1.04103,4.10204,1.63923,3.0146
-1.04245,4.11927,1.62917,3.01203
-1.04388,4.13649,1.6191,3.00947
-1.04531,4.15372,1.60904,3.00691
-1.04673,4.17094,1.59898,3.00434
-1.04816,4.18817,1.58892,3.00178
-1.04959,4.20539,1.57885,2.99922
-1.05102,4.22262,1.56879,2.99665
-1.05244,4.23984,1.55873,2.99409
-1.05387,4.25707,1.54867,2.99153
-1.0553,4.27429,1.5386,2.98896
-1.05673,4.29152,1.52854,2.9864
-1.05815,4.30874,1.51848,2.98384
-1.05958,4.32597,1.50842,2.98127
-1.06101,4.34319,1.49835,2.97871
-1.06243,4.36042,1.48829,2.97615
-1.06386,4.37765,1.47823,2.97358
-1.06529,4.39487,1.46817,2.97102
-1.06672,4.4121,1.4581,2.96846
-1.06814,4.42932,1.44804,2.96589
-1.06957,4.44655,1.43798,2.96333
-1.071,4.46377,1.42792,2.96077
-1.07243,4.481,1.41785,2.9582
-1.07385,4.49822,1.40779,2.95564
-1.07528,4.51545,1.39773,2.95308
-1.07671,4.53267,1.38767,2.95051
-1.07813,4.5499,1.37761,2.94795
-1.07956,4.56712,1.36754,2.94539
-1.08099,4.58435,1.35748,2.94282
-1.08242,4.60157,1.34742,2.94026
-1.08384,4.6188,1.33736,2.9377
-1.08527,4.63602,1.32729,2.93513
-1.0867,4.65325,1.31723,2.93257
-1.08813,4.67048,1.30717,2.93001
-1.08955,4.6877,1.29711,2.92744
-1.09098,4.70493,1.28704,2.92488
-1.09241,4.72215,1.27698,2.92231
-1.09383,4.73938,1.26692,2.91975
-1.09526,4.7566,1.25686,2.91719
-1.09669,4.77383,1.24679,2.91462
-1.09812,4.79105,1.23673,2.91206
-1.09954,4.80828,1.22667,2.9095
-1.10097,4.8255,1.21661,2.90693
-1.1024,4.84273,1.20654,2.90437
-1.08746,4.85603,1.20661,2.84343
-1.07253,4.86933,1.20667,2.78248
-1.05759,4.88263,1.20674,2.72153
-1.04266,4.89594,1.2068,2.66059
-1.02772,4.90924,1.20686,2.59964
-1.01279,4.92254,1.20693,2.5387
-0.997854,4.93584,1.20699,2.47775
-0.982919,4.94914,1.20705,2.4168
-0.967984,4.96245,1.20712,2.35586
-0.953049,4.97575,1.20718,2.29491
-0.938114,4.98905,1.20725,2.23397
-0.92318,5.00235,1.20731,2.17302
-0.908245,5.01565,1.20737,2.11208
-0.89331,5.02896,1.20744,2.05113
-0.878375,5.04226,1.2075,1.99018
-0.86344,5.05556,1.20757,1.92924
-0.848505,5.06886,1.20763,1.86829
-0.83357,5.08216,1.20769,1.80735
-0.818635,5.09547,1.20776,1.7464
-0.8037,5.10877,1.20782,1.68546
-0.788765,5.12207,1.20788,1.62451
-0.77383,5.13537,1.20795,1.56356
-0.758895,5.14867,1.20801,1.50262
-0.74396,5.16198,1.20808,1.44167
-0.729026,5.17528,1.20814,1.38073
-0.714091,5.18858,1.2082,1.31978
-0.699156,5.20188,1.20827,1.25883
-0.684221,5.21518,1.20833,1.19789
-0.669286,5.22849,1.20839,1.13694
-0.654351,5.24179,1.20846,1.076
-0.639416,5.25509,1.20852,1.01505
-0.624481,5.26839,1.20859,0.954105
-0.609546,5.28169,1.20865,0.89316
-0.594611,5.295,1.20871,0.832214
-0.579676,5.3083,1.20878,0.771268
-0.564741,5.3216,1.20884,0.710322
-0.549806,5.3349,1.20891,0.649376
-0.534872,5.3482,1.20897,0.588431
-0.519937,5.36151,1.20903,0.527485
-0.505002,5.37481,1.2091,0.466539
-0.490067,5.38811,1.20916,0.405593
-0.475132,5.40141,1.20922,0.344647
-0.460197,5.41472,1.20929,0.283702
-0.445262,5.42802,1.20935,0.222756
-0.430327,5.44132,1.20942,0.16181
-0.415392,5.45462,1.20948,0.100864
-0.400457,5.46792,1.20954,0.0399184
-0.385522,5.48123,1.20961,-0.0210274
-0.370587,5.49453,1.20967,-0.0819732
-0.355652,5.50783,1.20974,-0.142919
-0.336837,5.50124,1.20815,-0.123866
-0.318022,5.49464,1.20657,-0.104813
-0.299206,5.48805,1.20498,-0.0857594
-0.280391,5.48146,1.2034,-0.0667063
-0.261576,5.47486,1.20182,-0.0476531
-0.24276,5.46827,1.20023,-0.0285999
-0.223945,5.46168,1.19865,-0.00954671
-0.20513,5.45508,1.19706,0.00950648
-0.186314,5.44849,1.19548,0.0285597
-0.167499,5.4419,1.1939,0.0476128
-0.148683,5.4353,1.19231,0.066666
-0.129868,5.42871,1.19073,0.0857192
-0.111053,5.42212,1.18914,0.104772
-0.0922374,5.41552,1.18756,0.123826
-0.073422,5.40893,1.18598,0.142879
-0.0546067,5.40233,1.18439,0.161932
-0.0357913,5.39574,1.18281,0.180985
-0.0169759,5.38915,1.18122,0.200038
0.00183942,5.38255,1.17964,0.219092
0.0206548,5.37596,1.17805,0.238145
0.0394701,5.36937,1.17647,0.257198
0.0582855,5.36277,1.17489,0.276251
0.0771009,5.35618,1.1733,0.295304
0.0959162,5.34959,1.17172,0.314357
0.114732,5.34299,1.17013,0.333411
0.133547,5.3364,1.16855,0.352464
0.152362,5.32981,1.16697,0.371517
0.171178,5.32321,1.16538,0.39057
0.189993,5.31662,1.1638,0.409623
0.208808,5.31003,1.16221,0.428677
0.227624,5.30343,1.16063,0.44773
0.246439,5.29684,1.15905,0.466783
0.265254,5.29025,1.15746,0.485836
0.28407,5.28365,1.15588,0.504889
0.302885,5.27706,1.15429,0.523942
0.321701,5.27047,1.15271,0.542996
0.340516,5.26387,1.15113,0.562049
0.359331,5.25728,1.14954,0.581102
0.378147,5.25069,1.14796,0.600155
0.396962,5.24409,1.14637,0.619208
0.415777,5.2375,1.14479,0.638262
0.434593,5.23091,1.14321,0.657315
0.453408,5.22431,1.14162,0.676368
0.472223,5.21772,1.14004,0.695421
0.491039,5.21113,1.13845,0.714474
0.509854,5.20453,1.13687,0.733528
0.52867,5.19794,1.13529,0.752581
0.547485,5.19135,1.1337,0.771634
0.5663,5.18475,1.13212,0.790687
0.585116,5.17816,1.13053,0.80974
0.602523,5.16857,1.12831,0.800453
0.619931,5.15897,1.12608,0.791165
0.637338,5.14938,1.12386,0.781878
0.654746,5.13979,1.12163,0.77259
0.672153,5.1302,1.1194,0.763303
0.689561,5.1206,1.11718,0.754015
0.706968,5.11101,1.11495,0.744728
0.724376,5.10142,1.11272,0.73544
0.741784,5.09182,1.1105,0.726153
0.759191,5.08223,1.10827,0.716865
0.776599,5.07264,1.10605,0.707577
0.794006,5.06305,1.10382,0.69829
0.811414,5.05345,1.10159,0.689002
0.828821,5.04386,1.09937,0.679715
0.846229,5.03427,1.09714,0.670427
0.863636,5.02467,1.09492,0.66114
0.881044,5.01508,1.09269,0.651852
0.898452,5.00549,1.09046,0.642565
0.915859,4.9959,1.08824,0.633277
0.933267,4.9863,1.08601,0.62399
0.950674,4.97671,1.08378,0.614702
0.968082,4.96712,1.08156,0.605415
0.985489,4.95753,1.07933,0.596127
1.0029,4.94793,1.07711,0.58684
1.0203,4.93834,1.07488,0.577552
1.03771,4.92875,1.07265,0.568265
1.05512,4.91915,1.07043,0.558977
1.07253,4.90956,1.0682,0.54969
1.08993,4.89997,1.06597,0.540402
1.10734,4.89038,1.06375,0.531115
1.12475,4.88078,1.06152,0.521827
1.14216,4.87119,1.0593,0.512539
1.15956,4.8616,1.05707,0.503252
1.17697,4.852,1.05484,0.493964
1.19438,4.84241,1.05262,0.484677
1.21179,4.83282,1.05039,0.475389
1.22919,4.82323,1.04817,0.466102
1.2466,4.81363,1.04594,0.456814
1.26401,4.80404,1.04371,0.447527
1.28142,4.79445,1.04149,0.438239
1.29883,4.78486,1.03926,0.428952
1.31623,4.77526,1.03703,0.419664
1.33364,4.76567,1.03481,0.410377
1.35105,4.75608,1.03258,0.401089
1.36846,4.74648,1.03036,0.391802
1.38586,4.73689,1.02813,0.382514
1.40327,4.7273,1.0259,0.373227
1.42068,4.71771,1.02368,0.363939
1.43809,4.70811,1.02145,0.354652
1.45549,4.69852,1.01922,0.345364
1.45665,4.67869,1.02159,0.355805
1.45781,4.65887,1.02396,0.366247
1.45897,4.63904,1.02633,0.376688
1.46013,4.61922,1.0287,0.387129
1.46129,4.59939,1.03107,0.397571
1.46245,4.57957,1.03344,0.408012
1.46361,4.55974,1.0358,0.418454
1.46477,4.53992,1.03817,0.428895
1.46593,4.52009,1.04054,0.439336
1.46709,4.50027,1.04291,0.449778
1.46825,4.48044,1.04528,0.460219
1.46941,4.46062,1.04765,0.47066
1.47057,4.44079,1.05002,0.481102
1.47173,4.42097,1.05238,0.491543
1.47289,4.40114,1.05475,0.501984
1.47405,4.38131,1.05712,0.512426
1.47521,4.36149,1.05949,0.522867
1.47637,4.34166,1.06186,0.533308
1.47753,4.32184,1.06423,0.54375
1.47869,4.30201,1.0666,0.554191
1.47985,4.28219,1.06896,0.564632
1.48101,4.26236,1.07133,0.575074
1.48217,4.24254,1.0737,0.585515
1.48333,4.22271,1.07607,0.595956
1.48449,4.20289,1.07844,0.606398
1.48565,4.18306,1.08081,0.616839
1.48681,4.16324,1.08317,0.627281
1.48797,4.14341,1.08554,0.637722
1.48913,4.12358,1.08791,0.648163
1.49029,4.10376,1.09028,0.658605
1.49145,4.08393,1.09265,0.669046
1.49261,4.06411,1.09502,0.679487
1.49377,4.04428,1.09739,0.689929
1.49493,4.02446,1.09975,0.70037
1.49609,4.00463,1.10212,0.710811
1.49725,3.98481,1.10449,0.721253
1.49841,3.96498,1.10686,0.731694
1.49957,3.94516,1.10923,0.742135
1.50073,3.92533,1.1116,0.752577
1.50189,3.90551,1.11397,0.763018
1.50304,3.88568,1.11633,0.773459
1.5042,3.86585,1.1187,0.783901
1.50536,3.84603,1.12107,0.794342
1.50652,3.8262,1.12344,0.804783
1.50768,3.80638,1.12581,0.815225
1.50884,3.78655,1.12818,0.825666
1.51,3.76673,1.13055,0.836108
1.51116,3.7469,1.13291,0.846549
1.51232,3.72708,1.13528,0.85699
1.51348,3.70725,1.13765,0.867432
1.52533,3.69124,1.1395,0.865353
1.53717,3.67524,1.14135,0.863274
1.54902,3.65923,1.1432,0.861195
1.56087,3.64322,1.14505,0.859116
1.57271,3.62721,1.1469,0.857037
1.58456,3.6112,1.14875,0.854958
1.5964,3.5952,1.1506,0.852879
1.60825,3.57919,1.15245,0.8508
1.62009,3.56318,1.1543,0.848721
1.63194,3.54717,1.15615,0.846642
1.64379,3.53116,1.158,0.844563
1.65563,3.51516,1.15985,0.842484
1.66748,3.49915,1.1617,0.840405
1.67932,3.48314,1.16355,0.838326
1.69117,3.46713,1.1654,0.836247
1.70302,3.45112,1.16725,0.834168
1.71486,3.43512,1.1691,0.832089
1.72671,3.41911,1.17095,0.83001
1.73855,3.4031,1.1728,0.827931
1.7504,3.38709,1.17465,0.825852
1.76224,3.37108,1.1765,0.823773
1.77409,3.35508,1.17835,0.821694
1.78594,3.33907,1.1802,0.819615
1.79778,3.32306,1.18205,0.817536
1.80963,3.30705,1.1839,0.815457
1.82147,3.29104,1.18575,0.813378
1.83332,3.27504,1.1876,0.811299
1.84516,3.25903,1.18945,0.80922
1.85701,3.24302,1.1913,0.807141
1.86886,3.22701,1.19315,0.805062
1.8807,3.211,1.19499,0.802983
1.89255,3.195,1.19684,0.800904
1.90439,3.17899,1.19869,0.798826
1.91624,3.16298,1.20054,0.796747
1.92808,3.14697,1.20239,0.794668
1.93993,3.13096,1.20424,0.792589
1.95178,3.11496,1.20609,0.79051
1.96362,3.09895,1.20794,0.788431
1.97547,3.08294,1.20979,0.786352
1.98731,3.06693,1.21164,0.784273
1.99916,3.05092,1.21349,0.782194
2.011,3.03492,1.21534,0.780115
2.02285,3.01891,1.21719,0.778036
2.0347,3.0029,1.21904,0.775957
2.04654,2.98689,1.22089,0.773878
2.05839,2.97088,1.22274,0.771799
2.07023,2.95488,1.22459,0.76972
2.08208,2.93887,1.22644,0.767641
2.09392,2.92286,1.22829,0.765562
2.10577,2.90685,1.23014,0.763483
2.11868,2.90695,1.21486,0.732672
2.13158,2.90705,1.19958,0.701861
2.14449,2.90714,1.18431,0.67105
2.1574,2.90724,1.16903,0.640238
2.1703,2.90734,1.15375,0.609427
2.18321,2.90743,1.13847,0.578616
2.19611,2.90753,1.12319,0.547805
2.20902,2.90763,1.10792,0.516994
2.22193,2.90773,1.09264,0.486183
2.23483,2.90782,1.07736,0.455371
2.24774,2.90792,1.06208,0.42456
2.26065,2.90802,1.0468,0.393749
2.27355,2.90811,1.03153,0.362938
2.28646,2.90821,1.01625,0.332127
2.29936,2.90831,1.00097,0.301316
2.31227,2.90841,0.985692,0.270505
2.32518,2.9085,0.970414,0.239693
2.33808,2.9086,0.955135,0.208882
2.35099,2.9087,0.939857,0.178071
2.3639,2.90879,0.924579,0.14726
2.3768,2.90889,0.909301,0.116449
2.38971,2.90899,0.894023,0.0856376
2.40261,2.90909,0.878745,0.0548265
2.41552,2.90918,0.863467,0.0240153
2.42843,2.90928,0.848189,-0.00679581
2.44133,2.90938,0.832911,-0.037607
2.45424,2.90947,0.817633,-0.0684181
2.46714,2.90957,0.802355,-0.0992293
2.48005,2.90967,0.787076,-0.13004
2.49296,2.90977,0.771798,-0.160852
2.50586,2.90986,0.75652,-0.191663
2.51877,2.90996,0.741242,-0.222474
2.53168,2.91006,0.725964,-0.253285
2.54458,2.91015,0.710686,-0.284096
2.55749,2.91025,0.695408,-0.314907
2.57039,2.91035,0.68013,-0.345718
2.5833,2.91045,0.664852,-0.37653
2.59621,2.91054,0.649574,-0.407341
2.60911,2.91064,0.634296,-0.438152
2.62202,2.91074,0.619018,-0.468963
2.63493,2.91083,0.603739,-0.499774
2.64783,2.91093,0.588461,-0.530585
2.6507,2.91095,0.585071,-0.537423
2.66949,2.90432,0.586739,-0.519761
2.68829,2.89769,0.588408,-0.502098
2.70708,2.89106,0.590077,-0.484436
2.72587,2.88443,0.591745,-0.466773
2.74467,2.87779,0.593414,-0.449111
2.76346,2.87116,0.595082,-0.431448
2.78226,2.86453,0.596751,-0.413786
2.80105,2.8579,0.59842,-0.396123
2.81985,2.85127,0.600088,-0.378461
2.83864,2.84463,0.601757,-0.360798
2.85744,2.838,0.603426,-0.343136
2.87623,2.83137,0.605094,-0.325473
2.89502,2.82474,0.606763,-0.307811
2.91382,2.81811,0.608431,-0.290148
2.93261,2.81147,0.6101,-0.272486
2.95141,2.80484,0.611769,-0.254823
2.9702,2.79821,0.613437,-0.237161
2.989,2.79158,0.615106,-0.219498
3.00779,2.78495,0.616775,-0.201836
3.02659,2.77832,0.618443,-0.184173
3.04538,2.77168,0.620112,-0.166511
3.06418,2.76505,0.62178,-0.148848
3.08297,2.75842,0.623449,-0.131186
3.10176,2.75179,0.625118,-0.113523
3.12056,2.74516,0.626786,-0.0958606
3.13935,2.73852,0.628455,-0.0781981
3.15815,2.73189,0.630124,-0.0605356
3.17694,2.72526,0.631792,-0.0428731
3.19574,2.71863,0.633461,-0.0252106
3.21453,2.712,0.63513,-0.00754805
3.23333,2.70536,0.636798,0.0101145
3.25212,2.69873,0.638467,0.027777
3.27092,2.6921,0.640135,0.0454395
3.28971,2.68547,0.641804,0.063102
3.3085,2.67884,0.643473,0.0807645
3.3273,2.67221,0.645141,0.098427
3.34609,2.66557,0.64681,0.11609
3.36489,2.65894,0.648479,0.133752
3.38368,2.65231,0.650147,0.151415
3.40248,2.64568,0.651816,0.169077
3.4101,2.64299,0.652493,0.176245
3.42784,2.64834,0.660021,0.161239
3.44559,2.65368,0.667549,0.146232
3.46333,2.65903,0.675077,0.131226
3.48107,2.66438,0.682605,0.116219
3.49881,2.66973,0.690133,0.101213
3.51655,2.67508,0.697661,0.086206
3.53429,2.68043,0.705188,0.0711995
3.55203,2.68578,0.712716,0.056193
3.56977,2.69112,0.720244,0.0411865
3.58751,2.69647,0.727772,0.02618
3.60525,2.70182,0.7353,0.0111735
3.62299,2.70717,0.742828,-0.00383296
3.64073,2.71252,0.750356,-0.0188395
3.65847,2.71787,0.757884,-0.033846
3.67621,2.72322,0.765412,-0.0488525
3.69395,2.72856,0.77294,-0.063859
3.71169,2.73391,0.780468,-0.0788655
3.72943,2.73926,0.787996,-0.093872
3.74717,2.74461,0.795524,-0.108878
3.76491,2.74996,0.803052,-0.123885
3.78265,2.75531,0.810579,-0.138891
3.80039,2.76066,0.818107,-0.153898
3.81813,2.766,0.825635,-0.168904
3.83587,2.77135,0.833163,-0.183911
3.85361,2.7767,0.840691,-0.198917
3.87136,2.78205,0.848219,-0.213924
3.8891,2.7874,0.855747,-0.22893
3.90684,2.79275,0.863275,-0.243937
3.92458,2.7981,0.870803,-0.258943
3.94232,2.80344,0.878331,-0.27395
3.96006,2.80879,0.885859,-0.288956
3.9778,2.81414,0.893387,-0.303963
3.99554,2.81949,0.900915,-0.318969
4.01328,2.82484,0.908442,-0.333976
4.03102,2.83019,0.91597,-0.348982
4.04876,2.83554,0.923498,-0.363989
4.0665,2.84089,0.931026,-0.378995
4.08424,2.84623,0.938554,-0.394002
4.10198,2.85158,0.946082,-0.409008
4.11972,2.85693,0.95361,-0.424015
4.13746,2.86228,0.961138,-0.439021
4.1552,2.86763,0.968666,-0.454028
4.17294,2.87298,0.976194,-0.469034
4.19068,2.87833,0.983722,-0.484041
4.20842,2.88367,0.99125,-0.499047
4.22616,2.88902,0.998778,-0.514054
4.2439,2.89437,1.00631,-0.52906
4.26164,2.89972,1.01383,-0.544067
4.27939,2.90507,1.02136,-0.559073
4.29713,2.91042,1.02889,-0.57408
4.28703,2.89331,1.03122,-0.526723
4.27694,2.8762,1.03355,-0.479366
4.26685,2.85909,1.03588,-0.432008
4.25676,2.84198,1.03822,-0.384651
4.24666,2.82487,1.04055,-0.337294
4.23657,2.80777,1.04288,-0.289937
4.22648,2.79066,1.04521,-0.24258
4.21639,2.77355,1.04754,-0.195222
4.20629,2.75644,1.04987,-0.147865
4.1962,2.73933,1.05221,-0.100508
4.18611,2.72222,1.05454,-0.0531507
4.17602,2.70511,1.05687,-0.00579353
4.16592,2.688,1.0592,0.0415637
4.15583,2.6709,1.06153,0.0889209
4.14574,2.65379,1.06386,0.136278
4.13565,2.63668,1.06619,0.183635
4.12555,2.61957,1.06853,0.230992
4.11546,2.60246,1.07086,0.27835
4.10537,2.58535,1.07319,0.325707
4.09528,2.56824,1.07552,0.373064
4.08518,2.55114,1.07785,0.420421
4.07509,2.53403,1.08018,0.467778
4.065,2.51692,1.08252,0.515136
4.05491,2.49981,1.08485,0.562493
4.04481,2.4827,1.08718,0.60985
4.03472,2.46559,1.08951,0.657207
4.02463,2.44848,1.09184,0.704564
4.01454,2.43137,1.09417,0.751922
4.00445,2.41427,1.09651,0.799279
3.99435,2.39716,1.09884,0.846636
3.98426,2.38005,1.10117,0.893993
3.97417,2.36294,1.1035,0.94135
3.96408,2.34583,1.10583,0.988708
3.95398,2.32872,1.10816,1.03606
3.94389,2.31161,1.11049,1.08342
3.9338,2.29451,1.11283,1.13078
3.92371,2.2774,1.11516,1.17814
3.91361,2.26029,1.11749,1.22549
3.90352,2.24318,1.11982,1.27285
3.89343,2.22607,1.12215,1.32021
3.88334,2.20896,1.12448,1.36757
3.87324,2.19185,1.12682,1.41492
3.86315,2.17474,1.12915,1.46228
3.85306,2.15764,1.13148,1.50964
3.84297,2.14053,1.13381,1.55699
3.83287,2.12342,1.13614,1.60435
3.82278,2.10631,1.13847,1.65171
3.81269,2.0892,1.14081,1.69907
3.8026,2.07209,1.14314,1.74642
3.7925,2.05498,1.14547,1.79378
3.77278,2.05208,1.14383,1.76332
3.75306,2.04918,1.14219,1.73286
3.73334,2.04628,1.14055,1.7024
3.71362,2.04338,1.13891,1.67194
3.6939,2.04048,1.13726,1.64148
3.67418,2.03758,1.13562,1.61102
3.65446,2.03468,1.13398,1.58056
3.63474,2.03178,1.13234,1.5501
3.61502,2.02888,1.1307,1.51964
3.5953,2.02598,1.12906,1.48918
3.57558,2.02308,1.12742,1.45872
3.55586,2.02018,1.12578,1.42826
3.53614,2.01728,1.12414,1.3978
3.51642,2.01438,1.1225,1.36734
3.4967,2.01148,1.12086,1.33688
3.47698,2.00858,1.11922,1.30642
3.45726,2.00567,1.11757,1.27596
3.43754,2.00277,1.11593,1.2455
3.41782,1.99987,1.11429,1.21504
3.3981,1.99697,1.11265,1.18458
3.37838,1.99407,1.11101,1.15411
3.35865,1.99117,1.10937,1.12365
3.33893,1.98827,1.10773,1.09319
3.31921,1.98537,1.10609,1.06273
3.29949,1.98247,1.10445,1.03227
3.27977,1.97957,1.10281,1.00181
3.26005,1.97667,1.10117,0.971353
3.24033,1.97377,1.09953,0.940893
3.22061,1.97087,1.09788,0.910433
3.20089,1.96797,1.09624,0.879973
3.18117,1.96507,1.0946,0.849512
3.16145,1.96217,1.09296,0.819052
3.14173,1.95927,1.09132,0.788592
3.12201,1.95637,1.08968,0.758132
3.10229,1.95347,1.08804,0.727671
3.08257,1.95056,1.0864,0.697211
3.06285,1.94766,1.08476,0.666751
3.04313,1.94476,1.08312,0.636291
3.02341,1.94186,1.08148,0.60583
3.00369,1.93896,1.07984,0.57537
2.98397,1.93606,1.07819,0.54491
2.96425,1.93316,1.07655,0.51445
2.94453,1.93026,1.07491,0.483989
2.92481,1.92736,1.07327,0.453529
2.90509,1.92446,1.07163,0.423069
2.88537,1.92156,1.06999,0.392609
2.86564,1.91866,1.06835,0.362148
2.84592,1.91576,1.06671,0.331688
2.8262,1.91286,1.06507,0.301228
2.80648,1.90996,1.06343,0.270768
2.7894,1.89964,1.06481,0.315577
2.77232,1.88933,1.06619,0.360387
2.75525,1.87901,1.06758,0.405197
2.73817,1.8687,1.06896,0.450007
2.72109,1.85839,1.07034,0.494817
2.70401,1.84807,1.07173,0.539627
2.68693,1.83776,1.07311,0.584437
2.66985,1.82744,1.0745,0.629247
2.65277,1.81713,1.07588,0.674057
2.63569,1.80681,1.07726,0.718867
2.61861,1.7965,1.07865,0.763677
2.60153,1.78619,1.08003,0.808487
2.58445,1.77587,1.08141,0.853297
2.56737,1.76556,1.0828,0.898107
2.55029,1.75524,1.08418,0.942917
2.53321,1.74493,1.08556,0.987727
2.51614,1.73462,1.08695,1.03254
2.49906,1.7243,1.08833,1.07735
2.48198,1.71399,1.08971,1.12216
2.4649,1.70367,1.0911,1.16697
2.44782,1.69336,1.09248,1.21178
2.43074,1.68304,1.09386,1.25659
2.41366,1.67273,1.09525,1.3014
2.39658,1.66242,1.09663,1.34621
2.3795,1.6521,1.09801,1.39102
2.36242,1.64179,1.0994,1.43583
2.34534,1.63147,1.10078,1.48064
2.32826