-3.88685e-11,1.15919e-11,0.13,-9.78104e-18
-3.88685e-11,1.15919e-11,0.13,-1.23036e-17
-2.76773e-11,2.48133e-11,0.13,-1.50309e-17
-3.88685e-11,1.15919e-11,0.13,-1.71984e-17
-2.76773e-11,2.48133e-11,0.13,-1.99202e-17
-3.88685e-11,1.15919e-11,0.13,-2.20865e-17
-2.76773e-11,2.48133e-11,0.13,-2.47805e-17
-3.88685e-11,1.15919e-11,0.13,-2.69809e-17
-2.76773e-11,2.48133e-11,0.13,-2.96686e-17
-3.88685e-11,1.15919e-11,0.13,-3.18547e-17
-2.76773e-11,2.48133e-11,0.13,-3.45099e-17
-3.88685e-11,1.15919e-11,0.13,-3.66886e-17
-2.76773e-11,2.48133e-11,0.13,-3.93338e-17
-3.88685e-11,1.15919e-11,0.13,-4.15152e-17
-2.76773e-11,2.48133e-11,0.13,-4.42045e-17
-3.88685e-11,1.15919e-11,0.13,-4.64049e-17
-2.76773e-11,2.48133e-11,0.13,-4.90637e-17
-3.88686e-11,1.15919e-11,0.13,-5.12411e-17
-2.76773e-11,2.48133e-11,0.13,-5.39075e-17
0.00442512,8.49248e-07,0.183453,-3.26322e-07
0.0219107,8.21707e-06,0.261626,7.32191e-07
0.069155,6.61323e-05,0.413501,8.88472e-06
0.106305,0.00020171,0.561002,8.41284e-06
0.124527,-0.000210819,0.701248,-0.0145773
0.125512,-0.00342044,0.767449,-0.047403
0.123047,-0.00813845,0.804892,-0.0886275
0.1213,-0.013332,0.82195,-0.131539
0.121483,-0.019057,0.828094,-0.184866
0.122786,-0.0279111,0.827062,-0.251587
0.123215,-0.0378473,0.822748,-0.32141
0.122572,-0.0466825,0.817525,-0.387819
0.121282,-0.0543647,0.814446,-0.458626
0.119177,-0.0623006,0.812215,-0.525608
0.113926,-0.0737253,0.809609,-0.61829
0.108248,-0.0819238,0.807843,-0.691901
0.102446,-0.0889387,0.808183,-0.76946
0.0961296,-0.0963324,0.808184,-0.843673
0.0829505,-0.107879,0.807524,-0.967182
0.0734725,-0.11396,0.807743,-1.05389
0.0616389,-0.121139,0.808265,-1.16097
0.0448135,-0.128424,0.807672,-1.28705
0.0444033,-0.128552,0.807645,-1.29004
0.029163,-0.132286,0.808178,-1.41305
0.028766,-0.13238,0.808201,-1.41632
0.0116456,-0.135527,0.808243,-1.54146
0.0111794,-0.135568,0.808227,-1.54466
-0.00770943,-0.135225,0.807862,-1.68111
-0.0303269,-0.132511,0.808416,-1.8509
-0.0307851,-0.132408,0.8084,-1.85411
-0.0312416,-0.132303,0.808383,-1.85731
-0.053138,-0.124565,0.808457,-2.03171
-0.0535249,-0.12441,0.808476,-2.03504
-0.0815383,-0.108449,0.807456,-2.26628
-0.0818353,-0.108204,0.80742,-2.26907
-0.0821289,-0.107959,0.807384,-2.27185
-0.10214,-0.0896915,0.808228,-2.47856
-0.102452,-0.0893397,0.808212,-2.48177
-0.11786,-0.0666951,0.808343,-2.68629
-0.11809,-0.0663237,0.808355,-2.68961
-0.11832,-0.0659491,0.808366,-2.69294
-0.129913,-0.0387404,0.8074,-2.90351
-0.130008,-0.0383834,0.807464,-2.90624
-0.130106,-0.0380363,0.807556,-2.90896
-0.43128,-0.320164,0.795862,-3.07095
-0.435944,-0.32481,0.795794,-3.07214
-0.440544,-0.329395,0.795736,-3.07332
-0.613836,-0.496416,0.801519,-3.12665
-0.63208,-0.503073,0.804805,3.13912
-0.632119,-0.502983,0.804817,3.13899
-0.632156,-0.502893,0.804828,3.13885
-0.632191,-0.502803,0.804838,3.13872
-0.632223,-0.502714,0.804847,3.13859
-0.632892,-0.499314,0.803668,3.13581
-0.632896,-0.499318,0.803654,3.13583
-0.632901,-0.499322,0.80364,3.13586
-0.633099,-0.499592,0.803051,3.13801
-0.6331,-0.499594,0.803046,3.13804
-0.633102,-0.499597,0.803041,3.13808
-0.633103,-0.4996,0.803036,3.13811
-0.633137,-0.49972,0.802887,3.13974
-0.633137,-0.499722,0.802886,3.13976
-0.711714,-0.498648,0.834225,-3.11704
-0.71401,-0.498643,0.834846,-3.11598
-0.716314,-0.49864,0.83547,-3.11489
-0.889715,-0.495682,0.884611,-2.95354
-0.891692,-0.495598,0.885187,-2.95059
-0.893663,-0.495515,0.88576,-2.94762
-1.03518,-0.492001,0.924435,-2.66792
-1.03689,-0.492015,0.924877,-2.66385
-1.03858,-0.492031,0.925318,-2.65976
-1.04028,-0.492048,0.925758,-2.65566
-1.15577,-0.494036,0.955844,-2.34199
-1.15727,-0.494046,0.956258,-2.33744
-1.15877,-0.494055,0.956671,-2.33289
-1.25944,-0.489678,0.986091,-2.00254
-1.26078,-0.489537,0.986505,-1.99783
-1.26213,-0.489393,0.98692,-1.99311
-1.36254,-0.469584,1.0199,-1.62204
-1.36379,-0.469212,1.02033,-1.61726
-1.36505,-0.468837,1.02076,-1.61249
-1.43811,-0.441422,1.04525,-1.33202
-1.43931,-0.44088,1.04563,-1.3274
-1.4929,-0.398461,1.06318,-0.958411
-1.49283,-0.398196,1.06319,-0.956096
-1.49275,-0.397933,1.06321,-0.953804
-1.49266,-0.397673,1.06322,-0.951534
-1.48777,-0.388141,1.06398,-0.874418
-1.48772,-0.387868,1.064,-0.87303
-1.49779,-0.353184,1.06313,-0.839089
-1.4982,-0.352032,1.06306,-0.839151
-1.51919,-0.290523,1.05702,-0.868663
-1.51974,-0.288882,1.05682,-0.869933
-1.54886,-0.202818,1.04468,-0.960326
-1.54948,-0.201074,1.0444,-0.962604
-1.58077,-0.11969,1.03092,-1.08411
-1.58147,-0.11798,1.03062,-1.08696
-1.62091,-0.0276087,1.01545,-1.2457
-1.62171,-0.0258302,1.01516,-1.24891
-1.6577,0.0530806,1.0027,-1.3936
-1.65854,0.0549007,1.00243,-1.39696
-1.6954,0.13475,0.990532,-1.54268
-1.69627,0.136636,0.990253,-1.54609
-1.72533,0.200136,0.981018,-1.65956
-1.77488,0.312734,0.965445,-1.85279
-1.77576,0.314775,0.965165,-1.85624
-1.83394,0.455986,0.946658,-2.08813
-1.83471,0.458004,0.946418,-2.09137
-1.83548,0.46001,0.946179,-2.0946
-1.88445,0.571375,0.930284,-2.36229
-1.88459,0.571569,0.930261,-2.36347
-1.88472,0.57176,0.930239,-2.36464
-1.88486,0.571946,0.930218,-2.36579
-1.88499,0.572129,0.930199,-2.36693
-1.90713,0.615951,0.941157,-2.40052
-1.90768,0.61705,0.941472,-2.39975
-1.90824,0.61816,0.941791,-2.39895
-1.9088,0.619281,0.942114,-2.39813
-1.9553,0.707293,0.969673,-2.28986
-1.95605,0.708725,0.970159,-2.2875
-1.95679,0.710158,0.970646,-2.28512
-2.00302,0.808882,1.00562,-2.08702
-2.00363,0.810349,1.00615,-2.08369
-2.04472,0.922348,1.04542,-1.81333
-2.04521,0.923883,1.04594,-1.80954
-2.04571,0.92542,1.04646,-1.80574
-2.04816,0.933119,1.04905,-1.78668
-2.07549,1.02742,1.07944,-1.55697
-2.07593,1.02907,1.07996,-1.55302
-2.12933,1.24186,1.14141,-1.07737
-2.1298,1.24375,1.14192,-1.07341
-2.13027,1.24563,1.14242,-1.06945
-2.13074,1.24752,1.14292,-1.06549
-2.13121,1.2494,1.14343,-1.06153
-2.1682,1.4037,1.17789,-0.715034
-2.16824,1.40443,1.17799,-0.712529
-2.16828,1.40515,1.17809,-0.710045
-2.16832,1.40585,1.17818,-0.707582
-2.16794,1.43477,1.18454,-0.602441
-2.16814,1.43535,1.18476,-0.601441
-2.16835,1.43594,1.18497,-0.600476
-2.20288,1.47906,1.20118,-0.60359
-2.20395,1.48012,1.20157,-0.604668
-2.30941,1.5656,1.23475,-0.783483
-2.31102,1.56672,1.23521,-0.786885
-2.31262,1.56783,1.23567,-0.790306
-2.42453,1.63857,1.2652,-1.05239
-2.42632,1.63964,1.26565,-1.05681
-2.53781,1.7068,1.29267,-1.33194
-2.53977,1.70803,1.29313,-1.33679
-2.54172,1.70926,1.29359,-1.34164
-2.65892,1.78663,1.32045,-1.63381
-2.66093,1.78803,1.32091,-1.63884
-2.78225,1.87876,1.3483,-1.94292
-2.78426,1.88038,1.34876,-1.94803
-2.78627,1.88201,1.34921,-1.95312
-2.8973,1.97897,1.37479,-2.23974
-2.89924,1.9808,1.37525,-2.24488
-2.98406,2.06674,1.39499,-2.47628
-2.98567,2.06854,1.39535,-2.48105
-3.06543,2.17799,1.41067,-2.86857
-3.06583,2.1787,1.41047,-2.87114
-3.06623,2.17941,1.41027,-2.8737
-3.06664,2.18015,1.41005,-2.87625
-3.09902,2.2499,1.37689,-3.01738
-3.09966,2.25143,1.37604,-3.01962
-3.1003,2.25297,1.37518,-3.02185
-3.15735,2.39303,1.28836,3.08015
-3.15807,2.39481,1.28718,3.07789
-3.15879,2.39659,1.286,3.07562
-3.21457,2.53899,1.18966,2.88917
-3.26596,2.68661,1.09129,2.6872
-3.26654,2.68836,1.09011,2.68473
-3.26711,2.69012,1.08894,2.68226
-3.26769,2.69188,1.08776,2.67979
-3.26826,2.69364,1.08659,2.67733
-3.26884,2.6954,1.08542,2.67486
-3.29875,2.7902,1.02207,2.54091
-3.29928,2.79195,1.0209,2.53841
-3.31899,2.85813,0.976478,2.4437
-3.31949,2.85986,0.975315,2.44121
-3.33799,2.92491,0.931127,2.34644
-3.36772,3.05809,0.846513,2.11661
-3.3677,3.05847,0.84626,2.11525
-3.36767,3.05884,0.846013,2.1139
-3.36765,3.05921,0.845772,2.11257
-3.36762,3.05956,0.845537,2.11125
-3.36547,3.06715,0.840205,2.07253
-3.35742,3.06622,0.838851,2.03123
-3.35697,3.06591,0.83888,2.02994
-3.3331,3.04314,0.841743,1.97686
-3.29494,2.99999,0.846982,1.90398
-3.29373,2.99858,0.847142,1.90169
-3.22811,2.92215,0.855103,1.77135
-3.22673,2.92057,0.855257,1.76846
-3.08224,2.75765,0.871178,1.44416
-3.08074,2.75593,0.871347,1.4406
-3.07923,2.7542,0.871515,1.43704
-3.07773,2.75247,0.871684,1.43348
-2.95427,2.60435,0.885321,1.1331
-2.95277,2.60247,0.885487,1.12937
-2.95127,2.60058,0.885654,1.12563
-2.83911,2.4515,0.898326,0.839459
-2.83767,2.44948,0.898491,0.835683
-2.83624,2.44746,0.898655,0.831907
-2.73671,2.2987,0.910293,0.56121
-2.73542,2.29664,0.910435,0.557588
-2.73415,2.29459,0.910576,0.553977
-2.66196,2.1503,0.915329,0.160967
-2.66195,2.15028,0.915326,0.160977
-2.66195,2.15026,0.915322,0.160989
-2.66194,2.15023,0.915319,0.161002
-2.66194,2.15021,0.915315,0.161017
-2.66194,2.15019,0.915312,0.161033
-2.66193,2.15017,0.915308,0.161051
-2.65596,2.14079,0.916882,0.148713
-2.65556,2.14025,0.916912,0.147997
-2.65514,2.13968,0.91694,0.147256
-2.6547,2.1391,0.916968,0.14649
-2.65425,2.1385,0.916994,0.145701
-2.65379,2.13787,0.917019,0.144887
-2.6533,2.13723,0.917043,0.14405
-2.65281,2.13657,0.917065,0.143191
-2.59875,2.06444,0.917164,0.0464055
-2.59756,2.0628,0.91715,0.0440423
-2.59636,2.06115,0.917136,0.0416581
-2.52239,1.95603,0.916387,-0.129176
-2.5211,1.95415,0.916369,-0.132609
-2.44173,1.833,0.914977,-0.373135
-2.44051,1.83103,0.91495,-0.377273
-2.43929,1.82905,0.914922,-0.38142
-2.36095,1.68867,0.913019,-0.689694
-2.35996,1.68673,0.912993,-0.694188
-2.24294,1.43396,0.909025,-1.32955
-2.24221,1.43228,0.908994,-1.3342
-2.24148,1.43061,0.908963,-1.33886
-2.24074,1.42895,0.908932,-1.34351
-2.24001,1.42728,0.908901,-1.34817
-2.23929,1.42562,0.908869,-1.35283
-2.19588,1.3296,0.907129,-1.63641
-2.19522,1.32814,0.907099,-1.64093
-2.19456,1.32669,0.90707,-1.64544
-2.17738,1.26332,0.904355,-2.05391
-2.17755,1.26341,0.904332,-2.05562
-2.17773,1.26351,0.904309,-2.05731
-2.1779,1.2636,0.904286,-2.05898
-2.17807,1.2637,0.904264,-2.06063
-2.18658,1.26122,0.909029,-2.15168
-2.18674,1.26077,0.909284,-2.15321
-2.18691,1.2603,0.909546,-2.15475
-2.22232,1.18572,0.945741,-2.30659
-2.22307,1.18435,0.946452,-2.30931
-2.22382,1.18298,0.947168,-2.31204
-2.28745,1.07208,1.01235,-2.57502
-2.28823,1.07074,1.01322,-2.57877
-2.28901,1.06939,1.01408,-2.58254
-2.34118,0.978962,1.07449,-2.86443
-2.34187,0.977736,1.07534,-2.86865
-2.34257,0.976513,1.07619,-2.87288
-2.38267,0.900315,1.13061,3.12877
-2.38321,0.899179,1.13144,3.12436
-2.41762,0.808766,1.19722,2.77156
-2.41796,0.807606,1.19805,2.76706
-2.41829,0.806446,1.19888,2.76256
-2.41862,0.805285,1.19972,2.75806
-2.43484,0.722642,1.25725,2.44632
-2.43498,0.721396,1.25808,2.4418
-2.43513,0.720149,1.25891,2.43729
-2.42412,0.635685,1.31047,1.99397
-2.42388,0.635677,1.31051,1.99203
-2.42364,0.635674,1.31055,1.9901
-2.4234,0.635674,1.31059,1.98819
-2.42316,0.635677,1.31062,1.98631
-2.41252,0.629395,1.31695,1.88642
-2.41248,0.62886,1.31717,1.88486
-2.41244,0.628304,1.31739,1.8833
-2.42061,0.549371,1.33787,1.75737
-2.42085,0.547763,1.33822,1.75513
-2.44081,0.391622,1.37004,1.52015
-2.441,0.38973,1.37041,1.5171
-2.44118,0.387836,1.37078,1.51404
-2.44137,0.385941,1.37115,1.51098
-2.45484,0.229411,1.40076,1.24669
-2.45499,0.227458,1.40112,1.24329
-2.45514,0.225504,1.40148,1.23988
-2.46331,0.11854,1.42096,1.05573
-2.46348,0.116451,1.42133,1.05221
-2.47828,-0.039817,1.44829,0.792539
-2.47851,-0.042008,1.44866,0.788963
-2.47874,-0.0441999,1.44902,0.785388
-2.49768,-0.19885,1.4743,0.537582
-2.498,-0.201149,1.47467,0.53399
-2.49833,-0.203447,1.47503,0.530399
-2.52531,-0.374052,1.49733,0.218846
-2.52594,-0.393735,1.49918,0.144792
-2.52597,-0.394196,1.49925,0.143341
-2.52602,-0.394668,1.49932,0.141897
-2.52606,-0.395153,1.49939,0.14046
-2.52612,-0.395651,1.49947,0.13903
-2.53832,-0.43595,1.50477,0.080656
-2.53883,-0.437257,1.50492,0.0794527
-2.57594,-0.523982,1.51413,0.0175711
-2.57677,-0.525839,1.51431,0.0164181
-2.62199,-0.625977,1.52418,-0.0444366
-2.62289,-0.627947,1.52437,-0.0456302
-2.62379,-0.629918,1.52456,-0.0468241
-2.66626,-0.722263,1.53361,-0.104021
-2.66717,-0.724214,1.53381,-0.10526
-2.79051,-0.985712,1.56,-0.278563
-2.79144,-0.987639,1.5602,-0.279881
-2.79237,-0.989567,1.5604,-0.2812
-2.7933,-0.991496,1.5606,-0.282519
-2.79423,-0.993425,1.56079,-0.283838
-2.85683,-1.12257,1.57375,-0.371627
-2.85779,-1.12453,1.57395,-0.372961
-2.85876,-1.12649,1.57414,-0.374296
-2.9077,-1.22566,1.58404,-0.44247
-2.90866,-1.22759,1.58423,-0.44381
-2.94856,-1.30714,1.59165,-0.498814
-2.94938,-1.30873,1.59178,-0.499991
-2.9825,-1.37201,1.59694,-0.56366
-2.9827,-1.37239,1.59696,-0.564347
-2.98962,-1.38672,1.59905,-0.589417
-2.98974,-1.38715,1.59912,-0.589506
-2.98986,-1.3876,1.59919,-0.589574
-2.99203,-1.42939,1.60309,-0.567275
-2.99198,-1.43069,1.60319,-0.566236
-2.9863,-1.49575,1.60811,-0.500006
-2.97433,-1.59144,1.61639,-0.357713
-2.97412,-1.59311,1.61654,-0.354781
-2.97391,-1.59478,1.61669,-0.351837
-2.96606,-1.66038,1.62285,-0.225236
-2.95847,-1.73883,1.63056,-0.0494786
-2.95835,-1.74036,1.63071,-0.0458325
-2.95433,-1.84118,1.64054,0.205305
-2.95433,-1.84268,1.64069,0.209131
-2.95434,-1.84418,1.64084,0.212959
-2.9569,-1.91932,1.6481,0.405459
-2.957,-1.92083,1.64824,0.409331
-2.96384,-1.99269,1.65507,0.591391
-2.96403,-1.99423,1.65521,0.595255
-2.97595,-2.07367,1.66233,0.792386
-2.97623,-2.07528,1.66247,0.796238
-3.00821,-2.18155,1.66815,1.14421
-3.00846,-2.18166,1.66814,1.14606
-3.02177,-2.18759,1.66941,1.22437
-3.02205,-2.18799,1.66949,1.22513
-3.02233,-2.18841,1.66958,1.22586
-3.02262,-2.18886,1.66966,1.22657
-3.02291,-2.18932,1.66975,1.22725
-3.04821,-2.24381,1.67643,1.22406
-3.04884,-2.24527,1.67657,1.22327
-3.04947,-2.24675,1.67671,1.22244
-3.08474,-2.33235,1.6834,1.15017
-3.08544,-2.33416,1.68352,1.14822
-3.1252,-2.44477,1.69013,1.00678
-3.12583,-2.4467,1.69024,1.00402
-3.15537,-2.53947,1.69537,0.864754
-3.156,-2.54149,1.69547,0.861631
-3.18522,-2.63558,1.70065,0.713779
-3.18586,-2.63764,1.70076,0.710508
-3.21291,-2.72428,1.70557,0.571285
-3.21357,-2.72638,1.70568,0.567929
-3.25556,-2.85363,1.71271,0.36889
-3.25632,-2.85581,1.71283,0.365516
-3.28987,-2.94987,1.71789,0.220279
-3.29068,-2.95207,1.71801,0.216909
-3.32413,-3.04017,1.72282,0.0824148
-3.37349,-3.15812,1.72808,-0.105082
-3.3741,-3.15952,1.72812,-0.107721
-3.3747,-3.1609,1.72816,-0.110344
-3.3967,-3.2165,1.72827,-0.261824
-3.39679,-3.21677,1.72826,-0.263077
-3.39688,-3.21703,1.72825,-0.264316
-3.39912,-3.22356,1.7285,-0.298026
-3.39878,-3.24009,1.73244,-0.330687
-3.39857,-3.24083,1.7326,-0.331556
-3.38131,-3.2775,1.74061,-0.363853
-3.34762,-3.33023,1.75335,-0.400916
-3.34656,-3.33178,1.75374,-0.401979
-3.30969,-3.38411,1.76791,-0.438966
-3.27463,-3.43238,1.78212,-0.475678
-3.23645,-3.48438,1.79782,-0.51767
-3.23525,-3.48601,1.79831,-0.519021
-3.20541,-3.52684,1.81058,-0.553513
-3.16046,-3.58901,1.82895,-0.607802
-3.12926,-3.63272,1.84185,-0.64728
-3.09929,-3.67489,1.85414,-0.68585
-3.06951,-3.71704,1.86626,-0.724664
-3.03195,-3.77047,1.88164,-0.774248
-3.03082,-3.77209,1.8821,-0.775751
-2.98804,-3.83327,1.89967,-0.832884
-2.94918,-3.88905,1.91581,-0.885473
-2.94807,-3.89064,1.91627,-0.886978
-2.90792,-3.94826,1.9327,-0.940948
-2.85498,-4.02987,1.95527,-1.03264
-2.85094,-4.03893,1.95868,-1.05501
-2.85087,-4.03915,1.9588,-1.05578
-2.8508,-4.03937,1.95891,-1.05655
-2.85083,-4.04401,1.96251,-1.08784
-2.85099,-4.04398,1.96261,-1.089
-2.86415,-4.03324,1.96618,-1.13592
-2.89511,-3.99988,1.97003,-1.21249
-2.94136,-3.94771,1.97331,-1.32403
-2.94269,-3.94622,1.97338,-1.32733
-3.00145,-3.88256,1.97594,-1.4759
-3.00297,-3.88095,1.976,-1.47982
-3.06403,-3.81637,1.978,-1.64123
-3.13524,-3.73883,1.98042,-1.83822
-3.13687,-3.73701,1.98048,-1.84284
-3.19991,-3.66379,1.98288,-2.02571
-3.20151,-3.66186,1.98294,-2.03047
-3.23974,-3.61455,1.98456,-2.1456
-3.30561,-3.5266,1.9874,-2.3506
-3.35381,-3.45543,1.98959,-2.50857
-3.35527,-3.45317,1.98966,-2.51352
-3.39074,-3.39618,1.9914,-2.6375
-3.45283,-3.28646,1.99467,-2.87114
-3.52594,-3.05082,1.99797,2.7333
-3.52584,-3.05047,1.99798,2.73294
-3.52573,-3.05012,1.99799,2.7326
-3.5256,-3.04975,1.998,2.73227
-3.52547,-3.04938,1.99802,2.73196
-3.52532,-3.049,1.99803,2.73167
-3.52517,-3.04861,1.99805,2.7314
-3.52499,-3.04821,1.99807,2.73114
-3.52481,-3.0478,1.99809,2.7309
-3.52461,-3.04739,1.9981,2.73067
-3.50113,-3.02523,1.99939,2.7374
-3.50015,-3.02457,1.99943,2.73797
-3.49914,-3.0239,1.99946,2.73856
-3.43709,-2.9895,2.00079,2.78679
-3.43554,-2.98874,2.00081,2.78823
-3.37384,-2.96073,2.00114,2.85327
-3.29653,-2.93039,2.00088,2.95358
-3.29482,-2.92977,2.00087,2.95596
-3.21356,-2.90181,2.00048,3.0751
-3.21181,-2.90123,2.00048,3.07776
-3.10845,-2.86851,2.00016,-3.04603
-3.10664,-2.86796,2.00016,-3.04322
-3.00405,-2.83743,2.00004,-2.88406
-3.00219,-2.83689,2.00003,-2.8812
-3.00033,-2.83635,2.00003,-2.87833
-2.8792,-2.80141,1.99996,-2.69531
-2.87729,-2.80086,1.99996,-2.69245
-2.76758,-2.76902,2.0001,-2.53271
-2.7656,-2.76844,2.0001,-2.5299
-2.76362,-2.76785,2.00011,-2.5271
-2.63415,-2.73747,1.99644,-2.28498
-2.63387,-2.73753,1.99642,-2.28376
-2.63359,-2.73759,1.99639,-2.28256
-2.61964,-2.74137,1.99722,-2.23904
-2.61915,-2.74146,1.99727,-2.23889
-2.61865,-2.74154,1.99731,-2.23877
-2.61813,-2.74164,1.99736,-2.23868
-2.58543,-2.75053,1.99881,-2.26398
-2.5149,-2.78182,1.9982,-2.3941
-2.51354,-2.78248,1.99817,-2.39731
-2.51218,-2.78313,1.99813,-2.40054
-2.45573,-2.80868,1.99606,-2.55412
-2.36455,-2.8377,1.99156,-2.85206
-2.36306,-2.83805,1.99148,-2.8571
-2.36157,-2.83839,1.99141,-2.86216
-2.25031,-2.85731,1.98625,3.05401
-2.24856,-2.85754,1.98618,3.04849
-2.2468,-2.85778,1.98611,3.04297
-2.08788,-2.87718,1.98088,2.57957
-2.08574,-2.87747,1.98082,2.57383
-2.0836,-2.87775,1.98076,2.56808
-1.88162,-2.91311,1.97505,2.05898
-1.71918,-2.96074,1.97042,1.65468
-1.71774,-2.96121,1.97035,1.65009
-1.71633,-2.96168,1.97028,1.64552
-1.71494,-2.96214,1.97022,1.64099
-1.71357,-2.96259,1.97015,1.63648
-1.71223,-2.96303,1.97009,1.63201
-1.64382,-2.98221,1.96585,1.30216
-1.62532,-2.98576,1.96681,1.22272
-1.62476,-2.98563,1.9668,1.22123
-1.62417,-2.98549,1.96678,1.21971
-1.62358,-2.98533,1.96675,1.21817
-1.62297,-2.98515,1.96673,1.21661
-1.62234,-2.98495,1.9667,1.21503
-1.57958,-2.95761,1.96254,1.11995
-1.57834,-2.95663,1.9624,1.11728
-1.51349,-2.90153,1.95498,0.968765
-1.51197,-2.90019,1.95481,0.965012
-1.42954,-2.8274,1.94547,0.735913
-1.42804,-2.82609,1.94529,0.731262
-1.36023,-2.76896,1.93709,0.500547
-1.35886,-2.76783,1.93692,0.495413
-1.30468,-2.72405,1.92953,0.279051
-1.30341,-2.72305,1.92935,0.27364
-1.25213,-2.68142,1.92128,0.0368176
-1.25101,-2.68049,1.92109,0.0312277
-1.19922,-2.63297,1.91141,-0.263638
-1.19834,-2.63204,1.91123,-0.269375
-1.17331,-2.60301,1.90551,-0.44791
-1.14706,-2.56257,1.898,-0.685969
-1.14651,-2.56153,1.89782,-0.691793
-1.12705,-2.51532,1.89012,-0.937068
-1.12333,-2.4299,1.87574,-1.47363
-1.12358,-2.42951,1.87567,-1.47685
-1.12382,-2.42911,1.8756,-1.48003
-1.12406,-2.4287,1.87552,-1.48318
-1.12429,-2.42828,1.87545,-1.48628
-1.12454,-2.39684,1.87191,-1.57853
-1.12428,-2.39571,1.8718,-1.57987
-1.09533,-2.31878,1.86354,-1.59047
-1.09453,-2.31706,1.86334,-1.58962
-1.04789,-2.2275,1.85127,-1.50726
-1.04684,-2.22568,1.85101,-1.50493
-0.990149,-2.13267,1.83713,-1.36092
-0.988981,-2.13084,1.83686,-1.35768
-0.912579,-2.01093,1.81955,-1.13465
-0.91135,-2.00896,1.81928,-1.13088
-0.850695,-1.90953,1.806,-0.941261
-0.849457,-1.90743,1.80573,-0.937314
-0.803042,-1.82606,1.7957,-0.786203
-0.801845,-1.82388,1.79544,-0.78221
-0.743733,-1.71352,1.78228,-0.582016
-0.74261,-1.71128,1.78202,-0.578017
-0.684603,-1.58884,1.76792,-0.362353
-0.683575,-1.58654,1.76766,-0.358372
-0.640776,-1.48386,1.75653,-0.18225
-0.640034,-1.48189,1.75634,-0.178712
-0.610593,-1.3874,1.7464,0.0587507
-0.610533,-1.38703,1.74635,0.0604703
-0.609253,-1.37461,1.74564,0.122636
-0.609185,-1.37422,1.74564,0.124011
-0.60911,-1.37382,1.74565,0.125393
-0.609029,-1.3734,1.74565,0.126784
-0.59907,-1.34197,1.74554,0.191338
-0.571529,-1.25862,1.74472,0.313923
-0.570892,-1.25655,1.74471,0.316951
-0.544479,-1.16619,1.74448,0.45749
-0.543846,-1.16391,1.74449,0.461285
-0.517456,-1.06342,1.74477,0.642216
-0.516895,-1.06113,1.74478,0.646615
-0.495937,-0.967814,1.74489,0.835661
-0.47523,-0.838863,1.7449,1.12434
-0.47497,-0.836718,1.7449,1.12946
-0.474714,-0.834576,1.7449,1.13459
-0.463186,-0.715646,1.74495,1.43787
-0.463038,-0.713691,1.74495,1.44317
-0.456054,-0.612035,1.74485,1.73765
-0.455934,-0.610294,1.74484,1.74304
-0.44911,-0.525803,1.7447,2.02399
-0.448952,-0.52429,1.7447,2.02941
-0.435371,-0.425779,1.74435,2.43829
-0.435282,-0.425089,1.74434,2.44281
-0.435196,-0.42442,1.74433,2.44731
-0.435112,-0.423772,1.74432,2.45178
-0.438035,-0.421284,1.74166,2.79855
-0.438413,-0.421264,1.74158,2.80065
-0.438811,-0.421236,1.74151,2.80274
-0.439229,-0.421201,1.74143,2.80481
-0.528376,-0.405161,1.72983,2.93908
-0.53188,-0.404571,1.72945,2.94226
-0.669936,-0.381547,1.71554,3.05291
-0.671869,-0.381215,1.71535,3.05438
-0.673802,-0.380881,1.71516,3.05586
-0.675735,-0.380548,1.71497,3.05733
-0.822689,-0.354324,1.70029,-3.11251
-0.824587,-0.353977,1.70009,-3.11102
-0.826486,-0.353629,1.6999,-3.10954
-0.828386,-0.353281,1.6997,-3.10805
-0.972742,-0.326897,1.6845,-2.99384
-0.974643,-0.326546,1.6843,-2.99231
-0.976545,-0.326196,1.6841,-2.99079
-1.12033,-0.299606,1.66882,-2.87379
-1.1222,-0.299255,1.66862,-2.87224
-1.12407,-0.298904,1.66842,-2.87069
-1.27499,-0.270447,1.65217,-2.74431
-1.27671,-0.270142,1.65199,-2.74286
-1.27841,-0.269841,1.65182,-2.7414
-1.35766,-0.259298,1.64328,-2.62648
-1.3577,-0.25934,1.64326,-2.62593
-1.35773,-0.259383,1.64324,-2.62539
-1.35775,-0.259426,1.64322,-2.62485
-1.35778,-0.25947,1.6432,-2.62432
-1.36603,-0.258638,1.63744,-2.59384
-1.36655,-0.258462,1.63715,-2.59325
-1.36709,-0.258278,1.63685,-2.59265
-1.42311,-0.237351,1.60751,-2.54479
-1.42443,-0.236841,1.60681,-2.54369
-1.50695,-0.204629,1.56142,-2.46698
-1.50846,-0.204037,1.56055,-2.46541
-1.6386,-0.151977,1.4817,-2.30662
-1.64005,-0.151385,1.4808,-2.30464
-1.64149,-0.150791,1.47989,-2.30265
-1.64294,-0.150198,1.47898,-2.30065
-1.71472,-0.120238,1.43379,-2.19821
-1.8194,-0.0740676,1.36669,-2.03878
-1.82078,-0.0734337,1.3658,-2.03663
-1.82216,-0.0727992,1.36491,-2.03449
-1.82354,-0.0721641,1.36402,-2.03234
-1.91745,-0.0273671,1.30277,-1.88418
-1.9188,-0.0266966,1.30188,-1.88203
-1.92015,-0.0260254,1.30099,-1.87988
-2.00337,0.0164721,1.24713,-1.74795
-2.00462,0.0171243,1.24637,-1.74593
-2.05337,0.0427821,1.21394,-1.64431
-2.05374,0.0430033,1.2136,-1.64292
-2.0541,0.043219,1.21328,-1.64155
-2.06004,0.0484599,1.20477,-1.59572
-2.05883,0.0521627,1.20631,-1.55118
-2.05888,0.0522951,1.20666,-1.55026
-2.05894,0.0524314,1.20703,-1.54932
-2.06248,0.0628531,1.24406,-1.48854
-2.06254,0.0631545,1.24526,-1.48684
-2.06261,0.0841294,1.3275,-1.36921
-2.06255,0.0845984,1.32926,-1.36658
-2.04853,0.15214,1.55293,-0.986035
-2.04838,0.15283,1.5549,-0.982254
-2.04824,0.153522,1.55687,-0.978467
-2.04809,0.154215,1.55885,-0.974675
-2.04794,0.15491,1.56082,-0.970878
-2.03947,0.204479,1.69012,-0.711355
-2.03927,0.206102,1.69402,-0.703284
-2.03651,0.238229,1.7678,-0.548596
-2.03646,0.239106,1.76974,-0.5445
-2.03633,0.278083,1.85276,-0.367508
-2.03637,0.279016,1.85469,-0.363377
-2.0414,0.329712,1.95671,-0.144224
-2.04156,0.330688,1.95864,-0.140085
-2.05163,0.377957,2.04976,0.0575726
-2.0519,0.378929,2.05152,0.0615731
-2.08409,0.454384,2.15698,0.442876
-2.08433,0.454821,2.1572,0.444053
-2.08459,0.45527,2.15742,0.445204
-2.08485,0.45573,2.15763,0.446328
-2.08512,0.456201,2.15785,0.447426
-2.0854,0.456685,2.15806,0.448499
-2.09723,0.47358,2.16306,0.466854
-2.1238,0.506417,2.16784,0.463946
-2.17696,0.569266,2.17229,0.411627
-2.17813,0.570618,2.17235,0.410054
-2.22906,0.628092,2.17475,0.328051
-2.23025,0.629397,2.1748,0.32585
-2.29301,0.695154,2.17722,0.198363
-2.29422,0.696379,2.17727,0.195713
-2.33464,0.736165,2.17883,0.105404
-2.39351,0.791103,2.18124,-0.0293294
-2.39479,0.792256,2.18129,-0.0322448
-2.46685,0.855517,2.18436,-0.194209
-2.4682,0.856669,2.18442,-0.197169
-2.54498,0.921017,2.18763,-0.362612
-2.54637,0.922161,2.18769,-0.365559
-2.54777,0.923306,2.18774,-0.368504
-2.64709,1.00361,2.19156,-0.570548
-2.64855,1.00477,2.19162,-0.573379
-2.65,1.00594,2.19167,-0.576202
-2.72994,1.06233,2.19126,-0.772959
-2.73031,1.06243,2.19123,-0.774521
-2.73067,1.06252,2.1912,-0.776068
-2.74646,1.0679,2.19053,-0.838008
-2.74676,1.06834,2.1905,-0.838266
-2.74706,1.0688,2.19047,-0.838488
-2.77314,1.16222,2.17907,-0.755983
-2.7735,1.16411,2.17878,-0.753555
-2.77385,1.16601,2.17849,-0.751095
-2.79184,1.3044,2.15533,-0.534198
-2.79206,1.30669,2.15493,-0.53013
-2.80675,1.4526,2.12988,-0.254343
-2.80705,1.45507,2.12946,-0.249463
-2.82532,1.5789,2.10931,-0.000976948
-2.82578,1.58148,2.1089,0.00425907
-2.82625,1.58407,2.1085,0.00950082
-2.87277,1.77739,2.07894,0.407216
-2.87356,1.77999,2.07854,0.412678
-2.87435,1.78258,2.07815,0.41814
-2.91564,1.90243,2.0597,0.676569
-2.9166,1.90495,2.05931,0.682096
-2.99295,2.07523,2.03157,1.07077
-2.99415,2.07755,2.03117,1.07632
-3.03799,2.15529,2.0182,1.27057
-3.03917,2.15716,2.0179,1.27569
-3.13589,2.22891,2.00089,1.81903
-3.13601,2.22888,2.00089,1.81948
-3.13624,2.22881,2.00089,1.82035
-3.13635,2.22878,2.00089,1.82077
-3.13646,2.22875,2.00089,1.82119
-3.13657,2.22872,2.00089,1.82159
-3.13668,2.22869,2.00089,1.82198
-3.13679,2.22866,2.00089,1.82237
-3.13689,2.22863,2.00089,1.82275
-3.14126,2.23456,1.99859,1.84591
-3.14128,2.23504,1.99844,1.84653
-3.13276,2.2921,1.98257,1.89875
-3.13245,2.29354,1.98219,1.9
-3.13212,2.295,1.98181,1.90125
-3.10457,2.40113,1.95384,2.00347
-3.10409,2.40284,1.95337,2.00533
-3.07903,2.48968,1.92935,2.10816
-3.07854,2.49137,1.92887,2.11031
-3.06105,2.55152,1.91166,2.19031
-3.06056,2.55317,1.91118,2.19259
-3.03694,2.63299,1.88783,2.30703
-3.03646,2.6346,1.88736,2.3094
-3.01239,2.71237,1.8641,2.42706
-3.01189,2.71394,1.86362,2.42948
-2.9894,2.78251,1.84283,2.53606
-2.98888,2.78405,1.84236,2.53848
-2.97409,2.82685,1.82922,2.60631
-2.95645,2.87551,1.81416,2.68384
-2.93686,2.92706,1.79812,2.7662
-2.93628,2.92857,1.79765,2.76861
-2.91626,2.97956,1.78252,2.85143
-2.89776,3.02336,1.76623,2.97259
-2.89767,3.02347,1.76612,2.97383
-2.89758,3.02358,1.76601,2.97507
-2.89263,3.02602,1.76233,3.02789
-2.89237,3.02622,1.76228,3.02872
-2.84882,3.05979,1.75982,3.07024
-2.84761,3.06071,1.75977,3.07087
-2.75754,3.12853,1.75545,3.10799
-2.75601,3.12968,1.75536,3.10856
-2.75447,3.13083,1.75527,3.10912
-2.63385,3.21975,1.74805,-3.1312
-2.63229,3.22089,1.74796,-3.13064
-2.63073,3.22203,1.74786,-3.13008
-2.50174,3.31628,1.74049,-3.08313
-2.50015,3.31744,1.74041,-3.08255
-2.49857,3.3186,1.74032,-3.08197
-2.38318,3.40273,1.73415,-3.03873
-2.38159,3.40389,1.73407,-3.03813
-2.38,3.40505,1.73398,-3.03753
-2.29738,3.46515,1.7296,-3.00618
-2.20561,3.53175,1.72477,-2.97117
-2.20406,3.53287,1.72469,-2.97058
-2.20252,3.53398,1.72462,-2.97
-2.20098,3.5351,1.72454,-2.96942
-2.11519,3.59404,1.71683,-2.91713
-2.11514,3.59403,1.71683,-2.91694
-2.11509,3.59402,1.71683,-2.91676
-2.11504,3.59401,1.71683,-2.91658
-2.115,3.594,1.71683,-2.9164
-2.11496,3.59399,1.71683,-2.91622
-2.0933,3.6032,1.71974,-2.91035
-2.09238,3.60361,1.71983,-2.91042
-1.95479,3.66074,1.72819,-2.93514
-1.95295,3.66148,1.72827,-2.93559
-1.95112,3.66223,1.72835,-2.93605
-1.94928,3.66297,1.72843,-2.93651
-1.94008,3.66671,1.72882,-2.93886
-1.80247,3.72322,1.73454,-2.98098
-1.80061,3.72399,1.73462,-2.98162
-1.79875,3.72476,1.7347,-2.98226
-1.64979,3.78689,1.74141,-3.03651
-1.64794,3.78767,1.74149,-3.03721
-1.64609,3.78845,1.74158,-3.03792
-1.50184,3.84903,1.74842,-3.09266
-1.49996,3.84982,1.74851,-3.09337
-1.49809,3.85061,1.7486,-3.09409
-1.35757,3.90964,1.75532,3.13579
-1.3557,3.91043,1.75541,3.13508
-1.35383,3.91121,1.7555,3.13437
-1.22626,3.9645,1.76086,3.08492
-1.22509,3.96501,1.76088,3.08437
-1.22393,3.9655,1.7609,3.08382
-1.18521,3.98423,1.76052,3.05347
-1.18509,3.98431,1.76051,3.0532
-1.18497,3.98439,1.76051,3.05293
-1.18274,3.98642,1.7607,3.04366
-1.18272,3.98645,1.76071,3.04352
-1.17826,3.99305,1.75771,3.03683
-1.17807,3.99347,1.75746,3.03673
-1.17787,3.99391,1.75721,3.03663
-1.17027,4.04723,1.72854,3.02955
-1.17024,4.04861,1.7278,3.02939
-1.17397,4.13975,1.67735,3.01918
-1.1741,4.14148,1.67637,3.01898
-1.17424,4.14321,1.67538,3.01877
-1.1837,4.25338,1.61133,3.00476
-1.18385,4.25513,1.6103,3.00452
-1.19333,4.36546,1.5455,2.98896
-1.19348,4.36722,1.54447,2.9887
-1.20087,4.45884,1.49142,2.97533
-1.20101,4.4606,1.49041,2.97507
-1.20115,4.46236,1.48939,2.97481
-1.20882,4.56069,1.43303,2.9603
-1.20896,4.56244,1.43203,2.96004
-1.21699,4.6657,1.37269,2.94475
-1.21712,4.66747,1.37168,2.94449
-1.22835,4.80684,1.29484,2.92384
-1.22846,4.80806,1.29421,2.92363
-1.22857,4.80926,1.29358,2.92342
-1.22868,4.81044,1.29297,2.92322
-1.23024,4.86264,1.26539,2.89801
-1.23001,4.86314,1.26535,2.89725
-1.22976,4.86365,1.26531,2.89647
-1.2295,4.86418,1.26528,2.89566
-1.22922,4.86473,1.26524,2.89481
-1.19969,4.90557,1.26479,2.83048
-1.19861,4.90687,1.2648,2.8283
-1.1064,5.00811,1.2651,2.62916
-0.997872,5.12015,1.26523,2.35509
-0.995978,5.12202,1.26523,2.35013
-0.994079,5.12388,1.26523,2.34515
-0.992176,5.12575,1.26523,2.34017
-0.871465,5.23366,1.26513,2.02303
-0.869342,5.23538,1.26513,2.01748
-0.749465,5.32339,1.26521,1.71063
-0.747176,5.32489,1.26522,1.70484
-0.744886,5.32638,1.26522,1.69904
-0.65493,5.38061,1.26535,1.47077
-0.559789,5.43001,1.26535,1.22692
-0.557466,5.43113,1.26535,1.22094
-0.495118,5.4592,1.26535,1.05905
-0.432311,5.48406,1.26557,0.890674
-0.357763,5.51019,1.26593,0.679879
-0.235226,5.5228,1.26694,0.130859
-0.234849,5.52259,1.26691,0.127612
-0.23446,5.52237,1.26688,0.124396
-0.234058,5.52215,1.26684,0.121211
-0.233642,5.52192,1.2668,0.11806
-0.186462,5.50166,1.26116,-0.000835077
-0.185109,5.50112,1.261,-0.00216949
-0.0805483,5.46202,1.25098,-0.0279242
-0.078732,5.46139,1.25082,-0.0275289
-0.0769133,5.46075,1.25067,-0.0271121
0.0595083,5.41794,1.23942,0.0487153
0.0613873,5.41741,1.23927,0.0502223
0.0632661,5.41689,1.23912,0.0517384
0.174648,5.38782,1.2299,0.155089
0.176495,5.38736,1.22974,0.156965
0.290559,5.36036,1.21989,0.277538
0.292367,5.35994,1.21974,0.27952
0.294175,5.35952,1.21958,0.281502
0.387823,5.33771,1.21124,0.385124
0.389624,5.33729,1.21108,0.387116
0.477444,5.31649,1.20324,0.48446
0.47923,5.31606,1.20308,0.486435
0.55149,5.29849,1.19663,0.566813
0.553225,5.29806,1.19647,0.568749
0.664283,5.27365,1.18634,0.743259
0.664358,5.27366,1.18632,0.744083
0.664426,5.27368,1.18629,0.744898
0.664489,5.2737,1.18627,0.745704
0.664547,5.27372,1.18624,0.746501
0.665315,5.27477,1.18556,0.771414
0.682439,5.26742,1.18287,0.785619
0.68327,5.26702,1.18276,0.785786
0.743955,5.23549,1.17531,0.783015
0.7455,5.23465,1.17513,0.782748
0.830009,5.18784,1.16499,0.760568
0.831787,5.18684,1.16477,0.75997
0.915771,5.13964,1.15441,0.727071
0.917564,5.13863,1.15419,0.726284
0.980629,5.10295,1.14628,0.697078
1.06733,5.05334,1.13552,0.653583
1.07095,5.05125,1.13507,0.651719
1.17441,4.9912,1.12221,0.597665
1.17622,4.99014,1.12199,0.596709
1.17804,4.98908,1.12177,0.595752
1.26467,4.93828,1.11104,0.549937
1.26647,4.93722,1.11082,0.548986
1.3526,4.88632,1.1001,0.503439
1.3544,4.88526,1.09988,0.502493
1.46271,4.82094,1.08647,0.446237
1.46447,4.8199,1.08626,0.445341
1.5409,4.77323,1.0778,0.398565
1.54157,4.77278,1.07772,0.397948
1.56124,4.75837,1.07503,0.367074
1.5613,4.7583,1.07502,0.36679
1.56135,4.75824,1.075,0.36651
1.56591,4.75153,1.07508,0.355946
1.56612,4.75114,1.07512,0.35589
1.56633,4.75073,1.07516,0.355841
1.58133,4.6763,1.08365,0.369045
1.58151,4.67467,1.08384,0.369476
1.58168,4.67303,1.08403,0.369914
1.58788,4.59451,1.09328,0.394765
1.59224,4.50489,1.10436,0.43204
1.59232,4.50302,1.1046,0.432905
1.59551,4.40856,1.11663,0.479519
1.59556,4.40667,1.11687,0.480501
1.59899,4.28684,1.13222,0.545835
1.59903,4.28499,1.13245,0.54688
1.59908,4.28313,1.13269,0.547925
1.60159,4.17371,1.14673,0.610179
1.60162,4.17184,1.14696,0.611241
1.60344,4.07619,1.15914,0.665451
1.60347,4.07432,1.15938,0.666513
1.60369,4.06118,1.16105,0.673941
1.605,3.97847,1.17153,0.720644
1.60502,3.97658,1.17177,0.721706
1.60516,3.83306,1.18726,0.817793
1.60513,3.8327,1.18729,0.818377
1.60509,3.83235,1.18732,0.818956
1.60506,3.83202,1.18734,0.819529
1.60431,3.82107,1.18938,0.843653
1.60443,3.82069,1.18947,0.843987
1.6311,3.77252,1.19665,0.856218
1.63192,3.77126,1.19681,0.856317
1.63275,3.77,1.19697,0.856412
1.68821,3.69118,1.20625,0.856775
1.68936,3.6896,1.20643,0.856706
1.7558,3.59969,1.21687,0.849768
1.75701,3.59806,1.21706,0.849601
1.82093,3.51198,1.227,0.839509
1.82213,3.51037,1.22719,0.839303
1.87213,3.44311,1.23495,0.830289
1.87333,3.44151,1.23514,0.830069
1.92625,3.37035,1.24327,0.820321
1.92745,3.36872,1.24346,0.820099
1.99847,3.27326,1.25441,0.807049
1.99968,3.27163,1.25459,0.806829
2.06154,3.18843,1.26403,0.795732
2.06274,3.18681,1.26422,0.795516
2.13435,3.09042,1.27494,0.782928
2.13544,3.08894,1.27509,0.782732
2.13652,3.08748,1.27524,0.782538
2.19027,3.01508,1.2806,0.766022
2.19048,3.01488,1.28045,0.765784
2.1907,3.01467,1.2803,0.765536
2.19093,3.01446,1.28012,0.765278
2.23402,2.99873,1.23892,0.717949
2.23512,2.99849,1.23786,0.716696
2.23623,2.99825,1.23678,0.715425
2.29434,2.98793,1.17988,0.6426
2.29717,2.9875,1.17706,0.638712
2.38192,2.97465,1.08954