-2.76773e-11,2.48133e-11,0.13,-1.01303e-17
-3.88685e-11,1.15919e-11,0.13,-1.23036e-17
-2.76773e-11,2.48133e-11,0.13,-1.50309e-17
-3.88685e-11,1.15919e-11,0.13,-1.71984e-17
-2.76773e-11,2.48133e-11,0.13,-1.99202e-17
-3.88685e-11,1.15919e-11,0.13,-2.20865e-17
-2.76773e-11,2.48133e-11,0.13,-2.47805e-17
-3.88685e-11,1.15919e-11,0.13,-2.69809e-17
-2.76773e-11,2.48133e-11,0.13,-2.96686e-17
-3.88685e-11,1.15919e-11,0.13,-3.18547e-17
-2.76773e-11,2.48133e-11,0.13,-3.45099e-17
-3.88685e-11,1.15919e-11,0.13,-3.66886e-17
-2.76773e-11,2.48133e-11,0.13,-3.93338e-17
-3.88685e-11,1.15919e-11,0.13,-4.15152e-17
-2.76773e-11,2.48133e-11,0.13,-4.42045e-17
-3.88685e-11,1.15919e-11,0.13,-4.64049e-17
-2.76773e-11,2.48133e-11,0.13,-4.90637e-17
-3.88686e-11,1.15919e-11,0.13,-5.12411e-17
-2.76773e-11,2.48133e-11,0.13,-5.31525e-17
0.0089349,2.18506e-06,0.207453,-4.23055e-07
0.0511753,3.37744e-05,0.351422,6.23872e-06
0.0902932,0.000124865,0.484104,9.54739e-06
0.116505,0.000264448,0.613438,7.69909e-06
0.125573,4.58987e-05,0.710142,-0.0115571
0.125567,-0.00257782,0.772687,-0.0429101
0.123114,-0.00703689,0.807644,-0.0834799
0.121577,-0.0123828,0.823086,-0.126353
0.121863,-0.0183112,0.828327,-0.179175
0.122801,-0.0241632,0.827842,-0.223826
0.123621,-0.0373825,0.822378,-0.316549
0.122889,-0.0463457,0.817167,-0.383704
0.121531,-0.0541215,0.814167,-0.455305
0.119117,-0.0629928,0.811826,-0.529506
0.112564,-0.0761013,0.808988,-0.63796
0.108432,-0.081806,0.807755,-0.690489
0.101907,-0.0895884,0.808093,-0.776629
0.0882712,-0.103777,0.807874,-0.919967
0.0879122,-0.104071,0.807856,-0.923177
0.0743512,-0.113327,0.807455,-1.04249
0.0627504,-0.12036,0.808306,-1.14992
0.0623417,-0.1206,0.808312,-1.15328
0.0400786,-0.129748,0.807436,-1.32016
0.0397019,-0.129846,0.807419,-1.32298
0.012596,-0.135507,0.808391,-1.534
0.0121266,-0.135549,0.808375,-1.53726
0.0116581,-0.135589,0.808358,-1.54051
-0.0134516,-0.134767,0.808366,-1.73066
-0.013872,-0.134736,0.808383,-1.73398
-0.0430438,-0.128753,0.807522,-1.94492
-0.0434138,-0.128611,0.807489,-1.94774
-0.0437804,-0.128469,0.807455,-1.95055
-0.0658059,-0.118932,0.808375,-2.13394
-0.066229,-0.118713,0.808367,-2.13723
-0.0901464,-0.101044,0.808293,-2.35722
-0.0904641,-0.100775,0.808313,-2.3605
-0.0907857,-0.100503,0.808332,-2.36379
-0.11193,-0.0765986,0.807422,-2.59042
-0.112124,-0.0762829,0.807448,-2.59325
-0.112315,-0.0759691,0.807481,-2.59611
-0.127569,-0.0469818,0.808047,-2.84034
-0.127709,-0.046566,0.808021,-2.8434
-0.127847,-0.0461522,0.807994,-2.84643
-0.327537,-0.219477,0.799563,-3.04588
-0.333497,-0.224734,0.79915,-3.04728
-0.339432,-0.229986,0.798753,-3.04869
-0.345337,-0.23523,0.798372,-3.05009
-0.632851,-0.501356,0.804713,3.13713
-0.632843,-0.501285,0.804712,3.13705
-0.632836,-0.501216,0.804711,3.13697
-0.632829,-0.501148,0.804709,3.1369
-0.632821,-0.501081,0.804707,3.13683
-0.632814,-0.501015,0.804704,3.13676
-0.632807,-0.50095,0.8047,3.13669
-0.633099,-0.499606,0.803039,3.13819
-0.633101,-0.499609,0.803034,3.13823
-0.633102,-0.499612,0.803029,3.13826
-0.633104,-0.499614,0.803025,3.13829
-0.633105,-0.499617,0.80302,3.13832
-0.633107,-0.49962,0.803016,3.13836
-0.633134,-0.499775,0.802871,3.14033
-0.633134,-0.499777,0.802871,3.14035
-0.633133,-0.499779,0.80287,3.14037
-0.758127,-0.499204,0.846617,-3.09182
-0.760475,-0.499204,0.847272,-3.09026
-0.76282,-0.499202,0.847927,-3.08868
-0.765163,-0.4992,0.848583,-3.08708
-0.767502,-0.499197,0.84924,-3.08544
-0.769837,-0.499193,0.849896,-3.08378
-0.944335,-0.494541,0.900169,-2.86077
-0.946176,-0.494478,0.900677,-2.85731
-1.09114,-0.495114,0.938201,-2.52758
-1.09277,-0.495164,0.938623,-2.52323
-1.09439,-0.495214,0.939044,-2.51888
-1.09601,-0.495264,0.939465,-2.51452
-1.09762,-0.495314,0.939885,-2.51016
-1.21136,-0.496003,0.97123,-2.16595
-1.21276,-0.495952,0.971641,-2.1613
-1.21415,-0.495899,0.972052,-2.15666
-1.21554,-0.495844,0.972463,-2.152
-1.33269,-0.481259,1.00916,-1.7365
-1.33399,-0.480968,1.00958,-1.73173
-1.33528,-0.480674,1.01001,-1.72696
-1.42,-0.454212,1.03834,-1.40669
-1.42124,-0.453715,1.03875,-1.40194
-1.42248,-0.453216,1.03917,-1.39719
-1.49413,-0.403717,1.06277,-0.960395
-1.49406,-0.403451,1.06279,-0.958059
-1.49398,-0.403187,1.06281,-0.955746
-1.4939,-0.402926,1.06282,-0.953457
-1.49382,-0.402667,1.06284,-0.95119
-1.48989,-0.389097,1.06411,-0.859481
-1.48998,-0.388658,1.06412,-0.858382
-1.50124,-0.356018,1.06295,-0.838731
-1.50167,-0.354834,1.06287,-0.838854
-1.52589,-0.285653,1.05602,-0.876113
-1.52646,-0.28399,1.05581,-0.877517
-1.56336,-0.182098,1.04086,-0.996033
-1.56405,-0.180344,1.04058,-0.998538
-1.6078,-0.0777489,1.02374,-1.16552
-1.60859,-0.0760027,1.02345,-1.16861
-1.66478,0.0428917,1.00464,-1.38622
-1.66566,0.0447184,1.00436,-1.38958
-1.71573,0.149105,0.989048,-1.58036
-1.71664,0.151009,0.988778,-1.58378
-1.71755,0.152914,0.988508,-1.58721
-1.76117,0.245804,0.975602,-1.75223
-1.76208,0.247774,0.975334,-1.75568
-1.76299,0.249746,0.975066,-1.75913
-1.81951,0.376648,0.95856,-1.97271
-1.8204,0.378739,0.958291,-1.97615
-1.8953,0.55417,0.935325,-2.31616
-1.89554,0.554568,0.93525,-2.31785
-1.89578,0.554955,0.935178,-2.31952
-1.89602,0.555334,0.935107,-2.32118
-1.89626,0.555704,0.935038,-2.32282
-1.91382,0.58756,0.93923,-2.39383
-1.91423,0.588432,0.939461,-2.39383
-1.91466,0.589319,0.939696,-2.3938
-1.95735,0.67138,0.963924,-2.32731
-1.9581,0.672789,0.964373,-2.32544
-1.95885,0.6742,0.964825,-2.32355
-2.01176,0.781701,1.00204,-2.13014
-2.01241,0.783178,1.00256,-2.12696
-2.01306,0.784654,1.00308,-2.12376
-2.06103,0.911768,1.04738,-1.81924
-2.06151,0.913276,1.04789,-1.81546
-2.06199,0.914786,1.04841,-1.81168
-2.06247,0.916299,1.04892,-1.80789
-2.09184,1.01768,1.08181,-1.56008
-2.09229,1.01933,1.08232,-1.55614
-2.12541,1.14836,1.12037,-1.26227
-2.12586,1.15017,1.12088,-1.25829
-2.12631,1.15199,1.12139,-1.2543
-2.15726,1.27637,1.155,-0.991416
-2.15775,1.2783,1.1555,-0.987489
-2.15824,1.28023,1.15599,-0.983567
-2.18329,1.41785,1.18231,-0.622657
-2.1832,1.41816,1.18232,-0.621037
-2.1831,1.41845,1.18234,-0.619435
-2.18301,1.41874,1.18235,-0.617851
-2.18291,1.41903,1.18236,-0.616285
-2.18484,1.4406,1.18941,-0.553986
-2.1853,1.44122,1.18967,-0.554012
-2.18577,1.44185,1.18994,-0.554073
-2.26268,1.51378,1.21814,-0.655664
-2.26407,1.51488,1.21857,-0.658193
-2.26546,1.51599,1.219,-0.66075
-2.38576,1.59778,1.25285,-0.920564
-2.38749,1.59884,1.2533,-0.924658
-2.38923,1.5999,1.25375,-0.928766
-2.52092,1.67886,1.28642,-1.25128
-2.52285,1.68003,1.28688,-1.25605
-2.52478,1.68119,1.28734,-1.26082
-2.6551,1.76501,1.3176,-1.58449
-2.65712,1.76638,1.31806,-1.5895
-2.65913,1.76776,1.31852,-1.59451
-2.80169,1.87379,1.35082,-1.94973
-2.80372,1.87544,1.35128,-1.95484
-2.80575,1.87709,1.35175,-1.95996
-2.97326,2.03086,1.39086,-2.40296
-2.97505,2.0327,1.39127,-2.40792
-2.97682,2.03454,1.39168,-2.41287
-3.07551,2.16075,1.41401,-2.82932
-3.07572,2.16117,1.41403,-2.83173
-3.07592,2.16159,1.41406,-2.83411
-3.07611,2.16199,1.41408,-2.83647
-3.0763,2.16239,1.4141,-2.8388
-3.08563,2.17976,1.42118,-2.94653
-3.08597,2.18004,1.42157,-2.94855
-3.13183,2.18715,1.47574,-3.11911
-3.13274,2.18707,1.47695,-3.12232
-3.13366,2.18699,1.47817,-3.12555
-3.19242,2.17606,1.56757,2.91707
-3.19328,2.17584,1.56912,2.91273
-3.24658,2.15913,1.68436,2.56381
-3.24718,2.15889,1.68595,2.55866
-3.27445,2.14434,1.77169,2.27053
-3.27486,2.14402,1.77327,2.26504
-3.27526,2.14371,1.77485,2.25955
-3.27567,2.14339,1.77642,2.25406
-3.29354,2.11977,1.8664,1.93013
-3.29376,2.11927,1.86782,1.92459
-3.27863,2.07703,1.94606,1.40404
-3.27833,2.07692,1.94611,1.4016
-3.27803,2.0768,1.94615,1.39918
-3.27773,2.07669,1.9462,1.39679
-3.27743,2.07658,1.94623,1.39442
-3.26934,2.0564,1.94176,1.24751
-3.26967,2.05565,1.94148,1.24589
-3.27001,2.0549,1.94119,1.24427
-3.32724,1.96088,1.89504,1.10482
-3.32816,1.95947,1.89425,1.1029
-3.32908,1.95806,1.89346,1.10099
-3.33001,1.95664,1.89266,1.09906
-3.39512,1.85511,1.83307,0.955614
-3.39607,1.85361,1.83218,0.953406
-3.39701,1.85212,1.83129,0.951195
-3.46657,1.73959,1.76596,0.780151
-3.46752,1.73804,1.76509,0.777765
-3.46847,1.7365,1.76422,0.775376
-3.54665,1.61023,1.69562,0.581925
-3.54767,1.6086,1.69476,0.579435
-3.54869,1.60696,1.69389,0.576945
-3.62504,1.486,1.63056,0.392427
-3.62608,1.48436,1.6297,0.389926
-3.62713,1.48272,1.62885,0.387425
-3.68853,1.38823,1.58088,0.245755
-3.73563,1.31572,1.54663,0.124707
-3.73611,1.31489,1.54623,0.122942
-3.73656,1.31408,1.54583,0.121191
-3.73701,1.31327,1.54544,0.119454
-3.75212,1.2741,1.53332,-0.0159606
-3.75126,1.25658,1.53392,-0.0367588
-3.75102,1.25582,1.53394,-0.0374674
-3.75076,1.25505,1.53396,-0.0381927
-3.75049,1.25426,1.53398,-0.0389348
-3.75021,1.25345,1.534,-0.0396934
-3.74991,1.25262,1.53403,-0.0404681
-3.7496,1.25177,1.53405,-0.0412589
-3.74927,1.2509,1.53407,-0.0420669
-3.74893,1.25001,1.5341,-0.0428928
-3.69412,1.14438,1.54073,-0.147654
-3.6931,1.14257,1.54089,-0.149665
-3.69208,1.14075,1.54105,-0.15169
-3.61114,0.995412,1.55626,-0.338012
-3.61008,0.993466,1.55649,-0.340813
-3.60902,0.991519,1.55671,-0.343621
-3.53471,0.847968,1.57273,-0.562122
-3.53376,0.846013,1.57295,-0.565255
-3.53282,0.844059,1.57317,-0.56839
-3.47644,0.723553,1.58607,-0.765476
-3.47557,0.721623,1.58628,-0.768695
-3.4747,0.719692,1.58648,-0.771916
-3.41821,0.590646,1.60027,-0.989415
-3.4174,0.588741,1.60048,-0.992673
-3.41659,0.586836,1.60068,-0.99593
-3.37686,0.492103,1.61127,-1.16173
-3.37611,0.490294,1.61148,-1.16498
-3.33715,0.394869,1.62198,-1.33828
-3.3366,0.393381,1.62213,-1.34118
-3.32235,0.345268,1.62792,-1.46518
-3.32228,0.344783,1.62799,-1.46722
-3.3143,0.326953,1.62941,-1.56717
-3.31368,0.326762,1.62934,-1.56764
-3.31303,0.326574,1.62927,-1.56808
-3.19572,0.322897,1.61649,-1.51189
-3.19365,0.322972,1.61626,-1.51013
-3.19157,0.323048,1.61603,-1.50835
-3.04015,0.330202,1.59875,-1.34522
-3.03783,0.330327,1.59849,-1.34232
-3.03551,0.330453,1.59822,-1.33941
-2.89023,0.341022,1.58195,-1.14254
-2.74864,0.35753,1.56647,-0.933338
-2.74626,0.357863,1.56621,-0.929771
-2.74389,0.358199,1.56595,-0.926203
-2.74151,0.358536,1.5657,-0.922634
-2.58347,0.385003,1.54831,-0.680163
-2.58113,0.38545,1.54805,-0.676525
-2.57879,0.385897,1.54779,-0.672888
-2.44112,0.415338,1.53228,-0.451865
-2.4389,0.415843,1.53202,-0.448255
-2.31024,0.447623,1.5172,-0.234738
-2.30829,0.448166,1.51698,-0.231394
-2.30636,0.448709,1.51677,-0.228063
-2.21842,0.489213,1.50627,0.0390172
-2.21836,0.489386,1.50624,0.0402825
-2.21831,0.489558,1.50621,0.0415326
-2.21826,0.489729,1.50618,0.0427675
-2.21274,0.495244,1.50043,0.0986078
-2.21244,0.495105,1.50013,0.0993653
-2.21213,0.494952,1.49981,0.100118
-2.1855,0.459291,1.46643,0.137526
-2.18493,0.458224,1.46561,0.13811
-2.13577,0.352759,1.3876,0.180984
-2.13449,0.349802,1.38541,0.182036
-2.13384,0.348321,1.3843,0.182562
-2.09156,0.250099,1.311,0.217574
-2.09093,0.248627,1.30989,0.218112
-2.0903,0.247155,1.30879,0.218651
-2.03267,0.109724,1.20678,0.270167
-2.03205,0.108231,1.20568,0.270735
-2.03143,0.106738,1.20459,0.271304
-2.03081,0.105245,1.2035,0.271873
-1.9641,-0.0563265,1.0855,0.334727
-1.96349,-0.0578206,1.08441,0.335312
-1.96288,-0.0593156,1.08332,0.335897
-1.96227,-0.0608115,1.08223,0.336482
-1.90838,-0.190125,0.991063,0.389705
-1.90802,-0.190933,0.990487,0.390151
-1.90767,-0.191725,0.98992,0.390593
-1.90732,-0.1925,0.989362,0.391033
-1.89672,-0.21581,0.969703,0.412932
-1.89669,-0.215892,0.969595,0.413173
-1.89667,-0.21597,0.969491,0.41341
-1.89746,-0.216634,0.968012,0.42344
-1.89749,-0.216622,0.968033,0.423547
-1.89752,-0.216609,0.968055,0.423653
-1.88431,-0.230241,0.970015,0.413852
-1.88357,-0.230796,0.970104,0.413202
-1.88281,-0.231362,0.970195,0.412535
-1.79146,-0.292822,0.984029,0.321079
-1.78977,-0.293942,0.984332,0.31913
-1.78809,-0.295066,0.984638,0.317166
-1.67389,-0.37208,1.00747,0.162877
-1.67208,-0.373329,1.00786,0.160087
-1.55766,-0.455585,1.03313,-0.0339887
-1.55592,-0.456898,1.03352,-0.0372022
-1.55418,-0.458212,1.03391,-0.0404189
-1.47428,-0.520398,1.05211,-0.195675
-1.4726,-0.521739,1.0525,-0.199048
-1.37746,-0.600275,1.07454,-0.397369
-1.37587,-0.601631,1.07491,-0.400818
-1.30743,-0.66076,1.09142,-0.553054
-1.30592,-0.662088,1.09179,-0.556508
-1.2381,-0.721941,1.10923,-0.71581
-1.23665,-0.723228,1.10961,-0.719275
-1.16428,-0.787688,1.12847,-0.894619
-1.16296,-0.788898,1.1288,-0.897938
-1.10531,-0.853121,1.14702,-1.13476
-1.10522,-0.853551,1.14707,-1.13668
-1.10513,-0.853992,1.14712,-1.13858
-1.10504,-0.854444,1.14717,-1.14047
-1.11718,-0.906358,1.14226,-1.22222
-1.11771,-0.907757,1.14207,-1.22327
-1.16069,-1.00769,1.12745,-1.2655
-1.16152,-1.00949,1.12718,-1.26591
-1.20449,-1.10443,1.11286,-1.27778
-1.20531,-1.10627,1.11258,-1.27786
-1.25586,-1.22147,1.09512,-1.2764
-1.25665,-1.2233,1.09485,-1.2763
-1.25744,-1.22513,1.09457,-1.2762
-1.30357,-1.33272,1.07831,-1.26836
-1.30434,-1.33454,1.07803,-1.26821
-1.35364,-1.45061,1.06045,-1.25831
-1.35441,-1.45242,1.06017,-1.25816
-1.35518,-1.45424,1.0599,-1.25801
-1.41696,-1.60041,1.03782,-1.24649
-1.41772,-1.60221,1.03755,-1.24636
-1.41848,-1.604,1.03728,-1.24622
-1.46635,-1.71846,1.02107,-1.23786
-1.46685,-1.71965,1.02092,-1.23777
-1.48518,-1.76211,1.01484,-1.23177
-1.48521,-1.76218,1.01481,-1.23173
-1.48524,-1.76225,1.01479,-1.23168
-1.48526,-1.76231,1.01477,-1.23164
-1.48529,-1.76237,1.01475,-1.2316
-1.48712,-1.76979,1.01495,-1.2265
-1.48719,-1.77027,1.01499,-1.22626
-1.48697,-1.84517,1.02218,-1.19036
-1.48688,-1.84684,1.02237,-1.18947
-1.4868,-1.84851,1.02256,-1.18857
-1.47727,-1.9754,1.04025,-1.10541
-1.4771,-1.97729,1.04054,-1.10394
-1.47693,-1.97918,1.04084,-1.10247
-1.46511,-2.10449,1.06107,-0.992491
-1.46492,-2.10634,1.06138,-0.990719
-1.45159,-2.23363,1.08171,-0.862829
-1.45139,-2.23547,1.082,-0.860919
-1.45119,-2.23731,1.08229,-0.859007
-1.43862,-2.35644,1.10097,-0.733101
-1.43844,-2.35826,1.10125,-0.731159
-1.43825,-2.36008,1.10153,-0.729216
-1.42637,-2.48313,1.12109,-0.595037
-1.42621,-2.48491,1.12137,-0.593097
-1.42605,-2.48669,1.12166,-0.591158
-1.41641,-2.59963,1.13945,-0.466964
-1.41626,-2.60122,1.13968,-0.465168
-1.41093,-2.65697,1.14831,-0.385932
-1.41088,-2.65756,1.14842,-0.384645
-1.41083,-2.65813,1.14852,-0.383369
-1.40946,-2.67013,1.15105,-0.337315
-1.40763,-2.67218,1.15226,-0.307584
-1.40751,-2.67244,1.15228,-0.307413
-1.38326,-2.712,1.14998,-0.337197
-1.38247,-2.71325,1.14988,-0.338539
-1.38168,-2.71451,1.14978,-0.33991
-1.33144,-2.79553,1.14312,-0.449803
-1.33035,-2.7973,1.14298,-0.452605
-1.2775,-2.88638,1.1355,-0.610465
-1.27642,-2.88827,1.13534,-0.614192
-1.23149,-2.97035,1.12831,-0.786372
-1.18798,-3.05904,1.12052,-0.994466
-1.18713,-3.06089,1.12035,-0.999039
-1.15559,-3.13291,1.11388,-1.1849
-1.15486,-3.13465,1.11372,-1.18962
-1.12657,-3.20234,1.10722,-1.3804
-1.12589,-3.20399,1.10706,-1.38521
-1.09743,-3.27253,1.09979,-1.59318
-1.06188,-3.35165,1.09035,-1.86161
-1.06121,-3.35301,1.09018,-1.86652
-1.06055,-3.35436,1.09001,-1.87142
-1.016,-3.43579,1.07931,-2.1908
-1.01543,-3.43679,1.07917,-2.19534
-1.02225,-3.4177,1.07037,-2.71007
-1.02299,-3.41659,1.07037,-2.71136
-1.02374,-3.41546,1.07037,-2.71265
-1.0245,-3.41431,1.07036,-2.71394
-1.02527,-3.41314,1.07036,-2.71524
-1.02606,-3.41196,1.07036,-2.71654
-1.02685,-3.41076,1.07035,-2.71785
-1.02766,-3.40955,1.07035,-2.71915
-1.02848,-3.40832,1.07035,-2.72046
-1.12468,-3.26258,1.07076,-2.85202
-1.12589,-3.26075,1.07077,-2.85367
-1.1271,-3.25892,1.07078,-2.85532
-1.1283,-3.25709,1.07079,-2.85697
-1.23416,-3.09477,1.07221,-3.01373
-1.23536,-3.09289,1.07222,-3.01561
-1.23656,-3.09101,1.07224,-3.0175
-1.23776,-3.08913,1.07225,-3.01939
-1.3638,-2.88535,1.07343,3.05532
-1.36493,-2.88346,1.07345,3.05334
-1.36606,-2.88158,1.07346,3.05137
-1.36718,-2.87969,1.07348,3.04939
-1.50292,-2.6467,1.0748,2.80476
-1.50397,-2.64485,1.07481,2.80285
-1.50502,-2.643,1.07481,2.80095
-1.50606,-2.64116,1.07482,2.79905
-1.5071,-2.63932,1.07483,2.79716
-1.5563,-2.52851,1.07563,2.61294
-1.55627,-2.52844,1.07561,2.61258
-1.55624,-2.52838,1.0756,2.61222
-1.55621,-2.52832,1.07558,2.61187
-1.55617,-2.52826,1.07557,2.61153
-1.55614,-2.5282,1.07555,2.61119
-1.55611,-2.52814,1.07554,2.61085
-1.54718,-2.483,1.08125,2.59183
-1.54678,-2.48177,1.08143,2.59177
-1.54636,-2.48052,1.08161,2.5917
-1.54594,-2.47926,1.0818,2.59164
-1.48089,-2.32915,1.10597,2.59563
-1.48005,-2.32737,1.10627,2.59576
-1.47921,-2.32559,1.10658,2.59588
-1.47836,-2.32381,1.10688,2.59601
-1.40095,-2.16198,1.135,2.61182
-1.40011,-2.16022,1.13531,2.61202
-1.39926,-2.15846,1.13561,2.61223
-1.39842,-2.1567,1.13592,2.61243
-1.32,-1.99236,1.16412,2.6325
-1.31916,-1.9906,1.16442,2.63272
-1.31832,-1.98884,1.16472,2.63294
-1.31748,-1.98708,1.16502,2.63316
-1.23505,-1.81421,1.19454,2.65487
-1.23422,-1.81247,1.19484,2.65509
-1.23339,-1.81072,1.19514,2.65531
-1.23255,-1.80897,1.19544,2.65553
-1.16878,-1.67554,1.21685,2.67288
-1.16832,-1.67458,1.217,2.67304
-1.16786,-1.67365,1.21714,2.6732
-1.15258,-1.64317,1.22213,2.68415
-1.15258,-1.64316,1.22213,2.68421
-1.15288,-1.64347,1.22163,2.68684
-1.15289,-1.64347,1.22162,2.68686
-1.15289,-1.64348,1.22162,2.68688
-1.1529,-1.64348,1.22161,2.6869
-1.1529,-1.64348,1.2216,2.68693
-1.11241,-1.61104,1.22902,2.71961
-1.11127,-1.61028,1.22915,2.72051
-1.11011,-1.60952,1.22929,2.72143
-1.10895,-1.60875,1.22943,2.72235
-1.10777,-1.60797,1.22957,2.72329
-0.961679,-1.52142,1.24301,2.87295
-0.960076,-1.52056,1.24314,2.87493
-0.958472,-1.5197,1.24327,2.87692
-0.956867,-1.51885,1.2434,2.87892
-0.801635,-1.44121,1.25566,3.09169
-0.799992,-1.44043,1.25579,3.09409
-0.798349,-1.43965,1.25592,3.09649
-0.796704,-1.43887,1.25605,3.09889
-0.629349,-1.36292,1.26902,-2.94048
-0.627613,-1.36215,1.26916,-2.93799
-0.625876,-1.36138,1.26929,-2.9355
-0.624138,-1.36062,1.26943,-2.933
-0.450944,-1.28537,1.2824,-2.68914
-0.449133,-1.28459,1.28253,-2.68666
-0.447321,-1.28381,1.28266,-2.68418
-0.445509,-1.28302,1.2828,-2.68171
-0.307991,-1.23711,1.28797,-2.42044
-0.307779,-1.23726,1.28798,-2.4191
-0.307677,-1.23734,1.28799,-2.41844
-0.307576,-1.23741,1.28799,-2.41779
-0.307477,-1.23749,1.28799,-2.41715
-0.30738,-1.23756,1.288,-2.41652
-0.299861,-1.20227,1.30141,-2.38859
-0.299966,-1.20103,1.30173,-2.3887
-0.338406,-1.01614,1.3451,-2.44161
-0.338898,-1.01418,1.34556,-2.44241
-0.339391,-1.01221,1.34602,-2.44322
-0.339884,-1.01025,1.34648,-2.44403
-0.340377,-1.00828,1.34694,-2.44484
-0.34087,-1.00632,1.34739,-2.44566
-0.341362,-1.00436,1.34785,-2.44648
-0.38773,-0.822254,1.39073,-2.53357
-0.388241,-0.820243,1.3912,-2.5346
-0.388754,-0.818231,1.39167,-2.53563
-0.389266,-0.816218,1.39213,-2.53665
-0.432028,-0.647176,1.43129,-2.62497
-0.432535,-0.645151,1.43176,-2.62604
-0.433042,-0.643126,1.43222,-2.6271
-0.480563,-0.451315,1.47594,-2.72751
-0.481056,-0.449306,1.4764,-2.72856
-0.520396,-0.282857,1.5118,-2.82008
-0.520602,-0.281943,1.51198,-2.8208
-0.520803,-0.28105,1.51215,-2.82151
-0.521,-0.280175,1.51233,-2.82222
-0.521193,-0.27932,1.51249,-2.82292
-0.521382,-0.278484,1.51266,-2.82361
-0.525398,-0.213332,1.52102,-2.9138
-0.525159,-0.212018,1.52105,-2.91534
-0.524912,-0.210683,1.52108,-2.91691
-0.524656,-0.209326,1.5211,-2.9185
-0.524392,-0.207947,1.52113,-2.92012
-0.52412,-0.206548,1.52115,-2.92177
-0.463013,0.0226347,1.51534,3.03227
-0.462321,0.0250105,1.51524,3.02822
-0.461628,0.027386,1.51514,3.02416
-0.460934,0.0297612,1.51504,3.02009
-0.361682,0.312902,1.50264,2.47975
-0.360609,0.315339,1.50254,2.47472
-0.359533,0.317772,1.50244,2.46969
-0.358454,0.320202,1.50234,2.46466
-0.243349,0.539511,1.49348,1.97834
-0.241996,0.541719,1.49338,1.97309
-0.240641,0.543924,1.49328,1.96784
-0.239284,0.546126,1.49318,1.96259
-0.237926,0.548325,1.49308,1.95734
-0.112026,0.729388,1.48464,1.48653
-0.110576,0.73125,1.48455,1.48122
-0.109125,0.73311,1.48445,1.47591
-0.107675,0.734966,1.48435,1.47061
0.000237549,0.83814,1.47899,1.01017
0.000634079,0.838193,1.47896,1.00716
0.00102322,0.838237,1.47894,1.00417
0.0247487,0.82459,1.47611,0.807022
0.0249574,0.824387,1.47609,0.805773
0.0250601,0.824287,1.47607,0.805166
0.0251617,0.824188,1.47606,0.804569
0.0252622,0.82409,1.47605,0.803984
0.0253615,0.823993,1.47604,0.803409
0.02204,0.858032,1.47348,0.733758
0.0216529,0.859129,1.4734,0.732541
0.0212564,0.860239,1.47332,0.731309
0.0208507,0.861363,1.47324,0.730063
-0.0370034,0.988944,1.46407,0.573629
-0.0377709,0.990456,1.46395,0.571434
-0.0385397,0.991967,1.46383,0.569229
-0.0393099,0.993478,1.46371,0.567015
-0.104375,1.11414,1.45357,0.366921
-0.105198,1.1156,1.45344,0.364262
-0.106022,1.11706,1.45332,0.3616
-0.170807,1.22603,1.44369,0.150325
-0.171683,1.22742,1.44357,0.147525
-0.17256,1.22881,1.44344,0.144725
-0.239676,1.33062,1.43443,-0.0618942
-0.240623,1.332,1.43431,-0.0647285
-0.24157,1.33338,1.43419,-0.0675626
-0.297366,1.41168,1.42739,-0.229101
-0.298375,1.41305,1.42727,-0.231931
-0.299385,1.41442,1.42714,-0.234762
-0.361138,1.49575,1.4201,-0.401916
-0.362004,1.49685,1.42,-0.404395
-0.408211,1.53404,1.41441,-0.636523
-0.407845,1.5348,1.41457,-0.637233
-0.407637,1.53521,1.41466,-0.637579
-0.407411,1.53562,1.41474,-0.637919
-0.407167,1.53605,1.41483,-0.638254
-0.406904,1.5365,1.41492,-0.638582
-0.406622,1.53695,1.41501,-0.638905
-0.406321,1.53742,1.4151,-0.639222
-0.348642,1.58854,1.42339,-0.6483
-0.246192,1.6622,1.43667,-0.640322
-0.244545,1.66335,1.43689,-0.640111
-0.242898,1.6645,1.43711,-0.639898
-0.24125,1.66566,1.43734,-0.639683
-0.129395,1.74367,1.4528,-0.621489
-0.127748,1.74482,1.45303,-0.621184
-0.126102,1.74596,1.45325,-0.620878
-0.0157838,1.82283,1.46818,-0.599421
-0.0141144,1.824,1.4684,-0.599092
-0.0124437,1.82516,1.46862,-0.598764
0.0923691,1.89821,1.4824,-0.577994
0.0940254,1.89936,1.48263,-0.577666
0.198955,1.97262,1.49637,-0.55712
0.20062,1.97379,1.49659,-0.556796
0.202284,1.97495,1.49681,-0.556472
0.298575,2.04233,1.50924,-0.538038
0.300176,2.04345,1.50943,-0.537738
0.387917,2.10586,1.52037,-0.512621
0.388001,2.10591,1.52038,-0.512517
0.388081,2.10597,1.52038,-0.512414
0.388157,2.10602,1.52039,-0.512313
0.388231,2.10606,1.52039,-0.512213
0.395389,2.11148,1.52104,-0.512926
0.395791,2.11181,1.52105,-0.513214
0.396208,2.11215,1.52105,-0.513517
0.450096,2.15722,1.51952,-0.565474
0.451273,2.15821,1.51947,-0.566819
0.534328,2.23018,1.51515,-0.687135
0.535608,2.23132,1.51507,-0.689368
0.620195,2.30871,1.50956,-0.861786
0.621416,2.30986,1.50948,-0.864567
0.622635,2.31102,1.50939,-0.867352
0.623854,2.31217,1.50931,-0.870142
0.708307,2.39545,1.50308,-1.08073
0.70943,2.39662,1.503,-1.08374
0.71055,2.39779,1.50291,-1.08676
0.792127,2.48776,1.49659,-1.31594
0.793197,2.48901,1.49651,-1.31902
0.794266,2.49026,1.49642,-1.3221
0.872041,2.58551,1.49042,-1.54961
0.873082,2.58684,1.49034,-1.55268
0.874123,2.58818,1.49026,-1.55575
0.933814,2.66721,1.48564,-1.73244
0.934677,2.6684,1.48556,-1.7352
0.967268,2.72567,1.48066,-1.96472
0.967667,2.72551,1.48074,-1.96533
0.968081,2.72534,1.48083,-1.96592
0.96851,2.72514,1.48091,-1.96648
0.968954,2.72493,1.48099,-1.96703
0.969413,2.7247,1.48108,-1.96756
1.02192,2.67922,1.48873,-1.96273
1.02313,2.67802,1.4889,-1.96207
1.12085,2.5775,1.50305,-1.88012
1.23377,2.46122,1.51986,-1.74298
1.23531,2.45968,1.52008,-1.74093
1.23685,2.45813,1.5203,-1.73889
1.2384,2.45658,1.52052,-1.73685
1.23994,2.45504,1.52074,-1.7348
1.34254,2.35424,1.5349,-1.5946
1.3441,2.35274,1.53511,-1.59243
1.34566,2.35124,1.53532,-1.59026
1.447,2.25557,1.54862,-1.45047
1.4486,2.25409,1.54882,-1.44828
1.45019,2.25262,1.54903,-1.4461
1.55357,2.15811,1.56254,-1.30436
1.55676,2.15524,1.56296,-1.30002
1.63113,2.08878,1.57262,-1.19905
1.63267,2.08742,1.57281,-1.19698
1.7186,2.02004,1.58451,-1.04661
1.719,2.0198,1.58459,-1.04544
1.7194,2.01955,1.58467,-1.04427
1.71981,2.0193,1.58476,-1.04312
1.74187,2.00111,1.58809,-1.00243
1.74267,2.00035,1.58818,-1.00148
1.79834,1.9453,1.5948,-0.95664
1.79961,1.94403,1.59498,-0.95584
1.86653,1.87563,1.60539,-0.917352
1.8679,1.87421,1.60563,-0.916602
1.9406,1.79828,1.61875,-0.877224
1.94196,1.79684,1.619,-0.87648
2.01466,1.72004,1.63234,-0.836788
2.01603,1.71859,1.63259,-0.836035
2.08534,1.64538,1.64512,-0.797245
2.08671,1.64394,1.64536,-0.796476
2.16351,1.56284,1.65878,-0.753026
2.16488,1.56139,1.65902,-0.752245
2.16625,1.55995,1.65926,-0.751464
2.24516,1.47676,1.67302,-0.70601
2.24651,1.47533,1.67325,-0.705224
2.3252,1.39238,1.68683,-0.659577
2.32655,1.39097,1.68706,-0.6588
2.41299,1.30404,1.70251,-0.58698
2.41307,1.304,1.70252,-0.586697
2.41315,1.30397,1.70253,-0.586419
2.41322,1.30393,1.70253,-0.586144
2.4133,1.3039,1.70254,-0.585872
2.41337,1.30387,1.70254,-0.585603
2.41759,1.30233,1.703,-0.578042
2.41788,1.30221,1.70301,-0.578071
2.4488,1.29288,1.7024,-0.591828
2.52243,1.27702,1.70067,-0.642293
2.52417,1.27669,1.70064,-0.643696
2.61219,1.26089,1.69926,-0.725781
2.61406,1.26056,1.69923,-0.72775
2.67659,1.24946,1.69836,-0.799828
2.67841,1.24914,1.69834,-0.802075
2.74078,1.23779,1.69735,-0.88412
2.79784,1.22719,1.69626,-0.96619
2.85247,1.21706,1.69504,-1.04878
2.85418,1.21675,1.695,-1.0514
2.90887,1.20687,1.69366,-1.13579
2.96067,1.19794,1.69244,-1.21829
2.98408,1.19424,1.69191,-1.25579
3.03765,1.18625,1.69066,-1.34178
3.10092,1.17787,1.68913,-1.444
3.10257,1.17766,1.68909,-1.44669
3.15829,1.17142,1.68777,-1.53767
3.26495,1.16249,1.68423,-1.76005
3.26531,1.16252,1.68416,-1.76185
3.26567,1.16256,1.68408,-1.76366
3.26603,1.16261,1.684,-1.76547
3.27737,1.17455,1.67684,-1.83996
3.27767,1.17522,1.67651,-1.84224
3.28626,1.20034,1.66502,-1.9109
3.29822,1.24681,1.64355,-2.01783
3.3116,1.31271,1.61201,-2.16696
3.31193,1.3145,1.61114,-2.17111
3.3249,1.3954,1.57218,-2.36242
3.32549,1.39936,1.57033,-2.37187
3.34227,1.50358,1.524,-2.62017
3.34267,1.50574,1.52307,-2.62535
3.36983,1.63176,1.47174,-2.92388
3.37042,1.63408,1.47084,-2.92934
3.42239,1.79979,1.40744,2.96421
3.4233,1.80219,1.40655,2.95858
3.42421,1.80458,1.40565,2.95295
3.49861,1.96873,1.34282,2.55516
3.49983,1.97102,1.34192,2.54945
3.50105,1.97331,1.34103,2.54373
3.62414,2.16063,1.26705,2.03071
3.62529,2.16191,1.26654,2.02588
3.62643,2.16316,1.26604,2.02109
3.71638,2.2548,1.23294,1.5152
3.71688,2.25615,1.2327,1.51255
3.71739,2.25751,1.23245,1.50989
3.7179,2.25889,1.23219,1.50722
3.71841,2.26029,1.23194,1.50453
3.71892,2.2617,1.23168,1.50183
3.71944,2.26312,1.23142,1.49911
3.7697,2.42568,1.2051,1.19354
3.77023,2.42749,1.20481,1.18969
3.77075,2.4293,1.20452,1.18582
3.77128,2.4311,1.20423,1.18194
3.81181,2.57004,1.1805,0.84292
3.81229,2.57165,1.1802,0.838474
3.81277,2.57326,1.1799,0.834022
3.81325,2.57486,1.1796,0.829565
3.8415,2.67322,1.16034,0.536661
3.84189,2.67467,1.16004,0.532002
3.85872,2.74975,1.1439,0.277746
3.85918,2.7525,1.1433,0.268229
3.86693,2.81337,1.1298,0.0528891
3.86704,2.81471,1.1295,0.0480919
3.86832,2.87918,1.11495,-0.187636
3.86826,2.88051,1.11465,-0.192465
3.86185,2.94319,1.10112,-0.42527
3.86169,2.94419,1.10089,-0.429564
3.85006,2.97427,1.091,-0.639582
3.84982,2.97438,1.09089,-0.642482
3.84958,2.97448,1.09078,-0.645357
3.84097,2.97413,1.08837,-0.735705
3.82766,2.9872,1.09287,-0.843787
3.82727,2.98792,1.09308,-0.846532
3.80848,3.0315,1.10455,-0.97448
3.80798,3.03282,1.10488,-0.977983
3.78667,3.0881,1.1183,-1.12465
3.75329,3.16386,1.13586,-1.33405
3.75248,3.16559,1.13624,-1.33891
3.72014,3.23285,1.15057,-1.53168
3.71923,3.23468,1.15095,-1.53697
3.68054,3.31428,1.16654,-1.75994
3.62783,3.43522,1.18796,-2.08056
3.62692,3.43752,1.18835,-2.08641
3.626,3.43983,1.18874,-2.09225
3.55146,3.67753,1.22561,-2.65532
3.55085,3.68024,1.226,-2.66141
3.55024,3.68295,1.22639,-2.6675
3.51573,3.92421,1.25945,3.08874
3.51531,3.93261,1.2605,3.07068
3.51519,3.9354,1.26085,3.06468
3.51507,3.93817,1.26119,3.0587
3.54673,4.11851,1.2782,2.39983
3.54708,4.11886,1.27815,2.39692
3.54725,4.11904,1.27812,2.3955
3.54742,4.11921,1.27809,2.3941
3.54759,4.11938,1.27807,2.39272
3.55252,4.13744,1.28155,2.32132
3.55233,4.1381,1.2817,2.32017
3.55212,4.13878,1.28186,2.31902
3.55189,4.13948,1.28201,2.31786
3.55166,4.1402,1.28217,2.31669
3.49995,4.22832,1.30334,2.20964
3.49892,4.22981,1.30374,2.20788
3.49685,4.2328,1.30455,2.20433
3.40693,4.35651,1.34174,2.03646
3.40582,4.35802,1.34223,2.03414
3.40471,4.35952,1.34271,2.03182
3.32881,4.46401,1.37592,1.86046
3.32775,4.46549,1.37638,1.85792
3.3267,4.46696,1.37684,1.85537
3.25663,4.56512,1.40781,1.68076
3.25561,4.56656,1.40827,1.67812
3.25459,4.56799,1.40872,1.67548
3.19204,4.65411,1.43669,1.51289
3.19101,4.65551,1.43715,1.51021
3.14383,4.71859,1.45827,1.38687
3.14281,4.71993,1.45872,1.38419
3.09991,4.77511,1.47789,1.27182
3.09889,4.7764,1.47833,1.26917
3.06138,4.82493,1.49424,1.16181
3.05473,4.84338,1.50257,0.967373
3.05474,4.84338,1.50256,0.967409
3.05441,4.84359,1.50297,0.967399
3.05435,4.84361,1.50298,0.967283
3.05428,4.84364,1.503,0.967158
3.0542,4.84367,1.50301,0.967021
3.05412,4.8437,1.50302,0.966875
3.05403,4.84372,1.50302,0.966718
3.05393,4.84374,1.50303,0.966549
3.05383,4.84376,1.50303,0.966368
3.05372,4.84378,1.50303,0.966174
3.0536,4.84379,1.50303,0.965967
3.05347,4.84379,1.50302,0.965747
3.05334,4.84379,1.50301,0.965513
3.04578,4.83665,1.50129,0.951957
3.04538,4.8361,1.50118,0.951268
3.02458,4.79989,1.49359,0.913384
3.02393,4.79859,1.49331,0.912096
2.99267,4.72945,1.47665,0.83967
2.99197,4.72773,1.47621,0.837768
2.96026,4.64407,1.45412,0.739249
2.95959,4.64218,1.45361,0.736899
2.92997,4.55688,1.43082,0.626598
2.90421,4.48255,1.41172,0.52628
2.90351,4.48053,1.41121,0.523504
2.87328,4.39503,1.38989,0.404756
2.87255,4.39298,1.38938,0.401883
2.83159,4.28166,1.36241,0.246067
2.83081,4.2796,1.36191,0.243163
2.77675,4.14172,1.32936,0.0513315
2.77589,4.13961,1.32887,0.0484288
2.77503,4.1375,1.32838,0.0455259
2.71756,4.00271,1.29701,-0.139877
2.71662,4.0006,1.29653,-0.142727
2.65299,3.86165,1.26547,-0.396331
2.65287,3.86138,1.26541,-0.397485
2.65275,3.86112,1.26536,-0.398625
2.65264,3.86087,1.26531,-0.399752
2.65253,3.86063,1.26526,-0.400867
2.64128,3.84642,1.27002,-0.448677
2.64079,3.84611,1.27038,-0.44908
2.64029,3.84579,1.27074,-0.44947
2.59264,3.82978,1.30423,-0.450661
2.59139,3.82951,1.30512,-0.450329
2.51556,3.81863,1.36063,-0.416528
2.51403,3.81849,1.36179,-0.415623
2.4246,3.8127,1.43091,-0.351351
2.42306,3.81264,1.43212,-0.350077
2.41536,3.81233,1.43819,-0.343637
2.31662,3.80963,1.51611,-0.253927
2.31507,3.8096,1.51733,-0.252447
2.18899,3.80794,1.61511,-0.129554
2.18746,3.80793,1.6163,-0.128019
2.18592,3.80792,1.6175,-0.126484
2.17669,3.80785,1.62468,-0.11727
2.03989,3.8073,1.72893,0.0159848
2.03831,3.80729,1.73012,0.0175087
2.03673,3.80728,1.73132,0.0190318
1.91647,3.80699,1.8176,0.134293
1.91527,3.807,1.81837,0.135563
1.9141,3.80701,1.81913,0.136825
1.91294,3.80702,1.81988,0.13808
1.85712,3.81501,1.85515,0.23945
1.8565,3.81506,1.85529,0.240124
1.85586,3.81512,1.85542,0.240804
1.85519,3.81517,1.85555,0.241487
1.8545,3.81522,1.85568,0.242175
1.7463,3.81564,1.86057,0.312771
1.74439,3.81563,1.86056,0.313964
1.74248,3.81561,1.86055,0.315163
1.5874,3.81628,1.8567,0.42441
1.58534,3.81631,1.85663,0.426018
1.58327,3.81634,1.85656,0.427629
1.42871,3.81911,1.85177,0.554817
1.42664,3.81915,1.85171,0.556609
1.42457,3.8192,1.85165,0.558402
1.26178,3.8222,1.84764,0.700054
1.25962,3.82222,1.84759,0.701918
1.10235,3.82373,1.84412,0.838706
1.10017,3.82374,1.84407,0.840581
1.09798,3.82375,1.84403,0.842456
1.0958,3.82376,1.84398,0.844333
0.949388,3.82366,1.84083,0.96981
0.947215,3.82364,1.84078,0.971646
0.945046,3.82363,1.84074,0.973478
0.834305,3.82283,1.83737,1.08165
0.833433,3.82287,1.83732,1.08288
0.832581,3.8229,1.83727,1.0841
0.807119,3.82566,1.83541,1.13666
0.806928,3.8257,1.8354,1.13734
0.793599,3.82499,1.83695,1.16815
0.793101,3.82474,1.83705,1.16852
0.792589,3.82447,1.83716,1.16888
0.741033,3.78018,1.84824,1.18415
0.663801,3.69492,1.86486,1.19076
0.662519,3.69344,1.86514,1.19082
0.661236,3.69196,1.86542,1.19087
0.652261,3.68156,1.86738,1.19122
0.576947,3.59309,1.88395,1.1924
0.575688,3.5916,1.88423,1.1924
0.496566,3.49813,1.90216,1.19197
0.495266,3.49659,1.90245,1.19196
0.493967,3.49505,1.90275,1.19195
0.420556,3.40812,1.91936,1.19126
0.419281,3.40661,1.91965,1.19125
0.236552,3.19016,1.9612,1.19026
0.235268,3.18864,1.96149,1.19025
0.233986,3.18712,1.96178,1.19025
0.232705,3.1856,1.96207,1.19025
0.231425,3.18409,1.96235,1.19024
0.230147,3.18257,1.96264,1.19024
0.149328,3.08776,1.97775,1.18975
0.149327,3.08776,1.97775,1.18975
0.149325,3.08776,1.97775,1.18975
0.149324,3.08776,1.97775,1.18974
0.149323,3.08776,1.97775,1.18974
0.149322,3.08776,1.97776,1.18974
0.149321,3.08776,1.97776,1.18974
0.14932,3.08776,1.97776,1.18974
0.149319,3.08776,1.97776,1.18974
0.149318,3.08776,1.97776,1.18974
0.141217,3.08062,1.98154,1.17551
0.140733,3.0802,1.98168,1.17468
0.140233,3.07977,1.98182,1.17382
0.139716,3.07933,1.98196,1.17293
0.0764096,3.03107,1.99273,1.05337
0.0751291,3.03013,1.9929,1.05058
-0.0167743,2.95674,2.00359,0.806082
-0.107766,2.86986,2.0129,0.497635
-0.109192,2.86844,2.01304,0.492624
-0.11062,2.86701,2.01318,0.487606
-0.11205,2.86557,2.01332,0.48258
-0.113482,2.86414,2.01346,0.477544
-0.211667,2.76664,2.02291,0.14168
-0.213334,2.76504,2.02306,0.136277
-0.215005,2.76344,2.02321,0.130872
-0.335271,2.65545,2.03342,-0.237176
-0.337189,2.65384,2.03357,-0.242728
-0.502354,2.52933,2.04553,-0.684485
-0.504634,2.52782,2.04568,-0.690115
-0.506917,2.52631,2.04583,-0.695745
-0.685664,2.42636,2.05609,-1.12617
-0.687393,2.42561,2.05616,-1.13089
-0.689097,2.42488,2.05624,-1.13558
-0.690779,2.42416,2.05632,-1.14025
-0.787518,2.38906,2.05336,-1.52186
-0.788281,2.38863,2.05309,-1.52358
-0.789056,2.38819,2.05282,-1.52528
-0.789843,2.38774,2.05255,-1.52697
-0.790643,2.38727,2.05226,-1.52864
-0.880837,2.31301,2.00974,-1.6171
-0.882184,2.31173,2.00901,-1.6178
-0.884878,2.30916,2.00756,-1.61916
-0.983178,2.2097,1.94982,-1.65151
-0.984471,2.20834,1.94902,-1.65177
-0.985763,2.20698,1.94822,-1.65203
-1.11059,2.07327,1.86886,-1.66786
-1.11185,2.0719,1.86805,-1.66797
-1.11311,2.07054,1.86724,-1.66809
-1.11437,2.06917,1.86644,-1.6682
-1.24372,1.92896,1.78397,-1.6802
-1.24498,1.9276,1.78317,-1.68033
-1.24623,1.92623,1.78237,-1.68045
-1.24749,1.92487,1.78157,-1.68058
-1.3549,1.80833,1.71341,-1.69255
-1.4291,1.72763,1.67006,-1.70382
-1.42934,1.72738,1.6699,-1.70391
-1.42957,1.72714,1.66975,-1.70399
-1.4298,1.72691,1.6696,-1.70406
-1.43002,1.72669,1.66946,-1.70414
-1.43023,1.72647,1.66932,-1.70422
-1.43043,1.72627,1.66918,-1.7043
-1.43529,1.72205,1.66566,-1.70787
-1.45132,1.70634,1.66557,-1.73616
-1.45205,1.70557,1.66557,-1.73732
-1.4528,1.70479,1.66556,-1.73851
-1.45356,1.70399,1.66555,-1.73973
-1.45434,1.70318,1.66554,-1.74098
-1.55207,1.61204,1.66856,-1.91712
-1.55369,1.61064,1.66865,-1.92043
-1.55531,1.60923,1.66875,-1.92377
-1.70305,1.49108,1.67896,-2.28183
-1.70473,1.48986,1.67909,-2.28652
-1.7064,1.48865,1.67922,-2.29122
-1.70808,1.48744,1.67935,-2.29593
-1.87701,1.3762,1.69157,-2.82718
-1.87848,1.37531,1.69168,-2.83246
-1.87995,1.37442,1.69179,-2.83774
-1.88142,1.37353,1.69189,-2.84302
-2.00559,1.29179,1.7027,2.92357
-2.00671,1.29096,1.70281,2.91813
-2.00782,1.29012,1.70293,2.91269
-2.00893,1.28929,1.70304,2.90725
-2.09471,1.20515,1.71335,2.37774
-2.09522,1.20448,1.71341,2.37289
-2.09573,1.20381,1.71348,2.36807
-2.09622,1.20317,1.71354,2.36327
-2.0825,1.18586,1.71342,1.94393
-2.08229,1.18593,1.71341,1.94262
-2.08207,1.186,1.7134,1.94133
-2.08186,1.18607,1.71339,1.94006
-2.08165,1.18614,1.71339,1.9388
-2.08144,1.18621,1.71338,1.93756
-2.08064,1.14679,1.72308,1.86888
-2.08084,1.14547,1.72333,1.86871
-2.08105,1.14413,1.72357,1.86855
-2.08126,1.14277,1.72382,1.8684
-2.11341,0.946696,1.75706,1.90589
-2.11375,0.94473,1.75739,1.9066
-2.1141,0.942765,1.75772,1.90731
-2.11444,0.9408,1.75805,1.90803
-2.11479,0.938836,1.75837,1.90876
-2.14787,0.762498,1.78836,1.98564
-2.14825,0.760481,1.78871,1.98659
-2.14864,0.758465,1.78905,1.98755
-2.19123,0.54016,1.82594,2.09451
-2.19163,0.538136,1.82628,2.0955
-2.19202,0.53611,1.82663,2.09649
-2.19242,0.534083,1.82697,2.09748
-2.19282,0.532055,1.82731,2.09847
-2.22782,0.350701,1.85775,2.18606
-2.22821,0.348678,1.85809,2.18704
-2.2286,0.346654,1.85842,2.18801
-2.25994,0.19566,1.87997,2.28675
-2.26,0.195558,1.87999,2.28707
-2.2601,0.195367,1.88001,2.28768
-2.26015,0.195276,1.88002,2.28799
-2.28079,0.166578,1.87381,2.2741
-2.2815,0.165799,1.87351,2.27309
-2.28222,0.165013,1.87321,2.27206
-2.28295,0.16422,1.87291,2.271
-2.28369,0.163419,1.87259,2.26993
-2.28445,0.162611,1.87227,2.26882
-2.38416,0.0740432,1.82436,2.07612
-2.38532,0.0730381,1.82374,2.07324
-2.38648,0.0720329,1.82311,2.07035
-2.38763,0.0710276,1.82249,2.06744
-2.48879,-0.0269097,1.76095,1.7469
-2.48979,-0.0280041,1.7603,1.74318
-2.49079,-0.0291001,1.75966,1.73946
-2.49179,-0.030198,1.75901,1.73573
-2.58125,-0.140083,1.69924,1.37631
-2.5822,-0.141369,1.6986,1.37235
-2.58315,-0.142658,1.69795,1.36838
-2.5841,-0.143948,1.69731,1.36441
-2.68559,-0.290031,1.63036,0.945421
-2.68755,-0.292975,1.62909,0.937442
-2.68853,-0.29445,1.62845,0.933451
-2.68951,-0.295929,1.62781,0.929459
-2.76396,-0.408753,1.58388,0.62691
-2.76446,-0.409666,1.58352,0.623869
-2.76495,-0.410566,1.58316,0.620849
-2.77557,-0.445872,1.56975,0.470941
-2.77555,-0.446182,1.56966,0.46925
-2.77553,-0.446487,1.56959,0.467577
-2.77687,-0.467305,1.56797,0.38684
-2.7773,-0.468723,1.568,0.38476
-2.77753,-0.469463,1.56802,0.383727
-2.80268,-0.550368,1.57077,0.326791
-2.8037,-0.553908,1.57089,0.325033
-2.80422,-0.555693,1.57095,0.324156
-2.83604,-0.672465,1.57481,0.272211
-2.83709,-0.676487,1.57494,0.270469
-2.87639,-0.825201,1.58032,0.205432
-2.87694,-0.827239,1.58039,0.204523
-2.87748,-0.829275,1.58047,0.203613
-2.91473,-0.967153,1.58591,0.140339
-2.91528,-0.969199,1.58599,0.13939
-2.91584,-0.971244,1.58607,0.13844
-2.95134,-1.1004,1.59101,0.0779144
-2.95191,-1.10246,1.59109,0.0769447
-2.98934,-1.23761,1.59631,0.012754
-2.9899,-1.23964,1.59639,0.0117782
-2.99047,-1.24168,1.59647,0.0108023
-3.02573,-1.36696,1.60132,-0.0491175
-3.02629,-1.36891,1.60139,-0.0500473
-3.02684,-1.37085,1.60145,-0.0509743
-3.05791,-1.4807,1.6037,-0.128663
-3.05794,-1.48083,1.6037,-0.128996
-3.05797,-1.48096,1.60369,-0.129324
-3.058,-1.48108,1.60369,-0.129648
-3.05803,-1.4812,1.60369,-0.129968
-3.06453,-1.49855,1.60337,-0.153718
-3.06489,-1.49931,1.60332,-0.15431
-3.11794,-1.59747,1.59425,-0.229356
-3.11893,-1.59924,1.59405,-0.230853
-3.11992,-1.601,1.59385,-0.232362
-3.19576,-1.73609,1.57693,-0.365781
-3.19687,-1.73805,1.57668,-0.367964
-3.19798,-1.74002,1.57643,-0.370153
-3.28292,-1.88727,1.55756,-0.548176
-3.28409,-1.88924,1.55731,-0.550688
-3.28525,-1.8912,1.55706,-0.553203
-3.35889,-2.01126,1.54169,-0.710807
-3.36013,-2.01324,1.54144,-0.713439
-3.36138,-2.01521,1.54119,-0.716072
-3.4538,-2.15653,1.52332,-0.907552
-3.45511,-2.15846,1.52307,-0.910223
-3.45642,-2.1604,1.52283,-0.912894
-3.55047,-2.29541,1.50541,-1.10201
-3.55181,-2.29728,1.50516,-1.10467
-3.55314,-2.29915,1.50492,-1.10732
-3.67524,-2.44743,1.48555,-1.407
-3.67537,-2.44748,1.48553,-1.40778
-3.67551,-2.44752,1.48551,-1.40856
-3.67564,-2.44757,1.48549,-1.40932
-3.67577,-2.44761,1.48547,-1.41007
-3.6759,-2.44765,1.48546,-1.41082
-3.72611,-2.44925,1.47402,-1.42313
-3.72735,-2.44904,1.47373,-1.42234
-3.73115,-2.44835,1.47285,-1.41985
-3.73245,-2.44811,1.47255,-1.41898
-3.73375,-2.44786,1.47224,-1.4181
-3.94503,-2.38357,1.41414,-1.16565
-3.94663,-2.38295,1.41365,-1.16305
-3.94823,-2.38233,1.41317,-1.16045
-3.94982,-2.38171,1.41268,-1.15785
-3.95142,-2.38109,1.41219,-1.15523
-4.09366,-2.32058,1.36896,-0.901241
-4.09522,-2.31986,1.36849,-0.898332
-4.09677,-2.31915,1.36802,-0.895422
-4.09833,-2.31843,1.36755,-0.892512
-4.23073,-2.25508,1.32907,-0.647912
-4.23236,-2.25428,1.32861,-0.644943
-4.23399,-2.25348,1.32814,-0.641973
-4.23562,-2.25268,1.32768,-0.639004
-4.35885,-2.19115,1.29342,-0.419607
-4.36056,-2.19029,1.29296,-0.41664
-4.36226,-2.18944,1.29249,-0.413672
-4.48054,-2.12779,1.26118,-0.190875
-4.48121,-2.12733,1.26094,-0.188839
-4.49823,-2.10989,1.25325,-0.103342
-4.49843,-2.10944,1.25312,-0.100931
-4.49853,-2.10922,1.25306,-0.0997449
-4.5214,-2.10501,1.26557,-0.0301872
-4.52216,-2.10536,1.26609,-0.0296072
-4.52294,-2.10573,1.26661,-0.0290316
-4.63664,-2.19263,1.35174,0.0128648
-4.63791,-2.19373,1.35276,0.0131716
-4.63918,-2.19484,1.35378,0.0134773
-4.64046,-2.19595,1.3548,0.0137818
-4.64174,-2.19706,1.35582,0.0140851
-4.77018,-2.30966,1.46113,0.0418462
-4.77144,-2.31077,1.46217,0.0421118
-4.77271,-2.31189,1.46322,0.0423774
-4.77397,-2.313,1.46426,0.0426431
-4.90173,-2.42625,1.56888,0.0701139
-4.90299,-2.42737,1.5699,0.0703923
-4.90424,-2.42848,1.57093,0.0706709
-4.90549,-2.42959,1.57196,0.0709496
-5.00879,-2.52139,1.65624,0.094287
-5.01131,-2.52363,1.65831,0.0948662
-5.01258,-2.52476,1.65934,0.0951561
-5.01384,-2.52588,1.66038,0.0954461
-5.11489,-2.61456,1.73779,0.119393
-5.11631,-2.61579,1.73881,0.11984
-5.117,-2.61638,1.7393,0.120061
-5.16749,-2.64084,1.78277,0.103156
-5.16946,-2.64104,1.78413,0.100771
-5.17047,-2.64113,1.78483,0.099541
-5.1715,-2.64123,1.78553,0.0982863
-5.17254,-2.64132,1.78623,0.0970069
-5.17359,-2.64141,1.78695,0.0957036
-5.29891,-2.64695,1.86491,-0.0989299
-5.30226,-2.64713,1.86694,-0.105132
-5.30393,-2.64722,1.86796,-0.108257
-5.30561,-2.64732,1.86898,-0.111397
-5.46884,-2.66142,1.96364,-0.4456
-5.47073,-2.66161,1.96468,-0.449649
-5.47263,-2.66179,1.96571,-0.453701
-5.47453,-2.66197,1.96675,-0.457757
-5.65722,-2.67669,2.06124,-0.846772
-5.83192,-2.67913,2.14376,-1.19816
-5.83413,-2.67906,2.14478,-1.20255
-5.83634,-2.679,2.14579,-1.20694
-5.83855,-2.67893,2.1468,-1.21134
-5.84076,-2.67886,2.14781,-1.21573
-5.84297,-2.67879,2.14882,-1.22013
-6.00028,-2.66873,2.21957,-1.52719
-6.00253,-2.66849,2.22051,-1.53146
-6.00477,-2.66824,2.22144,-1.53571
-6.14664,-2.64101,2.27269,-1.91869
-6.14691,-2.64092,2.27271,-1.9203
-6.1477,-2.64068,2.27278,-1.92502
-6.14795,-2.6406,2.2728,-1.92655
-6.14821,-2.64052,2.27282,-1.92807
-6.17114,-2.62281,2.27398,-2.01212
-6.17161,-2.62201,2.27394,-2.01303
-6.17209,-2.62119,2.2739,-2.01394
-6.2022,-2.53669,2.26628,-2.06393
-6.2027,-2.5349,2.26607,-2.06472
-6.20319,-2.53311,2.26585,-2.06551
-6.23201,-2.41736,2.2498,-2.11258
-6.23247,-2.41539,2.24949,-2.11337
-6.2609,-2.29181,2.23006,-2.1632
-6.26135,-2.28981,2.22975,-2.16401
-6.26181,-2.28781,2.22944,-2.16483
-6.31405,-2.05458,2.19435,-2.26291
-6.3145,-2.05255,2.19406,-2.26377
-6.31495,-2.05053,2.19376,-2.26464
-6.3154,-2.04851,2.19347,-2.26551
-6.33972,-1.93754,2.17729,-2.31339
-6.34016,-1.93553,2.177,-2.31427
-6.3406,-1.93352,2.1767,-2.31514
-6.3657,-1.8181,2.15992,-2.36518
-6.36658,-1.81403,2.15933,-2.36695
-6.40266,-1.65194,2.13542,-2.45017
-6.40278,-1.65155,2.13534,-2.45063
-6.40289,-1.65117,2.13526,-2.45108
-6.403,-1.6508,2.13518,-2.45153
-6.40311,-1.65045,2.1351,-2.45197
-6.40685,-1.6381,2.13145,-2.46999
-6.40695,-1.63768,2.13131,-2.4703
-6.41639,-1.58182,2.11186,-2.487
-6.41689,-1.57887,2.1108,-2.48757
-6.43261,-1.49115,2.07688,-2.50303
-6.43329,-1.48752,2.07538,-2.50366
-6.44991,-1.40138,2.03841,-2.51901
-6.45027,-1.39954,2.03759,-2.51935
-6.47019,-1.29651,1.99212,-2.53903
-6.47054,-1.29468,1.99131,-2.53939
-6.47089,-1.29285,1.99051,-2.53975
-6.48853,-1.1995,1.94951,-2.55856
-6.48887,-1.19765,1.94871,-2.55894
-6.50544,-1.10804,1.91028,-2.57715
-6.50578,-1.10618,1.90948,-2.57754
-6.52057,-1.02638,1.87548,-2.59403
-6.53668,-0.939249,1.83841,-2.61211
-6.53702,-0.937397,1.83763,-2.6125
-6.55128,-0.859865,1.80471,-2.62863
-6.55162,-0.858034,1.80393,-2.62902
-6.57922,-0.709866,1.74526,-2.67489
-6.57922,-0.709866,1.74526,-2.67489
-6.57922,-0.709866,1.74526,-2.67489
-6.57922,-0.709866,1.74526,-2.67489
-6.57922,-0.709866,1.74526,-2.67489
-6.57922,-0.709866,1.74526,-2.67489
-6.57922,-0.709867,1.74526,-2.67488
-6.57922,-0.709867,1.74526,-2.67488
-6.57922,-0.709867,1.74526,-2.67488
-6.57922,-0.709867,1.74526,-2.67488
-6.57929,-0.709402,1.74469,-2.67527
-6.57929,-0.709337,1.74464,-2.67533
-6.57929,-0.709269,1.74458,-2.67539
-6.57929,-0.709198,1.74453,-2.67545
-6.57928,-0.709123,1.74447,-2.67552
-6.57927,-0.709046,1.74441,-2.6756
-6.57926,-0.708967,1.74435,-2.67568
-6.57924,-0.708887,1.74429,-2.67578
-6.57922,-0.708806,1.74423,-2.67587
-6.57919,-0.708726,1.74417,-2.67598
-6.56748,-0.711168,1.74003,-2.68825
-6.56685,-0.711453,1.73989,-2.68878
-6.56622,-0.711751,1.73975,-2.68932
-6.56556,-0.712064,1.73961,-2.68988
-6.56489,-0.71239,1.73946,-2.69044
-6.5642,-0.712729,1.73932,-2.69102
-6.5635,-0.713083,1.73917,-2.69161
-6.56278,-0.71345,1.73902,-2.69221
-6.53261,-0.732183,1.73343,-2.71775
-6.47738,-0.77283,1.72428,-2.7698
-6.47601,-0.773875,1.72405,-2.77122
-6.41544,-0.819722,1.71396,-2.83969
-6.414,-0.82079,1.71372,-2.84144
-6.35872,-0.860905,1.70475,-2.91173
-6.29777,-0.903538,1.69498,-2.99587
-6.29629,-0.904547,1.69475,-2.99794
-6.23647,-0.944894,1.68572,-3.08238
-6.23497,-0.9459,1.68549,-3.08453
-6.17576,-0.985021,1.67682,3.11431
-6.11786,-1.02247,1.6684,3.03162
-6.11633,-1.02345,1.66818,3.02945
-6.04997,-1.06545,1.65866,2.93579
-5.99924,-1.09718,1.65154,2.86581
-5.99762,-1.09819,1.65132,2.86362
-5.93607,-1.13652,1.643,2.78087
-5.83272,-1.19095,1.62644,2.5921
-5.83226,-1.19104,1.6264,2.59118
-5.83179,-1.19114,1.62636,2.59027
-5.83129,-1.19124,1.62632,2.58937
-5.83078,-1.19134,1.62628,2.58848
-5.77092,-1.20639,1.62582,2.55422
-5.76937,-1.20678,1.62582,2.55386
-5.76781,-1.20717,1.62581,2.55352
-5.67702,-1.22945,1.62448,2.54557
-5.6751,-1.22992,1.62443,2.54558
-5.57178,-1.25529,1.62142,2.55251
-5.56984,-1.25577,1.62135,2.55274
-5.45849,-1.28433,1.61738,2.5699
-5.45656,-1.28484,1.61731,2.57025
-5.34316,-1.315,1.6137,2.59204
-5.34125,-1.31552,1.61364,2.59242
-5.33933,-1.31603,1.61359,2.59281
-5.22576,-1.34668,1.61022,2.61571
-5.22385,-1.34719,1.61017,2.61609
-5.11739,-1.37604,1.60693,2.63754
-5.11548,-1.37656,1.60688,2.63792
-4.99861,-1.40831,1.60351,2.66073
-4.99671,-1.40883,1.60346,2.6611
-4.99482,-1.40934,1.60341,2.66146
-4.87058,-1.4469,1.59835,2.70288
-4.87058,-1.4469,1.59835,2.70288
-4.87058,-1.4469,1.59835,2.70287
-4.87058,-1.4469,1.59835,2.70287
-4.87058,-1.4469,1.59835,2.70286
-4.87058,-1.4469,1.59835,2.70286
-4.87058,-1.4469,1.59835,2.70285
-4.87058,-1.4469,1.59835,2.70285
-4.87058,-1.4469,1.59835,2.70284
-4.87058,-1.44691,1.59835,2.70284
-4.86453,-1.44723,1.59925,2.69543
-4.86406,-1.44723,1.59929,2.69488
-4.86356,-1.44723,1.59933,2.6943
-4.86304,-1.44723,1.59936,2.6937
-4.86249,-1.44723,1.5994,2.69308
-4.86192,-1.44723,1.59944,2.69243
-4.80135,-1.44477,1.60057,2.62047
-4.79963,-1.44468,1.60057,2.61829
-4.6785,-1.43413,1.59757,2.43718
-4.67625,-1.43386,1.59748,2.43341
-4.674,-1.4336,1.59739,2.42962
-4.51693,-1.41442,1.59096,2.14226
-4.51443,-1.41413,1.59085,2.13745
-4.51192,-1.41385,1.59075,2.13264
-4.32253,-1.40037,1.58396,1.75814
-4.31985,-1.4003,1.58388,1.75279
-4.31716,-1.40024,1.58379,1.74743
-4.10458,-1.4085,1.57721,1.31872
-4.10182,-1.40878,1.57713,1.31312
-4.09906,-1.40906,1.57705,1.30752
-3.87362,-1.44791,1.57035,0.838209
-3.87102,-1.44855,1.57027,0.832516
-3.86841,-1.44919,1.57019,0.826821
-3.69752,-1.5017,1.56476,0.436
-3.69558,-1.50252,1.56471,0.430835
-3.69366,-1.50334,1.56466,0.425691
-3.61919,-1.56328,1.5616,0.00582473
-3.61916,-1.56383,1.56154,0.00182743
-3.61915,-1.56411,1.56151,-0.000136412
-3.61914,-1.56438,1.56148,-0.00207733
-3.60302,-1.58333,1.5653,-0.0864794
-3.60217,-1.58363,1.56547,-0.0866209
-3.60131,-1.58392,1.56566,-0.0867281
-3.60043,-1.58422,1.56584,-0.0868012
-3.47757,-1.60551,1.5955,0.0172958
-3.47396,-1.60589,1.59649,0.0222246
-3.47216,-1.60607,1.59699,0.024727
-3.31471,-1.6172,1.64399,0.312167
-3.31121,-1.61733,1.64509,0.319961
-3.30946,-1.61739,1.64564,0.323872
-3.30772,-1.61745,1.64619,0.327794
-3.17596,-1.62104,1.68987,0.666433
-3.17442,-1.62109,1.6904,0.670799
-3.17289,-1.62115,1.69093,0.675168
-3.06993,-1.62768,1.72809,0.989569
-3.06857,-1.62783,1.72861,0.994026
-3.06721,-1.62798,1.72913,0.998482
-2.97311,-1.64505,1.76688,1.32069
-2.97183,-1.64537,1.76741,1.32518
-2.97055,-1.6457,1.76795,1.32968
-2.88743,-1.67313,1.80163,1.62812
-2.88647,-1.67352,1.80201,1.63214
-2.88552,-1.67392,1.80238,1.63614
-2.86101,-1.69973,1.8168,1.92091
-2.86117,-1.69988,1.81681,1.92272
-2.86133,-1.70002,1.81682,1.92451
-2.8615,-1.70017,1.81683,1.92627
-2.87108,-1.70577,1.81651,1.99732
-2.87123,-1.70584,1.81649,1.99816
-2.86983,-1.72982,1.81283,2.03775
-2.86963,-1.73076,1.81262,2.03779
-2.86943,-1.73172,1.81241,2.03782
-2.86923,-1.73269,1.81219,2.03784
-2.85531,-1.84394,1.78332,2.00877
-2.85515,-1.84572,1.78279,2.00801
-2.85499,-1.84751,1.78225,2.00724
-2.84135,-1.99246,1.73578,1.92571
-2.84116,-1.9943,1.73517,1.92447
-2.82535,-2.12996,1.69111,1.82683
-2.82512,-2.13183,1.69052,1.82543
-2.82489,-2.1337,1.68992,1.82402
-2.82466,-2.13557,1.68933,1.82261
-2.80206,-2.30947,1.63494,1.68913
-2.80181,-2.31136,1.63436,1.68769
-2.80156,-2.31324,1.63378,1.68624
-2.80131,-2.31513,1.6332,1.6848
-2.77505,-2.51249,1.57313,1.53604
-2.77479,-2.51443,1.57256,1.53462
-2.77454,-2.51636,1.572,1.5332
-2.77429,-2.5183,1.57144,1.53179
-2.75746,-2.62701,1.53799,1.43097
-2.75192,-2.63834,1.53296,1.39612
-2.75185,-2.6384,1.53295,1.3957
-2.75178,-2.63846,1.53294,1.39528
-2.75172,-2.63852,1.53293,1.39486
-2.75165,-2.63858,1.53292,1.39445
-2.75265,-2.65764,1.54147,1.39199
-2.75289,-2.65847,1.54183,1.39267
-2.75314,-2.65932,1.5422,1.39339
-2.79964,-2.77707,1.59227,1.54268
-2.80042,-2.77877,1.59302,1.54542
-2.80359,-2.78559,1.596,1.55659
-2.8044,-2.7873,1.59675,1.55943
-2.87169,-2.91927,1.65492,1.81018
-2.87268,-2.92114,1.65573,1.81401
-2.87366,-2.92302,1.65654,1.81785
-2.96239,-3.0989,1.72858,2.18877
-2.96337,-3.10096,1.72937,2.19308
-2.96434,-3.10303,1.73016,2.19739
-2.96531,-3.1051,1.73095,2.2017
-3.03697,-3.27333,1.79272,2.54396
-3.03781,-3.27555,1.79351,2.54838
-3.03866,-3.27778,1.79429,2.5528
-3.09456,-3.44297,1.85131,2.87299
-3.09525,-3.44533,1.85211,2.87746
-3.09594,-3.44769,1.85291,2.88192
-3.13377,-3.60379,1.90228,-3.10556
-3.13405,-3.60559,1.90279,-3.10175
-3.13433,-3.60737,1.9033,-3.09796
-3.14042,-3.68053,1.92249,-2.88018
-3.14041,-3.68095,1.92256,-2.8781
-3.14038,-3.68137,1.92263,-2.87603
-3.13864,-3.69453,1.92327,-2.80007
-3.13859,-3.69471,1.92325,-2.79892
-3.13676,-3.7031,1.92354,-2.75675
-3.12268,-3.74847,1.92408,-2.68879
-3.1221,-3.74986,1.92405,-2.68704
-3.08246,-3.83031,1.92027,-2.58238
-3.08141,-3.83225,1.92015,-2.5797
-3.0502,-3.88854,1.91623,-2.49773
-3.04903,-3.89061,1.91608,-2.49457
-3.00912,-3.96014,1.9106,-2.38257
-2.96449,-4.03446,1.90418,-2.25041
-2.92431,-4.09748,1.89854,-2.129
-2.92294,-4.09956,1.89836,-2.12486
-2.86054,-4.1893,1.89015,-1.93763
-2.81437,-4.2502,1.88438,-1.8016
-2.81285,-4.25213,1.88419,-1.79717
-2.74199,-4.33792,1.87574,-1.59158
-2.66551,-4.4227,1.86677,-1.37053
-2.66396,-4.42436,1.86658,-1.36602
-2.60998,-4.48016,1.86029,-1.20805
-2.60845,-4.4817,1.86011,-1.20353
-2.54173,-4.54785,1.85216,-1.0048
-2.54023,-4.54929,1.85198,-1.00036
-2.4632,-4.61182,1.84423,-0.739376
-2.46255,-4.61219,1.84415,-0.736103
-2.44673,-4.62573,1.8388,-0.636553
-2.44642,-4.62628,1.83854,-0.633983
-2.44016,-4.65181,1.82724,-0.562554
-2.4401,-4.70416,1.80624,-0.500409
-2.44018,-4.70567,1.80565,-0.499196
-2.44436,-4.76088,1.7842,-0.466182
-2.45041,-4.82054,1.76126,-0.446247
-2.45777,-4.88529,1.73644,-0.43502
-2.45799,-4.88711,1.73575,-0.434815
-2.4662,-4.95468,1.71023,-0.430107
-2.47802,-5.04701,1.67596,-0.429286
-2.47826,-5.04887,1.67528,-0.429304
-2.48776,-5.1208,1.64891,-0.43048
-2.48801,-5.12265,1.64824,-0.430517
-2.49797,-5.19707,1.62127,-0.43194
-2.49822,-5.19894,1.62059,-0.431972
-2.50957,-5.28324,1.59019,-0.433139
-2.51107,-5.29443,1.58616,-0.433247
-2.52236,-5.37818,1.55591,-0.433668
-2.52261,-5.38004,1.55523,-0.43367
-2.53983,-5.51458,1.50885,-0.432792
-2.53987,-5.51487,1.50872,-0.432781
-2.53991,-5.51515,1.5086,-0.43277
-2.53994,-5.51543,1.50848,-0.432759
-2.54098,-5.52204,1.50485,-0.430828
-2.54099,-5.52222,1.50472,-0.430606
-2.52524,-5.54,1.48886,-0.393704
-2.52448,-5.54053,1.48832,-0.392316
-2.47982,-5.56391,1.4602,-0.311348
-2.41949,-5.58673,1.42446,-0.189052
-2.41796,-5.58725,1.42353,-0.185618
-2.34555,-5.61067,1.37847,-0.00507059
-2.34402,-5.61113,1.37748,-0.000877196
-2.2806,-5.62969,1.33516,0.189372
-2.2792,-5.63009,1.33417,0.193996
-2.21707,-5.64807,1.2885,0.41803
-2.21583,-5.64844,1.28754,0.422906
-2.13409,-5.67848,1.21639,0.792893
-2.1331,-5.67894,1.21543,0.797979
-2.13211,-5.6794,1.21447,0.803067
-2.05566,-5.72922,1.1314,1.24875
-2.05489,-5.72992,1.13046,1.25389
-2.05411,-5.73062,1.12951,1.25903
-2.00125,-5.79047,1.06352,1.63106
-2.00071,-5.79122,1.06282,1.63566
-2.00018,-5.79196,1.06213,1.64024
-2.00515,-5.83866,1.02705,2.03724
-2.00534,-5.8388,1.02706,2.03856
-2.00553,-5.83894,1.02707,2.03988
-2.00572,-5.83907,1.02708,2.04117
-2.0059,-5.83921,1.0271,2.04245
-2.00609,-5.83934,1.02711,2.04371
-1.99559,-5.868,1.03297,2.12382
-1.99414,-5.86973,1.03344,2.1254
-1.9934,-5.87061,1.03368,2.12618
-1.99264,-5.87151,1.03393,2.12696
-1.90033,-5.97229,1.06469,2.19026
-1.89773,-5.97508,1.06561,2.19181
-1.89642,-5.97647,1.06607,2.19259
-1.79096,-6.09012,1.10453,2.25694
-1.78834,-6.09295,1.1055,2.2586
-1.78704,-6.09436,1.10599,2.25943
-1.66029,-6.23196,1.1534,2.34262
-1.65898,-6.23339,1.15389,2.34349
-1.65767,-6.23481,1.15438,2.34437
-1.65636,-6.23624,1.15487,2.34525
-1.53471,-6.36851,1.20002,2.42738
-1.53339,-6.36994,1.20051,2.42827
-1.53207,-6.37138,1.201,2.42916
-1.53076,-6.37281,1.20149,2.43005
-1.41315,-6.50051,1.24382,2.50903
-1.41201,-6.50174,1.24419,2.50983
-1.41088,-6.50296,1.24455,2.51062
-1.40977,-6.50417,1.2449,2.51142
-1.36547,-6.56162,1.25947,2.58088
-1.36549,-6.56164,1.25947,2.581
-1.36551,-6.56166,1.25947,2.58113
-1.36553,-6.56169,1.25947,2.58125
-1.36555,-6.56171,1.25947,2.58138
-1.36557,-6.56173,1.25947,2.5815
-1.36559,-6.56175,1.25948,2.58161
-1.32924,-6.57316,1.27481,2.59746
-1.32803,-6.57337,1.2752,2.59779
-1.32681,-6.57358,1.27559,2.59813
-1.13221,-6.59183,1.33204,2.66159
-1.12843,-6.59214,1.33312,2.66308
-1.12654,-6.59229,1.33366,2.66382
-1.12466,-6.59244,1.3342,2.66457
-1.12277,-6.59259,1.33475,2.66533
-0.914241,-6.61104,1.39516,2.7585
-0.912352,-6.61121,1.3957,2.75939
-0.908576,-6.61156,1.39679,2.76118
-0.906689,-6.61174,1.39733,2.76207
-0.904802,-6.61192,1.39787,2.76296
-0.727411,-6.62887,1.44891,2.84879
-0.725533,-6.62906,1.44945,2.8497
-0.721772,-6.62942,1.45053,2.85152
-0.719889,-6.6296,1.45108,2.85242
-0.542724,-6.64688,1.5017,2.93695
-0.540821,-6.64707,1.50222,2.93784
-0.538922,-6.64725,1.50274,2.93873
-0.537028,-6.64744,1.50325,2.93961
-0.435503,-6.65966,1.52806,3.00351
-0.435207,-6.65974,1.52813,3.00397
-0.434921,-6.65983,1.5282,3.00443
-0.42877,-6.66411,1.52993,3.02685
-0.428773,-6.66415,1.52993,3.02703
-0.42878,-6.66422,1.52994,3.02737
-0.428784,-6.66425,1.52994,3.02754
-0.402401,-6.66112,1.54507,3.00871
-0.401355,-6.66089,1.54554,3.00764
-0.400289,-6.66065,1.54601,3.00654
-0.278354,-6.62775,1.59389,2.84881
-0.276457,-6.62717,1.5946,2.8459
-0.274556,-6.62659,1.59531,2.84297
-0.119441,-6.57537,1.6523,2.56762
-0.117348,-6.57467,1.65305,2.5636
-0.115251,-6.57396,1.6538,2.55958
0.0676959,-6.51803,1.71524,2.20347
0.0699745,-6.51741,1.71598,2.19899
0.0722562,-6.51679,1.71671,2.19451
0.0745412,-6.51617,1.71744,2.19002
0.26724,-6.4726,1.77689,1.81978
0.26971,-6.47216,1.77763,1.81514
0.27218,-6.47172,1.77837,1.8105
0.435604,-6.44981,1.82671,1.50441
0.438059,-6.44958,1.82744,1.49978
0.440513,-6.44935,1.82816,1.49515
0.605732,-6.44092,1.87516,1.18289
0.607768,-6.44097,1.87569,1.17876
0.609781,-6.44103,1.87622,1.17464
0.709503,-6.46142,1.89903,0.826376
0.709654,-6.46154,1.899,0.825209
0.709803,-6.46166,1.89898,0.824057
0.70995,-6.46179,1.89895,0.822922
0.710096,-6.46191,1.89893,0.821802
0.730489,-6.46679,1.89502,0.757137
0.731297,-6.46675,1.89477,0.755959
0.732125,-6.4667,1.8945,0.754771
0.827686,-6.4565,1.85815,0.640764
0.829457,-6.4563,1.85742,0.638604
0.831232,-6.4561,1.85669,0.636432
0.950644,-6.44271,1.80421,0.471819
0.952556,-6.44251,1.80332,0.468886
1.07224,-6.43199,1.74706,0.271586
1.07414,-6.43187,1.74616,0.26822
1.07603,-6.43176,1.74525,0.26485
1.1926,-6.42667,1.68767,0.0414682
1.19437,-6.42661,1.68677,0.037895
1.19615,-6.42656,1.68588,0.0343207
1.32593,-6.42408,1.61792,-0.24373
1.32755,-6.42404,1.61704,-0.247368
1.43326,-6.42095,1.55747,-0.49263
1.4348,-6.42089,1.55658,-0.496307
1.43635,-6.42083,1.55568,-0.499984
1.44558,-6.42044,1.55029,-0.522059
1.53098,-6.41619,1.50015,-0.73698
1.53213,-6.41617,1.49948,-0.740263
1.56715,-6.42175,1.46599,-1.02542
1.5674,-6.42162,1.46598,-1.02613
1.56767,-6.42148,1.46598,-1.02683
1.56796,-6.42134,1.46597,-1.0275
1.56827,-6.42118,1.46597,-1.02815
1.5686,-6.42101,1.46598,-1.02878
1.61301,-6.39478,1.46971,-1.03104
1.61433,-6.39395,1.46985,-1.0305
1.6964,-6.34081,1.47943,-0.975879
1.69815,-6.33966,1.47965,-0.97437
1.70517,-6.33504,1.48053,-0.96819
1.79864,-6.27349,1.49258,-0.871603
1.8005,-6.27226,1.49282,-0.869449
1.90462,-6.20207,1.50657,-0.738005
1.90649,-6.20079,1.50682,-0.73551
2.03014,-6.11334,1.52291,-0.564073
2.03201,-6.11197,1.52316,-0.561402
2.03389,-6.1106,1.5234,-0.55873
2.15306,-6.02062,1.53909,-0.384561
2.15485,-6.01923,1.53933,-0.381878
2.28125,-5.91879,1.5562,-0.191406
2.28301,-5.91736,1.55644,-0.188727
2.3995,-5.81897,1.57194,-0.00609919
2.40078,-5.81781,1.57211,-0.00380886
2.40204,-5.81666,1.57228,-0.00153062
2.40329,-5.81553,1.57245,0.000735236
2.45083,-5.75652,1.57921,0.188182
2.45082,-5.75643,1.57919,0.188661
2.45082,-5.75635,1.57917,0.189133
2.45081,-5.75626,1.57915,0.189598
2.4508,-5.75617,1.57913,0.190055
2.4508,-5.75609,1.57911,0.190505
2.45836,-5.73627,1.57998,0.230098
2.4587,-5.73539,1.57999,0.231176
2.45937,-5.73355,1.58002,0.233396
2.48764,-5.59434,1.57961,0.39931
2.48794,-5.59209,1.57959,0.402246
2.48825,-5.58984,1.57957,0.405199
2.50718,-5.40055,1.57804,0.694513
2.50735,-5.39819,1.57801,0.698562
2.50752,-5.39583,1.57799,0.702619
2.51246,-5.21523,1.57585,1.03672
2.51241,-5.21295,1.57582,1.04124
2.51231,-5.20839,1.57576,1.05028
2.51226,-5.20611,1.57573,1.0548
2.50612,-5.07885,1.57407