-2.76773e-11,2.48133e-11,0.13,-9.17257e-18
-2.76773e-11,2.48133e-11,0.13,-1.15119e-17
-3.88685e-11,1.15919e-11,0.13,-1.37064e-17
-3.88685e-11,1.15919e-11,0.13,-1.62182e-17
-2.76773e-11,2.48133e-11,0.13,-1.89205e-17
-3.88685e-11,1.15919e-11,0.13,-2.10906e-17
-2.76773e-11,2.48133e-11,0.13,-2.38088e-17
-3.88685e-11,1.15919e-11,0.13,-2.60166e-17
-2.76773e-11,2.48133e-11,0.13,-2.87188e-17
-3.88685e-11,1.15919e-11,0.13,-3.08759e-17
-2.76773e-11,2.48133e-11,0.13,-3.35358e-17
-3.88685e-11,1.15919e-11,0.13,-3.57189e-17
-2.76773e-11,2.48133e-11,0.13,-3.83895e-17
-3.88685e-11,1.15919e-11,0.13,-4.05492e-17
-2.76773e-11,2.48133e-11,0.13,-4.32606e-17
-3.88686e-11,1.15919e-11,0.13,-4.54375e-17
-2.76773e-11,2.48133e-11,0.13,-4.81056e-17
-3.88686e-11,1.15919e-11,0.13,-5.02852e-17
-3.88686e-11,1.15919e-11,0.13,-5.18191e-17
0.000433729,3.88902e-08,0.144383,-2.38976e-08
0.0280162,1.16741e-05,0.279212,1.68588e-06
0.0792316,9.02823e-05,0.443798,9.99241e-06
0.108491,0.000219146,0.571422,8.40594e-06
0.122692,0.000261671,0.680256,-0.00590291
0.125298,-0.00191,0.754491,-0.0328697
0.123451,-0.00626359,0.798186,-0.071729
0.12151,-0.0114867,0.819516,-0.114486
0.121271,-0.0167641,0.827447,-0.160578
0.122591,-0.0243011,0.827905,-0.222918
0.123505,-0.0316764,0.825254,-0.275592
0.123275,-0.0434205,0.819032,-0.360823
0.122218,-0.0509497,0.815244,-0.425177
0.120147,-0.0597932,0.812601,-0.503479
0.115999,-0.0702428,0.810226,-0.588173
0.112062,-0.0768204,0.808848,-0.644304
0.103864,-0.0872714,0.807952,-0.750914
0.0981956,-0.0940382,0.808129,-0.820526
0.0891903,-0.10309,0.807889,-0.91059
0.0757949,-0.112584,0.807124,-1.0277
0.0754837,-0.112768,0.807165,-1.03058
0.0593335,-0.122225,0.808201,-1.17869
0.0391737,-0.12978,0.807258,-1.32976
0.0388048,-0.129873,0.807224,-1.3325
0.0163382,-0.134831,0.80829,-1.50894
0.0158738,-0.134899,0.808284,-1.5122
0.0154093,-0.134963,0.808276,-1.51546
-0.00800839,-0.13508,0.808029,-1.6859
-0.00838483,-0.135051,0.808059,-1.6891
-0.0376687,-0.130602,0.80789,-1.90315
-0.0380848,-0.130469,0.807863,-1.90621
-0.0384975,-0.130336,0.807835,-1.90925
-0.0670366,-0.118376,0.808473,-2.1441
-0.0674538,-0.118149,0.808461,-2.14741
-0.0678694,-0.117919,0.808449,-2.1507
-0.0931068,-0.0984371,0.808329,-2.38945
-0.0934461,-0.0981434,0.808339,-2.39274
-0.0937871,-0.0978469,0.808347,-2.39603
-0.115508,-0.0705939,0.808103,-2.64951
-0.115712,-0.0702614,0.808128,-2.65275
-0.115919,-0.069925,0.808153,-2.65599
-0.140298,-0.0452016,0.812107,-2.96917
-0.141845,-0.0469758,0.812349,-2.97265
-0.143548,-0.048938,0.812562,-2.97595
-0.145412,-0.051088,0.812743,-2.97908
-0.525023,-0.401063,0.794139,-3.09199
-0.52844,-0.404304,0.794207,-3.09292
-0.531781,-0.407481,0.79428,-3.09383
-0.632746,-0.499925,0.804535,3.13566
-0.632741,-0.499891,0.804521,3.13563
-0.632736,-0.499859,0.804506,3.13561
-0.632732,-0.499827,0.804491,3.13558
-0.632729,-0.499797,0.804476,3.13556
-0.633063,-0.499538,0.803127,3.13755
-0.633065,-0.499541,0.80312,3.13759
-0.633068,-0.499545,0.803114,3.13762
-0.63307,-0.499549,0.803108,3.13766
-0.633073,-0.499553,0.803101,3.13769
-0.633075,-0.499556,0.803095,3.13772
-0.63312,-0.4999,0.802876,3.14132
-0.633119,-0.499902,0.802877,3.14133
-0.633119,-0.499903,0.802877,3.14133
-0.633119,-0.499904,0.802877,3.14134
-0.750242,-0.497287,0.84484,-3.0974
-0.752578,-0.497217,0.845498,-3.09593
-0.754913,-0.497145,0.846156,-3.09445
-0.757247,-0.497071,0.846815,-3.09293
-0.759578,-0.496996,0.847477,-3.09139
-0.761908,-0.496918,0.848139,-3.08982
-0.764235,-0.496839,0.848802,-3.08823
-0.929413,-0.484889,0.897251,-2.8858
-0.931245,-0.484716,0.897774,-2.88247
-0.933074,-0.484544,0.898295,-2.87912
-0.934899,-0.484373,0.898813,-2.87576
-1.06934,-0.475725,0.934799,-2.57322
-1.16848,-0.470727,0.961907,-2.28404
-1.16993,-0.470614,0.962323,-2.27945
-1.17137,-0.4705,0.962739,-2.27485
-1.17282,-0.470384,0.963156,-2.27025
-1.17426,-0.470267,0.963574,-2.26564
-1.26623,-0.457705,0.991778,-1.95132
-1.26754,-0.457434,0.992201,-1.94657
-1.26885,-0.45716,0.992625,-1.94182
-1.35283,-0.432607,1.02085,-1.62241
-1.35405,-0.432132,1.02128,-1.61762
-1.44136,-0.390415,1.05101,-1.27625
-1.44243,-0.389797,1.05135,-1.2718
-1.4435,-0.389181,1.05168,-1.26736
-1.48033,-0.357234,1.06378,-1.01654
-1.4804,-0.356893,1.06384,-1.01368
-1.48046,-0.356554,1.06389,-1.01085
-1.47383,-0.340302,1.06459,-0.874323
-1.47368,-0.340134,1.06458,-0.872939
-1.47352,-0.339969,1.06458,-0.871572
-1.46459,-0.331157,1.06613,-0.802769
-1.46425,-0.331034,1.06615,-0.801707
-1.39794,-0.331202,1.06245,-0.719946
-1.39626,-0.331288,1.06234,-0.718409
-1.39456,-0.331375,1.06223,-0.716864
-1.30977,-0.335888,1.05689,-0.641151
-1.30771,-0.335995,1.05677,-0.639267
-1.20256,-0.341486,1.05054,-0.537086
-1.20044,-0.341596,1.05041,-0.534906
-1.11834,-0.345512,1.04555,-0.446733
-1.02843,-0.348823,1.03996,-0.344111
-1.02636,-0.348881,1.03983,-0.341684
-0.936291,-0.350826,1.03403,-0.233254
-0.934238,-0.350864,1.03389,-0.230758
-0.848098,-0.351973,1.02825,-0.125277
-0.84607,-0.351987,1.02811,-0.122751
-0.739299,-0.35257,1.0209,0.0116941
-0.737311,-0.352575,1.02076,0.0142333
-0.64306,-0.352896,1.01416,0.136303
-0.641109,-0.352906,1.01403,0.138848
-0.540727,-0.352206,1.00727,0.272798
-0.539275,-0.352146,1.00718,0.274991
-0.48942,-0.346778,1.00408,0.391507
-0.489207,-0.346685,1.00406,0.392786
-0.489004,-0.346593,1.00403,0.394053
-0.485755,-0.336419,1.00363,0.465768
-0.485854,-0.335946,1.00362,0.467142
-0.5244,-0.26903,1.00325,0.597222
-0.525541,-0.267466,1.00323,0.60002
-0.526696,-0.265892,1.00322,0.60284
-0.593576,-0.181894,1.0022,0.762409
-0.595126,-0.180033,1.00217,0.766194
-0.707247,-0.0504151,0.999682,1.05341
-0.709033,-0.0484763,0.99964,1.05808
-0.71082,-0.0465411,0.999598,1.06276
-0.834806,0.0758519,0.997327,1.39297
-0.836726,0.077584,0.997292,1.3981
-1.00248,0.20897,0.994782,1.8391
-1.00446,0.210361,0.994751,1.84443
-1.00644,0.211748,0.994721,1.84977
-1.00842,0.213131,0.994692,1.85511
-1.21015,0.338595,0.991199,2.42156
-1.21198,0.33962,0.991167,2.42699
-1.2138,0.340641,0.991134,2.43242
-1.21562,0.34166,0.991102,2.43785
-1.33423,0.391661,0.989731,2.88811
-1.34319,0.370428,0.987407,3.12614
-1.34319,0.370235,0.987389,3.12719
-1.36609,0.376581,0.993844,-3.11026
-1.36702,0.377158,0.99406,-3.1104
-1.36797,0.377748,0.994279,-3.11055
-1.36893,0.378351,0.994502,-3.11072
-1.36992,0.378966,0.994728,-3.11091
-1.37092,0.379592,0.994957,-3.11111
-1.37193,0.380231,0.99519,-3.11133
-1.37296,0.380881,0.995427,-3.11157
-1.37401,0.381543,0.995668,-3.11183
-1.50194,0.469774,1.03048,3.08369
-1.50356,0.470945,1.03097,3.08208
-1.50518,0.472117,1.03147,3.08045
-1.5068,0.473291,1.03197,3.07882
-1.63817,0.571428,1.07337,2.92063
-1.63979,0.572688,1.07389,2.9184
-1.64142,0.573949,1.07441,2.91615
-1.79983,0.702453,1.12546,2.67743
-1.80135,0.703727,1.12595,2.67499
-1.80287,0.705,1.12645,2.67256
-1.80439,0.706275,1.12694,2.67012
-1.95064,0.830818,1.17508,2.43075
-1.95208,0.832065,1.17557,2.42832
-1.95353,0.83331,1.17606,2.4259
-1.95497,0.834554,1.17655,2.42347
-2.07485,0.939343,1.21699,2.21523
-2.07579,0.940239,1.21732,2.21321
-2.07671,0.941122,1.21765,2.21119
-2.07762,0.94199,1.21797,2.20919
-2.10462,0.975064,1.23118,2.08806
-2.1046,0.975185,1.23121,2.08712
-2.10457,0.975304,1.23124,2.08619
-2.10079,0.979761,1.23073,2.04748
-2.10073,0.97981,1.2307,2.04708
-2.10066,0.979859,1.23067,2.04669
-2.09115,1.00463,1.22812,2.04815
-2.09069,1.00544,1.22801,2.04889
-2.09022,1.00626,1.22789,2.04966
-2.08974,1.00709,1.22776,2.05045
-2.00531,1.12004,1.20678,2.21168
-2.00425,1.12132,1.2065,2.21411
-2.00318,1.12261,1.20622,2.21654
-2.00212,1.12389,1.20593,2.219
-1.9028,1.23642,1.17833,2.48327
-1.90172,1.23757,1.17802,2.48644
-1.90064,1.23871,1.17772,2.48961
-1.79046,1.34547,1.1481,2.81342
-1.78928,1.34651,1.1478,2.8168
-1.78811,1.34755,1.1475,2.82018
-1.78693,1.34859,1.1472,2.82356
-1.67651,1.43864,1.12099,3.1253
-1.6752,1.43963,1.1207,3.12869
-1.67389,1.44063,1.1204,3.13208
-1.67258,1.44162,1.12011,3.13547
-1.56383,1.52003,1.09724,-2.87441
-1.56286,1.52066,1.09702,-2.87159
-1.56191,1.52128,1.09681,-2.8688
-1.56097,1.52189,1.0966,-2.86602
-1.51599,1.52675,1.08585,-2.64275
-1.51592,1.52665,1.08587,-2.64214
-1.51585,1.52655,1.08589,-2.64155
-1.49458,1.53665,1.09136,-2.63728
-1.4938,1.53724,1.09152,-2.63821
-1.493,1.53784,1.09168,-2.63918
-1.49219,1.53846,1.09184,-2.64019
-1.49136,1.5391,1.092,-2.64122
-1.49052,1.53974,1.09217,-2.6423
-1.37214,1.63632,1.11216,-2.8672
-1.37057,1.63768,1.1124,-2.87098
-1.369,1.63905,1.11265,-2.87478
-1.22495,1.77224,1.13372,3.01191
-1.22316,1.77388,1.13397,3.00681
-1.22138,1.77551,1.13421,3.0017
-1.21959,1.77715,1.13446,2.99658
-1.04223,1.92421,1.15699,2.50578
-1.04007,1.92581,1.15725,2.50016
-1.0379,1.92742,1.1575,2.49455
-1.03573,1.92902,1.15775,2.48893
-0.816212,2.06471,1.18162,1.95805
-0.813724,2.06601,1.18187,1.95229
-0.811233,2.06731,1.18212,1.94652
-0.808739,2.0686,1.18237,1.94076
-0.595627,2.15959,1.20303,1.45812
-0.593216,2.16036,1.20323,1.45264
-0.590822,2.16112,1.20344,1.44718
-0.45139,2.16977,1.21265,0.915681
-0.451195,2.16962,1.21262,0.914145
-0.451002,2.16946,1.2126,0.912629
-0.450811,2.16931,1.21257,0.911132
-0.450621,2.16916,1.21255,0.909655
-0.450433,2.16901,1.21252,0.908198
-0.401902,2.16895,1.21332,0.789696
-0.400542,2.16917,1.21332,0.787938
-0.399162,2.16939,1.21331,0.786165
-0.397764,2.16962,1.21331,0.784376
-0.225369,2.1926,1.21384,0.559409
-0.223236,2.19284,1.21386,0.556266
-0.221103,2.19308,1.21388,0.553109
-0.218969,2.19331,1.2139,0.549939
-0.0182063,2.21019,1.21521,0.207091
-0.0161755,2.2103,1.21522,0.203162
-0.0141461,2.2104,1.21522,0.199226
-0.0040186,2.2109,1.21525,0.17946
0.136813,2.21537,1.21555,-0.110987
0.138717,2.2154,1.21555,-0.115159
0.140618,2.21543,1.21556,-0.119333
0.237325,2.21706,1.21573,-0.342496
0.239084,2.2171,1.21573,-0.346721
0.347216,2.22103,1.21587,-0.621876
0.348822,2.22114,1.21587,-0.62613
0.43685,2.22842,1.21585,-0.86588
0.438216,2.22854,1.21585,-0.86988
0.439569,2.22866,1.21585,-0.873865
0.47671,2.22866,1.21353,-1.2644
0.47657,2.22861,1.21352,-1.26513
0.476431,2.22857,1.21352,-1.26586
0.476294,2.22853,1.21351,-1.26658
0.476158,2.22848,1.2135,-1.26728
0.476024,2.22844,1.2135,-1.26797
0.475891,2.2284,1.21349,-1.26866
0.478269,2.22029,1.21571,-1.29942
0.478601,2.21977,1.21578,-1.29962
0.478943,2.21922,1.21585,-1.29981
0.515956,2.14194,1.22355,-1.29358
0.516641,2.14033,1.22372,-1.29322
0.564322,2.02251,1.23798,-1.25473
0.565051,2.02069,1.23822,-1.25397
0.56578,2.01887,1.23846,-1.25321
0.610731,1.90713,1.25337,-1.20049
0.611479,1.9053,1.25361,-1.19955
0.612227,1.90347,1.25386,-1.1986
0.660678,1.78665,1.26899,-1.13523
0.661447,1.78481,1.26922,-1.13421
0.715116,1.65768,1.28506,-1.06265
0.715896,1.65584,1.28529,-1.06161
0.716676,1.65401,1.28552,-1.06056
0.765596,1.53897,1.29994,-0.994349
0.766353,1.53719,1.30017,-0.993317
0.76711,1.5354,1.3004,-0.992285
0.812169,1.42943,1.31323,-0.932143
0.812907,1.42772,1.31342,-0.931168
0.853546,1.34065,1.32532,-0.852685
0.853618,1.34057,1.32533,-0.852304
0.853688,1.34051,1.32534,-0.851928
0.853756,1.34045,1.32535,-0.851556
0.853823,1.34039,1.32536,-0.851189
0.858845,1.33763,1.32414,-0.836551
0.85916,1.3375,1.32402,-0.836327
0.898514,1.33339,1.30996,-0.827801
0.899777,1.3334,1.30953,-0.827677
0.972401,1.33864,1.28494,-0.823534
0.974154,1.33883,1.28434,-0.823476
1.06716,1.35015,1.25214,-0.821613
1.06902,1.35038,1.25148,-0.821594
1.13258,1.35848,1.22876,-0.821242
1.21591,1.36901,1.1989,-0.821357
1.2178,1.36925,1.19823,-0.821364
1.27232,1.37612,1.17873,-0.821622
1.27981,1.37707,1.17605,-0.821666
1.36589,1.38799,1.14531,-0.822208
1.47507,1.40192,1.10655,-0.822903
1.47692,1.40215,1.10589,-0.822915
1.47877,1.40239,1.10523,-0.822926
1.57744,1.41492,1.07029,-0.823486
1.5793,1.41516,1.06963,-0.823496
1.67317,1.42716,1.03653,-0.823978
1.67504,1.42739,1.0359,-0.82399
1.78465,1.44098,1.00193,-0.821473
1.78513,1.44109,1.00198,-0.821194
1.78562,1.44121,1.00204,-0.8209
1.78613,1.44134,1.00212,-0.820591
1.78665,1.44147,1.0022,-0.820267
1.83307,1.45745,1.01664,-0.782201
1.83443,1.45801,1.01714,-0.780929
1.91764,1.49665,1.05089,-0.69018
1.91946,1.49756,1.05168,-0.687918
2.02044,1.55035,1.0972,-0.545339
2.0223,1.55137,1.09807,-0.542376
2.13558,1.61517,1.15165,-0.345818
2.1374,1.61626,1.15253,-0.342396
2.13923,1.61734,1.1534,-0.338969
2.25198,1.68814,1.20778,-0.115936
2.25372,1.6893,1.20864,-0.112305
2.3684,1.76925,1.26628,0.136975
2.37002,1.77043,1.26713,0.140667
2.37164,1.77161,1.26797,0.14436
2.48192,1.85473,1.32752,0.404212
2.48343,1.85591,1.32837,0.40793
2.48493,1.85709,1.32923,0.411649
2.58888,1.94168,1.38846,0.684665
2.58983,1.94257,1.38904,0.687854
2.59077,1.94346,1.38961,0.691026
2.61701,1.97794,1.41255,0.870915
2.617,1.97813,1.41265,0.872668
2.61698,1.97832,1.41275,0.874402
2.60769,1.98988,1.41185,0.977602
2.60762,1.98994,1.41182,0.977945
2.60756,1.99,1.41178,0.97828
2.62182,2.0117,1.41424,0.998947
2.62247,2.01256,1.41427,0.99915
2.62314,2.01344,1.4143,0.999352
2.62381,2.01433,1.41433,0.999552
2.6245,2.01524,1.41436,0.999751
2.70657,2.13207,1.41614,1.01149
2.70766,2.13367,1.41616,1.01158
2.70875,2.13527,1.41618,1.01166
2.70984,2.13688,1.4162,1.01174
2.79929,2.2684,1.41719,1.01538
2.80156,2.27172,1.4172,1.01541
2.80269,2.27339,1.4172,1.01543
2.88676,2.39611,1.41716,1.01579
2.88789,2.39775,1.41716,1.01578
2.88901,2.39939,1.41715,1.01578
2.96028,2.50309,1.41681,1.01534
3.03872,2.61709,1.41645,1.01476
3.03986,2.61874,1.41645,1.01475
3.04099,2.62039,1.41644,1.01474
3.04213,2.62204,1.41644,1.01473
3.11578,2.72908,1.4159,1.01427
3.11687,2.73066,1.41589,1.01426
3.11794,2.73222,1.41588,1.01426
3.17198,2.80982,1.41646,1.01377
3.17199,2.80983,1.41645,1.01377
3.17199,2.80984,1.41643,1.01377
3.172,2.80984,1.41641,1.01377
3.17201,2.80985,1.4164,1.01377
3.17202,2.80986,1.41638,1.01377
3.17242,2.81343,1.41627,1.01211
3.17239,2.81373,1.41628,1.01198
3.15607,2.84767,1.41809,0.995218
3.11422,2.90301,1.42166,0.960187
3.11313,2.90434,1.42175,0.95923
3.11203,2.90566,1.42184,0.958266
3.05773,2.9687,1.42648,0.905994
3.0565,2.97009,1.42659,0.904709
2.99591,3.03786,1.43183,0.835692
2.99468,3.03923,1.43194,0.834181
2.93024,3.11043,1.43734,0.750757
2.92905,3.11173,1.43744,0.749135
2.87035,3.1755,1.44234,0.668038
2.86914,3.17681,1.44244,0.666357
2.81061,3.23944,1.44721,0.585264
2.8094,3.24073,1.44731,0.583569
2.74911,3.30391,1.45213,0.500424
2.74788,3.30519,1.45223,0.498732
2.681,3.37371,1.4576,0.407564
2.67976,3.37496,1.4577,0.405883
2.58737,3.46539,1.46338,0.255732
2.58713,3.46557,1.46338,0.254814
2.5869,3.46574,1.46338,0.253905
2.58667,3.4659,1.46338,0.253004
2.58646,3.46606,1.46337,0.252113
2.58022,3.47295,1.46376,0.199524
2.58022,3.47332,1.46373,0.198286
2.60329,3.52414,1.45487,0.0680654
2.604,3.52526,1.45464,0.0651495
2.60471,3.52639,1.4544,0.0622082
2.64962,3.59296,1.43906,-0.140525
2.65043,3.59418,1.43877,-0.144735
2.6898,3.65762,1.42234,-0.393953
2.69042,3.65877,1.42203,-0.398931
2.71723,3.71803,1.40582,-0.664663
2.71766,3.7192,1.40549,-0.670072
2.71808,3.72037,1.40517,-0.675483
2.73205,3.77005,1.39205,-0.902124
2.73988,3.82183,1.37963,-1.12453
2.74002,3.82324,1.37932,-1.1303
2.74353,3.87651,1.368,-1.33937
2.74463,3.94154,1.3556,-1.57358
2.74463,3.94326,1.35529,-1.57946
2.74465,4.05639,1.33666,-1.93411
2.74468,4.05844,1.33635,-1.94004
2.74616,4.22283,1.31278,-2.47948
2.746,4.22351,1.31267,-2.48305
2.74584,4.22418,1.31256,-2.4866
2.74568,4.22484,1.31245,-2.49011
2.74552,4.22549,1.31234,-2.4936
2.73861,4.24729,1.30969,-2.61701
2.73842,4.24782,1.30965,-2.61939
2.70386,4.28735,1.30422,-2.70384
2.70273,4.28812,1.30407,-2.70436
2.59843,4.33804,1.29138,-2.67549
2.59673,4.3387,1.29118,-2.67427
2.59503,4.33936,1.29098,-2.67304
2.47273,4.38244,1.27691,-2.54684
2.471,4.38301,1.2767,-2.54464
2.46928,4.38358,1.2765,-2.54243
2.35394,4.42094,1.26253,-2.3765
2.35232,4.42147,1.26233,-2.37396
2.3507,4.42201,1.26213,-2.37141
2.2403,4.45943,1.24782,-2.19127
2.23871,4.45999,1.24761,-2.18862
2.13592,4.49791,1.23379,-2.0141
2.13438,4.49851,1.23358,-2.01146
2.13284,4.49912,1.23337,-2.00882
2.04614,4.53465,1.22158,-1.85922
2.04463,4.5353,1.22138,-1.85662
1.96792,4.56916,1.21086,-1.70961
1.9672,4.5695,1.21074,-1.70766
1.96651,4.56984,1.21061,-1.70572
1.95041,4.58063,1.20582,-1.61373
1.95044,4.5807,1.20578,-1.61263
1.94861,4.59579,1.21616,-1.53982
1.9484,4.59646,1.21663,-1.53875
1.94819,4.59715,1.21711,-1.53768
1.94797,4.59785,1.21759,-1.5366
1.92535,4.69277,1.27829,-1.42227
1.92476,4.69592,1.28026,-1.41851
1.92446,4.6975,1.28125,-1.41662
1.9036,4.83898,1.37057,-1.22752
1.90339,4.84071,1.37165,-1.22503
1.90318,4.84245,1.37274,-1.22253
1.88564,4.99208,1.46422,-0.998419
1.88521,4.99571,1.46636,-0.99294
1.86768,5.13683,1.54796,-0.779208
1.86744,5.13868,1.54901,-0.776421
1.8672,5.14054,1.55006,-0.773632
1.86696,5.14239,1.55112,-0.770842
1.86672,5.14424,1.55217,-0.768051
1.84657,5.28515,1.63077,-0.558947
1.84627,5.28706,1.63181,-0.556172
1.84598,5.28896,1.63285,-0.553398
1.82446,5.41126,1.69607,-0.375228
1.82416,5.41275,1.69676,-0.372869
1.82386,5.41422,1.69743,-0.370523
1.80056,5.50467,1.72539,-0.155361
1.79981,5.5054,1.72524,-0.154008
1.79905,5.50614,1.72509,-0.152648
1.79826,5.50688,1.72493,-0.151278
1.79745,5.50764,1.72476,-0.149899
1.79663,5.5084,1.72458,-0.148511
1.70603,5.57405,1.69872,-0.0288791
1.7044,5.57513,1.69819,-0.0267932
1.70277,5.57621,1.69765,-0.0246982
1.61215,5.63643,1.66572,0.101014
1.61044,5.63759,1.66509,0.103551
1.48721,5.71989,1.62086,0.294556
1.48541,5.72108,1.62023,0.297439
1.4836,5.72227,1.61959,0.300326
1.37067,5.79486,1.58181,0.480741
1.36879,5.79605,1.5812,0.48375
1.24609,5.87066,1.54262,0.678086
1.24412,5.87181,1.54202,0.681138
1.24216,5.87296,1.54142,0.684189
1.13309,5.93477,1.50857,0.852107
1.13109,5.93586,1.50798,0.855151
1.00748,6.00119,1.47184,1.04064
1.00545,6.00221,1.47129,1.04358
1.00343,6.00323,1.47075,1.04651
0.92172,6.04239,1.44959,1.17937
0.886191,6.059,1.43999,1.27672
0.885872,6.05914,1.43991,1.27805
0.885561,6.05927,1.43983,1.27937
0.879079,6.06184,1.43838,1.31042
0.863937,6.06367,1.43775,1.34559
0.863207,6.06363,1.43777,1.34654
0.833175,6.05784,1.43931,1.37455
0.76914,6.03635,1.44361,1.41704
0.679805,6.00113,1.45005,1.47447
0.677845,6.00034,1.45019,1.47579
0.594108,5.96622,1.45649,1.534
0.592108,5.9654,1.45664,1.53545
0.51445,5.93332,1.46266,1.5936
0.512471,5.9325,1.46281,1.59513
0.432732,5.89932,1.46906,1.65777
0.343354,5.86148,1.47605,1.72914
0.341304,5.8606,1.4762,1.73078
0.261438,5.82611,1.48231,1.79535
0.259387,5.82522,1.48247,1.79702
0.189844,5.79477,1.48778,1.85372
0.115271,5.76163,1.4936,1.91542
0.0434631,5.72923,1.49911,1.97515
0.0414813,5.72833,1.49926,1.97681
-0.117267,5.65361,1.51022,2.12462
-0.117913,5.65329,1.51025,2.12563
-0.118545,5.65298,1.51029,2.12663
-0.119161,5.65268,1.51032,2.12761
-0.139736,5.64311,1.51229,2.16829
-0.140243,5.64292,1.51236,2.16903
-0.194935,5.62922,1.51917,2.21179
-0.196479,5.62889,1.51935,2.21266
-0.309044,5.60477,1.53316,2.27289
-0.311045,5.60434,1.53343,2.27399
-0.313048,5.60391,1.53369,2.2751
-0.436107,5.57806,1.55066,2.34757
-0.438186,5.57763,1.55095,2.34886
-0.542192,5.55572,1.56561,2.41645
-0.544286,5.55528,1.5659,2.41784
-0.662384,5.52939,1.58226,2.49916
-0.664461,5.52893,1.58254,2.50061
-0.666538,5.52846,1.58283,2.50207
-0.795451,5.49915,1.60041,2.5932
-0.797507,5.49867,1.60069,2.59468
-0.940461,5.46482,1.62027,2.69807
-0.942497,5.46433,1.62055,2.69955
-0.944535,5.46384,1.62083,2.70103
-1.07034,5.4333,1.63763,2.7917
-1.07225,5.43283,1.63787,2.79309
-1.07414,5.43235,1.63811,2.79446
-1.17534,5.3973,1.6525,2.9043
-1.17582,5.39684,1.65249,2.90462
-1.1763,5.39636,1.65249,2.90492
-1.17679,5.39587,1.65248,2.9052
-1.2205,5.32783,1.64722,2.88907
-1.2213,5.32636,1.64708,2.88832
-1.2221,5.32488,1.64695,2.88755
-1.27136,5.22812,1.63777,2.81927
-1.27217,5.22647,1.63761,2.81782
-1.27298,5.22482,1.63744,2.81637
-1.32183,5.12275,1.62694,2.71143
-1.32258,5.12115,1.62677,2.7096
-1.3669,5.02511,1.61681,2.59379
-1.36762,5.02352,1.61665,2.59179
-1.36835,5.02193,1.61649,2.5898
-1.41507,4.91599,1.60584,2.45413
-1.41575,4.9144,1.60568,2.45209
-1.41643,4.9128,1.60552,2.45005
-1.45864,4.81103,1.59532,2.31964
-1.45929,4.80941,1.59516,2.3176
-1.4986,4.70951,1.58546,2.19344
-1.49923,4.70789,1.58531,2.19143
-1.49986,4.70626,1.58515,2.18942
-1.53475,4.60533,1.5735,2.02405
-1.53475,4.60513,1.57344,2.02304
-1.53474,4.60495,1.57339,2.02205
-1.53473,4.60476,1.57334,2.02106
-1.53406,4.59552,1.56946,1.98663
-1.53418,4.59506,1.56925,1.98673
-1.55666,4.52235,1.53637,2.07119
-1.55719,4.52074,1.53559,2.07367
-1.55772,4.51912,1.5348,2.07618
-1.65002,4.2712,1.40642,2.59751
-1.65076,4.269,1.40533,2.60271
-1.65151,4.26679,1.40424,2.60792
-1.65225,4.26458,1.40314,2.61315
-1.65299,4.26237,1.40205,2.61838
-1.69655,4.10342,1.32888,2.99266
-1.69755,4.09856,1.32676,3.00407
-1.69804,4.09613,1.3257,3.00978
-1.72085,3.91606,1.24873,-2.84725
-1.72099,3.91356,1.24768,-2.84131
-1.72113,3.91105,1.24662,-2.83537
-1.71303,3.69655,1.15337,-2.30229
-1.71275,3.69425,1.15232,-2.29627
-1.71246,3.69196,1.15127,-2.29024
-1.71218,3.68967,1.15023,-2.28422
-1.67361,3.53059,1.07706,-1.79352
-1.67311,3.52966,1.07659,-1.78876
-1.67261,3.52877,1.07614,-1.78403
-1.65068,3.5063,1.06158,-1.57538
-1.63486,3.49854,1.05519,-1.42005
-1.63488,3.49803,1.05507,-1.41861
-1.63492,3.49749,1.05495,-1.4172
-1.63496,3.49693,1.05483,-1.41582
-1.66687,3.41992,1.04735,-1.38779
-1.66772,3.41834,1.04727,-1.38829
-1.66858,3.41676,1.04718,-1.3888
-1.75152,3.28138,1.04248,-1.48801
-1.75269,3.2796,1.04244,-1.48985
-1.75386,3.27782,1.0424,-1.49171
-1.84129,3.15072,1.03933,-1.64824
-1.84252,3.149,1.03928,-1.65059
-1.84376,3.14728,1.03924,-1.65294
-1.93044,3.03044,1.03578,-1.81895
-1.93172,3.02878,1.03574,-1.82143
-1.93299,3.02712,1.03569,-1.8239
-2.02414,2.91066,1.03205,-2.00258
-2.02541,2.90906,1.032,-2.00506
-2.02668,2.90745,1.03195,-2.00754
-2.13418,2.77251,1.02753,-2.21603
-2.13545,2.77092,1.02748,-2.21848
-2.13672,2.76935,1.02742,-2.22092
-2.13925,2.7662,1.02732,-2.22578
-2.21254,2.68547,1.02543,-2.40041
-2.21284,2.68527,1.02543,-2.40177
-2.21314,2.68508,1.02542,-2.40311
-2.22095,2.68313,1.02497,-2.4492
-2.22106,2.68317,1.02496,-2.45003
-2.24752,2.6635,1.02831,-2.49454
-2.24836,2.66263,1.02845,-2.4947
-2.24922,2.66175,1.02859,-2.49486
-2.25009,2.66086,1.02874,-2.495
-2.36873,2.53457,1.05573,-2.48123
-2.37005,2.53315,1.05609,-2.48087
-2.37137,2.53172,1.05645,-2.4805
-2.37269,2.5303,1.05681,-2.48013
-2.5028,2.38823,1.09289,-2.43283
-2.50413,2.38676,1.09325,-2.43228
-2.50546,2.38529,1.09361,-2.43173
-2.5068,2.38382,1.09397,-2.43117
-2.63542,2.2407,1.12836,-2.37533
-2.63804,2.23778,1.12905,-2.37418
-2.63935,2.23632,1.1294,-2.37361
-2.64066,2.23485,1.12975,-2.37303
-2.74078,2.1229,1.15611,-2.32948
-2.7421,2.12143,1.15646,-2.32891
-2.74342,2.11996,1.15681,-2.32835
-2.83686,2.01526,1.18072,-2.2883
-2.83799,2.01397,1.181,-2.28779
-2.83911,2.01271,1.18127,-2.28729
-2.88547,1.95702,1.19531,-2.24681
-2.88547,1.95698,1.19529,-2.24667
-2.88548,1.95695,1.19528,-2.24653
-2.88548,1.95692,1.19527,-2.24639
-2.88549,1.95688,1.19525,-2.24625
-2.89038,1.94249,1.19925,-2.24796
-2.89059,1.94176,1.19942,-2.24832
-2.89081,1.941,1.1996,-2.24869
-2.90856,1.85334,1.22036,-2.30585
-2.90884,1.85166,1.22077,-2.30717
-2.90911,1.84997,1.22119,-2.3085
-2.92664,1.72711,1.25428,-2.42855
-2.92688,1.72533,1.25478,-2.43058
-2.92712,1.72356,1.25527,-2.43261
-2.94268,1.61351,1.28695,-2.57433
-2.94292,1.61183,1.28744,-2.57668
-2.95948,1.49479,1.32135,-2.74792
-2.95971,1.49312,1.32183,-2.75044
-2.95993,1.49146,1.32232,-2.75295
-2.97435,1.37338,1.35669,-2.93509
-2.97452,1.37177,1.35716,-2.93763
-2.97469,1.37017,1.35763,-2.94016
-2.99037,1.14674,1.42242,2.97839
-2.99038,1.14595,1.42265,2.97647
-2.9904,1.14517,1.42287,2.97457
-2.9904,1.14441,1.42309,2.97268
-2.99041,1.14367,1.4233,2.97081
-2.99042,1.14295,1.42351,2.96895
-2.99314,1.12963,1.42768,2.81789
-2.99362,1.12977,1.42748,2.81726
-2.99411,1.12991,1.42727,2.81663
-2.99463,1.13006,1.42705,2.816
-2.99517,1.13023,1.42683,2.81537
-2.99572,1.1304,1.4266,2.81473
-3.08111,1.17108,1.39445,2.76341
-3.08266,1.17192,1.39388,2.76264
-3.08421,1.17276,1.39331,2.76186
-3.08576,1.17361,1.39274,2.76108
-3.21491,1.24704,1.34433,2.69246
-3.21656,1.248,1.3437,2.69152
-3.21821,1.24895,1.34308,2.69057
-3.33472,1.3166,1.29806,2.62023
-3.33801,1.31852,1.29678,2.61817
-3.33965,1.31948,1.29614,2.61714
-3.44747,1.38292,1.25447,2.54813
-3.4491,1.38388,1.25384,2.54707
-3.45072,1.38484,1.25321,2.54601
-3.5645,1.45221,1.20901,2.47144
-3.56612,1.45317,1.20838,2.47037
-3.6768,1.51925,1.16618,2.39651
-3.72992,1.55399,1.1465,2.34293
-3.73016,1.55419,1.14639,2.34238
-3.73039,1.55439,1.14627,2.34183
-3.73062,1.55457,1.14616,2.3413
-3.73083,1.55476,1.14605,2.34076
-3.73424,1.55974,1.1432,2.31989
-3.73881,1.56058,1.14335,2.31518
-3.73927,1.56048,1.14338,2.31556
-3.73975,1.56038,1.14342,2.31597
-3.74025,1.56027,1.14346,2.3164
-3.81919,1.52474,1.14898,2.40204
-3.82262,1.52286,1.14924,2.40636
-3.82435,1.5219,1.14938,2.40856
-3.93957,1.453,1.15889,2.57875
-3.94158,1.45174,1.15907,2.58213
-4.07562,1.3631,1.17133,2.83625
-4.07758,1.36172,1.17152,2.84037
-4.07954,1.36034,1.1717,2.8445
-4.19217,1.27539,1.18244,3.09814
-4.19401,1.27391,1.18262,3.10256
-4.28528,1.19578,1.19184,-2.94693
-4.28696,1.19427,1.19201,-2.94239
-4.36658,1.1202,1.20059,-2.71792
-4.36815,1.11869,1.20076,-2.71333
-4.45488,1.03208,1.21115,-2.4415
-4.45627,1.03066,1.21133,-2.43689
-4.45765,1.02924,1.2115,-2.43229
-4.54069,0.941589,1.22207,-2.13585
-4.54162,0.940471,1.2222,-2.13173
-4.5652,0.889581,1.23057,-1.80549
-4.56513,0.889083,1.23067,-1.803
-4.56504,0.888562,1.23077,-1.8005
-4.56496,0.888019,1.23087,-1.798
-4.56487,0.887453,1.23098,-1.79549
-4.54745,0.818672,1.2399,-1.62895
-4.54635,0.815348,1.24034,-1.62231
-4.50749,0.713469,1.25578,-1.41133
-4.50672,0.711606,1.25609,-1.40715
-4.50595,0.709743,1.25641,-1.40296
-4.44561,0.570402,1.28228,-1.04571
-4.44483,0.568712,1.28262,-1.04073
-4.44405,0.567026,1.28295,-1.03574
-4.37852,0.428001,1.31338,-0.550124
-4.37792,0.426669,1.3137,-0.544729
-4.37732,0.42534,1.31401,-0.539329
-4.37673,0.424012,1.31433,-0.533924
-4.34105,0.327799,1.33874,-0.11669
-4.34072,0.326582,1.33906,-0.111134
-4.3404,0.325366,1.33938,-0.10558
-4.32922,0.227848,1.36566,0.352848
-4.32927,0.226651,1.36598,0.358442
-4.32932,0.225454,1.3663,0.364032
-4.36124,0.152908,1.38383,0.928273
-4.36156,0.152984,1.38382,0.930812
-4.36188,0.153063,1.38382,0.933325
-4.3622,0.153144,1.38381,0.935813
-4.36251,0.153228,1.3838,0.938275
-4.38962,0.152712,1.39506,1.04727
-4.39032,0.152495,1.39549,1.04738
-4.39104,0.152273,1.39593,1.04745
-4.39176,0.152048,1.39637,1.04748
-4.46426,0.134108,1.43784,0.960594
-4.46561,0.133813,1.4386,0.958015
-4.56148,0.107652,1.49612,0.713665
-4.56288,0.107155,1.49699,0.709342
-4.56429,0.106654,1.49786,0.705
-4.67887,0.0561411,1.56617,0.321434
-4.68039,0.0553797,1.56703,0.316201
-4.68193,0.0546157,1.56789,0.31096
-4.80908,-0.00887395,1.63345,-0.10214
-4.81091,-0.00974955,1.63431,-0.107715
-4.81275,-0.0106256,1.63517,-0.113294
-4.96628,-0.0766759,1.70121,-0.543597
-4.96847,-0.0774964,1.70207,-0.549302
-4.97067,-0.0783144,1.70293,-0.555005
-4.97288,-0.07913,1.7038,-0.560707
-5.13951,-0.13085,1.76508,-0.971671
-5.14191,-0.131442,1.76588,-0.977281
-5.14431,-0.132028,1.76667,-0.98288
-5.31201,-0.156878,1.81078,-1.50479
-5.31243,-0.156903,1.8108,-1.50726
-5.31283,-0.156926,1.81083,-1.50971
-5.31324,-0.156949,1.81085,-1.51213
-5.31363,-0.15697,1.81087,-1.51452
-5.34844,-0.158637,1.8043,-1.64106
-5.34936,-0.158704,1.80389,-1.64242
-5.3503,-0.158772,1.80348,-1.64378
-5.56939,-0.186177,1.66065,-1.77119
-5.57106,-0.186437,1.6594,-1.77181
-5.57273,-0.186697,1.65814,-1.77243
-5.5744,-0.186957,1.65689,-1.77305
-5.57606,-0.187217,1.65563,-1.77366
-5.69528,-0.20563,1.56472,-1.816
-5.69694,-0.205881,1.56346,-1.81658
-5.6986,-0.206131,1.56219,-1.81715
-5.79347,-0.220158,1.49066,-1.85038
-5.79508,-0.22039,1.48944,-1.85096
-5.7967,-0.220622,1.48821,-1.85154
-5.91133,-0.236945,1.40207,-1.89286
-5.91293,-0.237169,1.40086,-1.89344
-5.91453,-0.237393,1.39966,-1.89403
-6.02547,-0.252866,1.31637,-1.9347
-6.02712,-0.253094,1.31514,-1.9353
-6.02877,-0.253321,1.31391,-1.93591
-6.16363,-0.272383,1.21923,-1.99455
-6.16396,-0.27242,1.21898,-1.99487
-6.17464,-0.277775,1.20759,-2.0082
-6.17472,-0.278202,1.20738,-2.00824
-6.1748,-0.278652,1.20717,-2.00828
-6.17487,-0.279122,1.20695,-2.00831
-6.17494,-0.279615,1.20673,-2.00834
-6.17054,-0.337865,1.19207,-1.99959
-6.17029,-0.339406,1.19177,-1.99925
-6.17003,-0.34096,1.19147,-1.9989
-6.1513,-0.431081,1.17594,-1.97393
-6.15086,-0.432986,1.17564,-1.9733
-6.1243,-0.542644,1.15824,-1.93272
-6.12381,-0.544622,1.15793,-1.93191
-6.08978,-0.680195,1.13632,-1.87176
-6.08928,-0.682164,1.136,-1.87084
-6.08878,-0.684134,1.13569,-1.86992
-6.02234,-0.938205,1.09466,-1.74797
-6.02182,-0.940162,1.09434,-1.74703
-6.0213,-0.942121,1.09402,-1.74608
-6.02078,-0.94408,1.0937,-1.74514
-6.02026,-0.94604,1.09338,-1.74419
-5.98863,-1.06477,1.07408,-1.6875
-5.9881,-1.06674,1.07376,-1.68655
-5.98757,-1.06871,1.07344,-1.68561
-5.95541,-1.18698,1.05552,-1.62711
-5.95505,-1.18821,1.05536,-1.62636
-5.94257,-1.22637,1.05008,-1.59285
-5.94246,-1.22665,1.05003,-1.59239
-5.94235,-1.22691,1.04999,-1.59194
-5.93561,-1.2431,1.0507,-1.56822
-5.9354,-1.24377,1.05081,-1.56787
-5.87208,-1.44008,1.0989,-1.50388
-5.87146,-1.44193,1.09945,-1.50323
-5.87085,-1.44379,1.1,-1.50258
-5.87024,-1.44564,1.10055,-1.50193
-5.86963,-1.4475,1.1011,-1.50128
-5.83099,-1.56401,1.13619,-1.45703
-5.83038,-1.56583,1.13674,-1.45629
-5.82978,-1.56764,1.1373,-1.45555
-5.78618,-1.6978,1.17607,-1.4009
-5.78556,-1.69965,1.1766,-1.40011
-5.78494,-1.70149,1.17713,-1.39933
-5.73344,-1.85327,1.22124,-1.33326
-5.73281,-1.85512,1.22176,-1.33246
-5.73218,-1.85697,1.22229,-1.33166
-5.68366,-1.99919,1.2636,-1.26921
-5.68303,-2.00102,1.26414,-1.26841
-5.68241,-2.00286,1.26467,-1.26761
-5.68178,-2.00469,1.2652,-1.26681
-5.62955,-2.1486,1.30758,-1.18303
-5.62948,-2.14871,1.30762,-1.18272
-5.62941,-2.14881,1.30766,-1.1824
-5.62935,-2.14891,1.3077,-1.18209
-5.62928,-2.14901,1.30774,-1.18179
-5.61064,-2.17145,1.31018,-1.13101
-5.60986,-2.17229,1.31016,-1.12947
-5.60906,-2.17314,1.31014,-1.12789
-5.60824,-2.174,1.31012,-1.12628
-5.51678,-2.25102,1.30646,-0.941077
-5.51349,-2.25345,1.30631,-0.933695
-5.51184,-2.25466,1.30624,-0.929968
-5.37308,-2.3479,1.30019,-0.558925
-5.37143,-2.34892,1.30011,-0.553773
-5.36978,-2.34993,1.30003,-0.548613
-5.25347,-2.41667,1.29359,-0.136814
-5.25205,-2.41746,1.2935,-0.131069
-5.25063,-2.41824,1.29341,-0.12532
-5.15103,-2.47805,1.28614,0.35824
-5.15003,-2.47878,1.28605,0.364245
-5.14903,-2.47951,1.28597,0.370253
-5.14804,-2.48024,1.28588,0.376262
-5.07487,-2.56095,1.27746,0.959019
-5.07431,-2.56195,1.27737,0.965138
-5.07375,-2.56296,1.27729,0.971257
-5.071,-2.56805,1.27687,1.00187
-5.06579,-2.66986,1.26655,1.734
-5.06647,-2.67017,1.2665,1.739
-5.0668,-2.67032,1.26647,1.74146
-5.06714,-2.67047,1.26645,1.7439
-5.06747,-2.67061,1.26643,1.74631
-5.0678,-2.67076,1.26641,1.7487
-5.07057,-2.69124,1.26389,1.86129
-5.06936,-2.69253,1.26363,1.8622
-5.06872,-2.69319,1.26349,1.8626
-4.98397,-2.75554,1.24499,1.8153
-4.9823,-2.75659,1.24461,1.81362
-4.98061,-2.75765,1.24423,1.81191
-4.85206,-2.83091,1.21376,1.64353
-4.85013,-2.83194,1.2133,1.64057
-4.8482,-2.83297,1.21284,1.6376
-4.71079,-2.90735,1.18158,1.41027
-4.70875,-2.9085,1.18114,1.40673
-4.7067,-2.90965,1.18069,1.40319
-4.57103,-2.99009,1.15154,1.1622
-4.56898,-2.99136,1.15111,1.15849
-4.56693,-2.99264,1.15067,1.15478
-4.40862,-3.09781,1.11668,0.862161
-4.40661,-3.09923,1.11624,0.858388
-4.4046,-3.10066,1.1158,0.854613
-4.2287,-3.23536,1.07671,0.51656
-4.2269,-3.23685,1.07631,0.512962
-4.22511,-3.23834,1.07592,0.509376
-4.12888,-3.33496,1.05379,0.201608
-4.12878,-3.33519,1.05376,0.200254
-4.12869,-3.33542,1.05372,0.198916
-4.1286,-3.33564,1.05369,0.197594
-4.12852,-3.33586,1.05365,0.196287
-4.10932,-3.36082,1.05294,0.106021
-4.10849,-3.36157,1.05292,0.104385
-4.10764,-3.36234,1.05291,0.102732
-4.10677,-3.36312,1.05289,0.101062
-4.00421,-3.45889,1.05322,-0.084911
-3.87714,-3.58907,1.0572,-0.390561
-3.87564,-3.5907,1.05725,-0.394806
-3.87414,-3.59233,1.0573,-0.399059
-3.87264,-3.59396,1.05736,-0.403321
-3.87115,-3.59559,1.05741,-0.407593
-3.79102,-3.68859,1.06039,-0.663326
-3.78969,-3.69021,1.06043,-0.667996
-3.72821,-3.76904,1.06253,-0.901112
-3.72705,-3.77061,1.06257,-0.905948
-3.68318,-3.82967,1.06431,-1.09611
-3.6821,-3.83114,1.06436,-1.10102
-3.6334,-3.89673,1.06631,-1.33277
-3.63241,-3.89805,1.06635,-1.33771
-3.58983,-3.95261,1.06827,-1.55565
-3.58887,-3.95377,1.06831,-1.56062
-3.52829,-4.02167,1.07089,-1.87815
-3.52753,-4.0225,1.07091,-1.88271
-3.52132,-4.02786,1.06989,-2.35737
-3.52133,-4.02782,1.06993,-2.35789
-3.52135,-4.02777,1.06997,-2.35842
-3.52136,-4.02773,1.07001,-2.35896
-3.52137,-4.02768,1.07005,-2.35952
-3.52137,-4.02763,1.07008,-2.36009
-3.52137,-4.02757,1.07012,-2.36067
-3.52137,-4.02751,1.07016,-2.36126
-3.52136,-4.02745,1.07021,-2.36187
-3.52136,-4.02738,1.07025,-2.36248
-3.52144,-4.02049,1.07185,-2.3857
-3.52556,-3.9915,1.07421,-2.43421
-3.53541,-3.93613,1.0767,-2.51233
-3.53578,-3.93422,1.07677,-2.51503
-3.55179,-3.85547,1.07891,-2.62949
-3.56835,-3.77736,1.0803,-2.75165
-3.58739,-3.6835,1.08204,-2.90974
-3.58786,-3.68099,1.08209,-2.91409
-3.60652,-3.56906,1.08435,-3.11364
-3.60689,-3.56646,1.08441,-3.11833
-3.61923,-3.45619,1.0867,2.9641
-3.61943,-3.45356,1.08676,2.95924
-3.62608,-3.28564,1.09042,2.64305
-3.62607,-3.28304,1.09048,2.63805
-3.61985,-3.12658,1.09392,2.33118
-3.61966,-3.12407,1.09398,2.32613
-3.61946,-3.12156,1.09403,2.32107
-3.60236,-2.97196,1.09761,2.00802
-3.60202,-2.96964,1.09767,2.00304
-3.55947,-2.8394,1.10119,1.56868
-3.55919,-2.83926,1.10117,1.56623
-3.55891,-2.83913,1.10116,1.56381
-3.55864,-2.83901,1.10115,1.56142
-3.55836,-2.83889,1.10114,1.55905
-3.54358,-2.81947,1.09991,1.44887
-3.5435,-2.81857,1.09985,1.44845
-3.54343,-2.81766,1.09978,1.44806
-3.5518,-2.71012,1.09338,1.50419
-3.55209,-2.70824,1.09328,1.50606
-3.55237,-2.70635,1.09319,1.50796
-3.57938,-2.56489,1.08624,1.69926
-3.58026,-2.56094,1.08605,1.70583
-3.58071,-2.55896,1.08595,1.70913
-3.6259,-2.38783,1.07701,2.04479
-3.62693,-2.38427,1.07681,2.0527
-3.62744,-2.38249,1.07671,2.05666
-3.62796,-2.38071,1.07661,2.06062
-3.66365,-2.26079,1.0694,2.34391
-3.69472,-2.14717,1.0619,2.64033
-3.69509,-2.14565,1.0618,2.64446
-3.69545,-2.14412,1.0617,2.64858
-3.69581,-2.14259,1.06159,2.6527
-3.71377,-2.05447,1.05551,2.89564
-3.71402,-2.05302,1.05541,2.89969
-3.71426,-2.05157,1.0553,2.90373
-3.72336,-1.9825,1.04772,-3.03429
-3.72331,-1.9826,1.04768,-3.03244
-3.72325,-1.9827,1.04765,-3.03061
-3.72319,-1.98281,1.04761,-3.0288
-3.72163,-1.98045,1.04757,-2.95235
-3.72173,-1.97984,1.04758,-2.95218
-3.72184,-1.97921,1.04759,-2.95205
-3.73746,-1.90015,1.04672,-3.01005
-3.73784,-1.89819,1.04669,-3.01213
-3.73823,-1.89622,1.04665,-3.01423
-3.76367,-1.76337,1.04406,3.09278
-3.76412,-1.76096,1.04401,3.08907
-3.78964,-1.60523,1.04057,2.82136
-3.78998,-1.6027,1.0405,2.81669
-3.79031,-1.60017,1.04044,2.81201
-3.80346,-1.43984,1.03676,2.50083
-3.80354,-1.4373,1.0367,2.4957
-3.80053,-1.26724,1.0328,2.13393
-3.80038,-1.26486,1.03274,2.12862
-3.80022,-1.26248,1.03268,2.12332
-3.78395,-1.10648,1.02871,1.74968
-3.78367,-1.10434,1.02866,1.7443
-3.7834,-1.10221,1.0286,1.73893
-3.76091,-0.96026,1.02458,1.35794
-3.76057,-0.958479,1.02453,1.35273
-3.76022,-0.956711,1.02448,1.34754
-3.72186,-0.890724,1.02078,0.843895
-3.72169,-0.890891,1.02075,0.842225
-3.72151,-0.891058,1.02073,0.840575
-3.72134,-0.891225,1.0207,0.838946
-3.72117,-0.891392,1.02068,0.837337
-3.721,-0.891558,1.02065,0.835747
-3.71513,-0.889474,1.02127,0.7587
-3.71519,-0.888936,1.02132,0.757754
-3.73176,-0.814374,1.02925,0.707797
-3.73219,-0.812756,1.02943,0.707146
-3.73305,-0.809497,1.02981,0.705852
-3.7657,-0.695041,1.0447,0.668394
-3.76624,-0.693203,1.04495,0.667864
-3.76678,-0.691365,1.0452,0.667335
-3.79864,-0.583675,1.0601,0.637198
-3.79918,-0.581859,1.06035,0.636696
-3.83315,-0.466919,1.07599,0.604952
-3.83368,-0.465102,1.07624,0.604444
-3.83422,-0.463285,1.07649,0.603935
-3.86308,-0.365696,1.08956,0.576613
-3.86362,-0.363859,1.0898,0.576093
-3.89156,-0.269749,1.10225,0.549216
-3.89211,-0.267896,1.1025,0.548683
-3.92075,-0.17158,1.11523,0.520807
-3.9213,-0.169736,1.11547,0.520269
-3.95375,-0.0606744,1.12953,0.487973
-3.95421,-0.0591195,1.12972,0.487483
-3.95466,-0.0575821,1.1299,0.486996
-3.97443,0.0100833,1.13889,0.451829
-3.97441,0.0103029,1.13893,0.451635
-3.97437,0.0105277,1.13896,0.451446
-3.97433,0.0107581,1.139,0.45126
-3.94193,0.0368197,1.13803,0.448494
-3.9408,0.0374826,1.13797,0.448591
-3.86923,0.0743051,1.13481,0.459072
-3.86753,0.0751128,1.13474,0.459393
-3.77426,0.117935,1.13156,0.480765
-3.77242,0.118762,1.1315,0.481251
-3.76144,0.123716,1.13117,0.484213
-3.67455,0.162913,1.12852,0.510284
-3.67276,0.163725,1.12846,0.510864
-3.60244,0.195707,1.1261,0.534237
-3.491,0.246969,1.1222,0.57318
-3.4892,0.247799,1.12213,0.573817
-3.4874,0.248628,1.12207,0.574454
-3.41895,0.280259,1.11945,0.598727
-3.33458,0.319328,1.11625,0.628739
-3.22475,0.37015,1.11211,0.66759
-3.22293,0.370991,1.11204,0.668225
-3.22111,0.371833,1.11197,0.668858
-3.21929,0.372675,1.1119,0.669492
-3.10245,0.42835,1.1085,0.720536
-3.10213,0.428518,1.1085,0.720874
-3.10183,0.428681,1.10849,0.721208
-3.10153,0.428839,1.10849,0.721539
-3.09199,0.435178,1.1085,0.740836
-3.09168,0.435453,1.10847,0.741508
-3.04894,0.490444,1.10185,0.836466
-3.04804,0.491833,1.10169,0.838822
-3.04713,0.493233,1.10153,0.841205
-2.99106,0.590485,1.09134,1.02861
-2.99014,0.59221,1.09117,1.03238
-2.9341,0.703159,1.0793,1.31067
-2.9333,0.704818,1.07911,1.31537
-2.93251,0.706476,1.07892,1.32007
-2.87775,0.82518,1.06414,1.70471
-2.87709,0.826595,1.06395,1.70993
-2.87643,0.828006,1.06375,1.71516
-2.82572,0.925091,1.04886,2.12673
-2.82503,0.926196,1.04867,2.13217
-2.82433,0.927298,1.04847,2.13761
-2.76961,0.99631,1.03477,2.52556
-2.76875,0.99716,1.03458,2.53105
-2.76789,0.998007,1.03438,2.53654
-2.70351,1.04842,1.02214,2.8955
-2.70254,1.04904,1.02198,2.90064
-2.70157,1.04966,1.02182,2.90577
-2.64767,1.05059,1.01005,-2.94131
-2.64754,1.05031,1.01003,-2.93928
-2.64741,1.05004,1.01,-2.93728
-2.64729,1.04976,1.00998,-2.93531
-2.64716,1.04949,1.00996,-2.93335
-2.6189,1.03662,1.0124,-2.8117
-2.61785,1.03654,1.01248,-2.81024
-2.61677,1.03647,1.01257,-2.80878
-2.50167,1.0284,1.01921,-2.69643
-2.34942,1.01303,1.02577,-2.55373
-2.3473,1.01279,1.02586,-2.55162
-2.34518,1.01256,1.02595,-2.5495
-2.34305,1.01233,1.02605,-2.54738
-2.34093,1.0121,1.02614,-2.54526
-2.19798,0.996822,1.03283,-2.39818
-2.19579,0.996602,1.03293,-2.39587
-2.03791,0.981742,1.04024,-2.22811
-1.85427,0.967874,1.04855,-2.03228
-1.85197,0.967726,1.04866,-2.02985
-1.84968,0.967578,1.04876,-2.02742
-1.84739,0.967432,1.04886,-2.02499
-1.8451,0.967286,1.04897,-2.02256
-1.84281,0.967141,1.04907,-2.02013
-1.69587,0.959463,1.05567,-1.86498
-1.69358,0.959367,1.05577,-1.86258
-1.54252,0.954827,1.0603,-1.66306
-1.54212,0.954798,1.0603,-1.66192
-1.54172,0.954769,1.06029,-1.66078
-1.54134,0.95474,1.06029,-1.65966
-1.54096,0.954711,1.06028,-1.65855
-1.5267,0.954576,1.0612,-1.61818
-1.5263,0.954692,1.06125,-1.61782
-1.47717,1.00472,1.06808,-1.66119
-1.47624,1.00597,1.06819,-1.6628
-1.47531,1.00724,1.0683,-1.66443
-1.42362,1.08683,1.07391,-1.79095
-1.42272,1.0884,1.074,-1.79383
-1.38236,1.16594,1.07794,-1.94702
-1.38154,1.16765,1.07802,-1.9506
-1.32483,1.29522,1.0836,-2.22968
-1.32404,1.29707,1.08368,-2.23378
-1.32326,1.29893,1.08376,-2.23789
-1.2626,1.4402,1.08984,-2.54638
-1.26171,1.44221,1.08992,-2.55069
-1.26082,1.44423,1.09001,-2.55501
-1.19107,1.59399,1.09638,-2.86786
-1.19002,1.59611,1.09647,-2.87222
-1.18897,1.59824,1.09655,-2.87658
-1.07628,1.80412,1.1049,2.98822
-1.01731,1.90027,1.10525,2.69835
-1.01713,1.90061,1.10523,2.69652
-1.01695,1.90093,1.10521,2.6947
-1.01677,1.90126,1.1052,2.69291
-1.0166,1.90157,1.10518,2.69114
-1.01643,1.90188,1.10517,2.68939
-1.01626,1.90218,1.10515,2.68766
-1.0106,1.9119,1.10474,2.62616
-1.00292,1.92845,1.10792,2.5823
-1.00276,1.92912,1.10806,2.58182
-1.00261,1.92981,1.1082,2.58135
-1.00161,1.9352,1.10928,2.57822
-1.00137,2.02613,1.1269,2.56135
-1.00159,2.02972,1.12764,2.56114
-1.0017,2.03153,1.12801,2.56104
-1.01412,2.18046,1.1621,2.56312
-1.01431,2.1824,1.16258,2.56324
-1.01449,2.18433,1.16305,2.56336
-1.0292,2.33294,1.19918,2.57654
-1.0294,2.33487,1.19964,2.57675
-1.0296,2.3368,1.2001,2.57695
-1.0591,2.61642,1.26637,2.60827
-1.05931,2.61836,1.26682,2.60849
-1.05952,2.6203,1.26727,2.6087
-1.05972,2.62224,1.26773,2.60892
-1.05993,2.62418,1.26818,2.60913
-1.06014,2.62612,1.26863,2.60934
-1.07575,2.77341,1.30303,2.62548
-1.07616,2.77714,1.30385,2.62589
-1.07636,2.77899,1.30426,2.62609
-1.08483,2.85977,1.32206,2.63643
-1.08489,2.8605,1.32224,2.63656
-1.08609,2.87776,1.32693,2.64115
-1.0861,2.87796,1.32699,2.64124
-1.08626,2.88602,1.33102,2.64061
-1.0862,2.88639,1.3312,2.64024
-1.05403,2.95392,1.35353,2.55773
-1.05211,2.95709,1.35449,2.55331
-1.05113,2.95869,1.35498,2.55107
-0.992177,3.04687,1.38229,2.40645
-0.990857,3.04877,1.38288,2.40298
-0.919229,3.14767,1.41391,2.2024
-0.91775,3.14961,1.41453,2.19808
-0.819074,3.26974,1.45371,1.9053
-0.81742,3.27158,1.45434,1.90039
-0.815763,3.27343,1.45496,1.89547
-0.733586,3.3583,1.48474,1.65358
-0.731828,3.35999,1.48536,1.64843
-0.642732,3.43965,1.51597,1.38787
-0.640942,3.44114,1.51658,1.38261
-0.557488,3.5067,1.54526,1.13375
-0.55573,3.50801,1.54588,1.12843
-0.469445,3.56911,1.5764,0.861449
-0.467767,3.57024,1.57702,0.856092
-0.387482,3.62227,1.60669,0.590808
-0.386004,3.62315,1.60721,0.585719
-0.319499,3.64749,1.63497,0.215432
-0.319343,3.64754,1.63515,0.212461
-0.319194,3.64759,1.63533,0.209516
-0.319054,3.64766,1.63551,0.206596
-0.326057,3.67291,1.6458,0.0928084
-0.326495,3.67385,1.64603,0.0912545
-0.360532,3.73946,1.6595,0.0427647
-0.393505,3.79994,1.67066,0.0386268
-0.39443,3.80164,1.67097,0.0387944
-0.437598,3.88208,1.68551,0.058383
-0.438542,3.88386,1.68583,0.0590193
-0.484484,3.97166,1.70156,0.0974203
-0.485425,3.97348,1.70188,0.0983182
-0.525156,4.0504,1.71554,0.138272
-0.526105,4.05224,1.71586,0.139262
-0.571802,4.14093,1.73152,0.187846
-0.572757,4.14278,1.73184,0.18887
-0.618951,4.23214,1.74754,0.237918
-0.619916,4.234,1.74787,0.238934
-0.663461,4.31777,1.76253,0.2842
-0.664431,4.31964,1.76285,0.285196
-0.729015,4.44264,1.7839,0.350097
-0.729904,4.4443,1.78416,0.350991
-0.778032,4.53376,1.79657,0.424597
-0.77842,4.53432,1.79656,0.425293
-0.778823,4.53489,1.79654,0.425996
-0.779241,4.53547,1.79651,0.426707
-0.779673,4.53606,1.79649,0.427427
-0.831659,4.59103,1.78866,0.488675
-0.832972,4.59229,1.78842,0.490098
-0.907319,4.66216,1.7735,0.576825
-0.908926,4.66367,1.77316,0.578844
-0.986128,4.73574,1.75618,0.683791
-0.987793,4.73729,1.75581,0.686205
-1.05988,4.80363,1.73975,0.795416
-1.06158,4.80517,1.73938,0.798062
-1.13895,4.87397,1.72269,0.920452
-1.14069,4.87548,1.72232,0.923226
-1.28363,4.99466,1.69343,1.15054
-1.28545,4.99611,1.69307,1.15341
-1.28727,4.99756,1.69272,1.15628
-1.37717,5.06764,1.67506,1.29771
-1.37902,5.06905,1.67469,1.30061
-1.45181,5.12355,1.66056,1.41356
-1.45369,5.12492,1.6602,1.41646
-1.51381,5.16833,1.64861,1.50906
-1.62851,5.24387,1.62903,1.70174
-1.62937,5.24433,1.62889,1.70378
-1.63021,5.24479,1.62875,1.70581
-1.64971,5.25629,1.62394,1.75919
-1.67063,5.27909,1.61272,1.82436
-1.67132,5.28005,1.61226,1.82649
-1.69431,5.31602,1.59523,1.89677
-1.72921,5.37752,1.56578,2.00643
-1.73007,5.37908,1.56502,2.00924
-1.75491,5.42475,1.54245,2.09431
-1.79991,5.50872,1.49877,2.26903
-1.80073,5.51025,1.49795,2.27243
-1.82986,5.56386,1.4686,2.39714
-1.86191,5.6228,1.43464,2.54786
-1.86265,5.62418,1.43383,2.55151
-1.88735,5.67047,1.4063,2.6765
-1.94332,5.78481,1.33555,3.00342
-1.94389,5.78609,1.33474,3.00721
-1.94445,5.78736,1.33393,3.011
-1.94501,5.78864,1.33312,3.01478
-1.96814,5.8455,1.29703,-3.09818
-1.9686,5.84675,1.29623,-3.0944
-1.99165,5.91551,1.25319,-2.88204
-1.99196,5.91647,1.25259,-2.87868
-1.98458,5.93235,1.22424,-2.55061
-1.98458,5.93235,1.22424,-2.55066
-1.98458,5.93235,1.22423,-2.55072
-1.98458,5.93235,1.22423,-2.55078
-1.98458,5.93235,1.22423,-2.55084
-1.98524,5.93363,1.22448,-2.55224
-1.98534,5.93377,1.22456,-2.55235
-1.98544,5.93391,1.22464,-2.55246
-1.98555,5.93406,1.22473,-2.55258
-1.98568,5.93421,1.22482,-2.55272
-2.03156,5.9541,1.244,-2.59624
-2.03294,5.95456,1.24454,-2.59761
-2.03434,5.95501,1.24508,-2.59901
-2.03575,5.95547,1.24563,-2.60043
-2.03718,5.95594,1.24619,-2.60188
-2.03863,5.95641,1.24675,-2.60335
-2.04009,5.95688,1.24732,-2.60484
-2.04157,5.95735,1.2479,-2.60636
-2.04306,5.95783,1.24848,-2.6079
-2.04456,5.95831,1.24907,-2.60946
-2.16097,5.99547,1.29855,-2.75593
-2.16284,5.99608,1.29942,-2.75874
-2.16472,5.99669,1.30029,-2.76156
-2.32117,6.05176,1.37572,-3.03848
-2.32306,6.05249,1.37664,-3.04221
-2.32494,6.05323,1.37756,-3.04595
-2.43157,6.09877,1.43151,3.00764
-2.43329,6.09957,1.4324,3.00364
-2.51452,6.13827,1.47638,2.80485
-2.51614,6.13906,1.47728,2.80074
-2.51776,6.13985,1.47818,2.79663
-2.61453,6.18848,1.53325,2.54009
-2.61601,6.18923,1.53414,2.53593
-2.66817,6.21566,1.56606,2.38617
-2.69481,6.22891,1.58294,2.3071
-2.76904,6.28892,1.6509,1.72643
-2.76901,6.28892,1.65089,1.72644
-2.76899,6.28893,1.65088,1.72645
-2.76897,6.28893,1.65087,1.72646
-2.76895,6.28894,1.65086,1.72647
-2.76893,6.28894,1.65086,1.72648
-2.76891,6.28895,1.65085,1.7265
-2.76889,6.28895,1.65084,1.72651
-2.76887,6.28895,1.65083,1.72653
-2.76885,6.28896,1.65083,1.72655
-2.76866,6.28904,1.65139,1.72631
-2.76868,6.28905,1.65146,1.72621
-2.76871,6.28906,1.65154,1.7261
-2.76874,6.28906,1.65163,1.72597
-2.76878,6.28907,1.65171,1.72584
-2.77479,6.28966,1.65567,1.71417
-2.78998,6.29048,1.66092,1.68821
-2.81217,6.29128,1.66662,1.64976
-2.86978,6.2926,1.67929,1.53582
-2.87123,6.2926,1.6796,1.53261
-2.91401,6.29197,1.68859,1.43019
-2.94773,6.28988,1.69554,1.33796
-2.9749,6.28692,1.70116,1.25609
-3.0192,6.27927,1.71047,1.109
-3.04515,6.27305,1.71591,1.01723
-3.07984,6.26293,1.72314,0.892514
-3.12869,6.24605,1.73301,0.717611
-3.19392,6.22004,1.7453,0.490735
-3.1955,6.21937,1.74558,0.485397
-3.25834,6.19221,1.75641,0.281305
-3.26006,6.19146,1.7567,0.27591
-3.34345,6.15549,1.76992,0.0262452
-3.43159,6.11982,1.78256,-0.213986
-3.43368,6.11902,1.78285,-0.219456
-3.62377,6.05076,1.80107,-0.781797
-3.62429,6.05047,1.80107,-0.784737
-3.6248,6.05018,1.80107,-0.787651
-3.6253,6.04989,1.80106,-0.790538
-3.62579,6.0496,1.80106,-0.793398
-3.6556,6.03385,1.80211,-0.942068
-3.65648,6.03351,1.80211,-0.944396
-3.65738,6.03316,1.80211,-0.946732
-3.72842,6.01009,1.79884,-1.07377
-3.73033,6.00952,1.79871,-1.07668
-3.86967,5.9692,1.7869,-1.28825
-3.87206,5.96852,1.78667,-1.29203
-4.03982,5.92453,1.77027,-1.57379
-4.04234,5.92395,1.77002,-1.57824
-4.04486,5.92338,1.76978,-1.58269
-4.17952,5.89741,1.75708,-1.82749
-4.18207,5.897,1.75684,-1.83225
-4.33738,5.87908,1.74223,-2.12874
-4.3399,5.8789,1.742,-2.13368
-4.34241,5.87871,1.74176,-2.13862
-4.49321,5.87326,1.72708,-2.44325
-4.49563,5.87326,1.72684,-2.44828
-4.63942,5.8778,1.71216,-2.76088
-4.64163,5.87794,1.71193,-2.76592
-4.64384,5.87808,1.7117,-2.77097
-4.73319,5.8851,1.70213,-2.98136
-4.73519,5.88531,1.70192,-2.98621
-4.82465,5.90933,1.69205,2.96415
-4.82489,5.90959,1.692,2.96116
-4.82512,5.90985,1.69196,2.95819
-4.82954,5.91517,1.69092,2.90095
-4.84519,5.92865,1.68867,2.83401
-4.87038,5.94801,1.68645,2.79796
-4.89889,5.96955,1.68474,2.7794
-4.92239,5.98707,1.68371,2.77201
-4.95503,6.01106,1.68268,2.76906
-5.01457,6.05368,1.68147,2.77897
-5.04377,6.07395,1.68104,2.78919
-5.08445,6.10152,1.68046,2.80758
-5.12201,6.12631,1.67987,2.82774
-5.17276,6.15901,1.67903,2.85827
-5.23633,6.19909,1.67777,2.8989
-5.23801,6.20014,1.67773,2.89999
-5.27999,6.22622,1.67686,2.92768
-5.32522,6.25416,1.67588,2.9578
-5.3862,6.29171,1.67462,2.99889
-5.44997,6.33092,1.67325,3.04153
-5.45157,6.3319,1.67322,3.0426
-5.50697,6.36603,1.67206,3.07995
-5.6232,6.43648,1.66974,-3.12174
-5.62393,6.43691,1.66974,-3.121
-5.62464,6.43733,1.66973,-3.12027
-5.62534,6.43774,1.66973,-3.11954
-5.64352,6.44751,1.67007,-3.09623
-5.6493,6.44755,1.66991,-3.09558
-5.65984,6.4422,1.66881,-3.10645
-5.67351,6.43078,1.66682,-3.1308
-5.69768,6.40618,1.66297,3.09547
-5.72406,6.37684,1.65852,3.01764
-5.75897,6.33525,1.65171,2.88518
-5.78706,6.29816,1.64518,2.74576
-5.78788,6.29701,1.64497,2.74114
-5.808,6.26727,1.63942,2.61638
-5.82798,6.23329,1.63298,2.46384
-5.84237,6.20341,1.62735,2.32547
-5.8611,6.15016,1.61842,2.08827
-5.86147,6.14886,1.61821,2.08267
-5.87092,6.11007,1.61212,1.91884
-5.87868,6.06501,1.60564,1.74161
-5.88476,6.01739,1.59945,1.56875
-5.889,5.97812,1.59479,1.43571
-5.89406,5.92894,1.58939,1.27914
-5.8971,5.90009,1.58634,1.19184
-5.91556,5.72897,1.569,0.646211
-5.91548,5.72814,1.56892,0.642429
-5.91539,5.72731,1.56884,0.63868
-5.9153,5.72649,1.56877,0.634964
-5.91075,5.68864,1.56878,0.519824
-5.91062,5.68744,1.56886,0.517719
-5.90014,5.6082,1.57617,0.469174
-5.89987,5.60645,1.57636,0.469344
-5.88585,5.52718,1.58568,0.51332
-5.88553,5.52543,1.58591,0.515024
-5.87305,5.45072,1.59606,0.611356
-5.87279,5.44902,1.5963,0.614056
-5.86331,5.37466,1.60682,0.748216
-5.85805,5.30962,1.61598,0.884278
-5.85795,5.30797,1.61621,0.887902
-5.85782,5.12032,1.64145,1.30915
-5.85789,5.11854,1.64168,1.31303
-5.85795,5.11675,1.64191,1.31691
-5.85802,5.11497,1.64214,1.32079
-5.86162,5.03444,1.65214,1.4916
-5.86171,5.03256,1.65237,1.49548
-5.86536,4.96177,1.66082,1.63904
-5.86546,4.95982,1.66105,1.64291
-5.86795,4.91053,1.66664,1.73901
-5.87202,4.83125,1.67394,1.89868
-5.87213,4.82996,1.67402,1.90175
-5.87599,4.80361,1.67551,1.97509
-5.88429,4.77912,1.67415,2.0807
-5.89447,4.76002,1.66038,2.22602
-5.89473,4.75966,1.65989,2.22991
-5.90362,4.74911,1.64118,2.36668
-5.90983,4.74211,1.6263,2.46882
-5.92267,4.71904,1.58482,2.75647
-5.92284,4.71849,1.58399,2.76239
-5.92564,4.69749,1.55561,2.97095
-5.92563,4.69681,1.55477,2.97727
-5.92223,4.67418,1.52885,-3.10554
-5.91507,4.65532,1.5088,-2.94546
-5.89815,4.62909,1.4815,-2.72012
-5.87489,4.60629,1.45616,-2.50422
-5.87403,4.6056,1.45534,-2.4972
-5.82597,4.57845,1.41712,-2.16378
-5.72945,4.57025,1.36875,-1.56515
-5.72874,4.5704,1.36848,-1.55973
-5.72805,4.57055,1.36822,-1.55435
-5.72736,4.5707,1.36796,-1.54902
-5.72213,4.58369,1.35302,-1.35057
-5.72281,4.58398,1.35268,-1.34885
-5.81633,4.59989,1.32625,-1.39181
-5.81844,4.60007,1.32576,-1.39465
-5.82057,4.60025,1.32526,-1.39754
-5.95139,4.60755,1.29626,-1.6258
-5.95404,4.60768,1.2957,-1.6311
-6.10387,4.62047,1.26514,-1.95514
-6.10673,4.62087,1.26456,-1.96169
-6.24323,4.65049,1.23741,-2.29051
-6.246,4.65134,1.23685,-2.2976
-6.3807,4.70444,1.20852,-2.66831
-6.38318,4.70567,1.20799,-2.67567
-6.49325,4.80079,1.18276,3.04059
-6.49339,4.80144,1.18264,3.03468
-6.49352,4.80207,1.18253,3.02881
-6.49364,4.80268,1.18242,3.02297
-6.492,4.81876,1.17935,2.83707
-6.48774,4.82249,1.17334,2.66394
-6.48766,4.82222,1.17312,2.6601
-6.48691,4.80049,1.16439,2.54195
-6.48901,4.76643,1.15481,2.45813
-6.49252,4.72536,1.14432,2.38905
-6.49266,4.72381,1.14392,2.38677
-6.49802,4.66575,1.12927,2.31106
-6.50388,4.60114,1.11329,2.24165
-6.50403,4.59943,1.11287,2.23992
-6.50979,4.53881,1.09808,2.1818
-6.51758,4.45911,1.07925,2.11106
-6.51776,4.45731,1.07883,2.10951
-6.52373,4.39773,1.06514,2.05878
-6.52981,4.33742,1.05146,2.0081
-6.52999,4.33558,1.05104,2.00657
-6.53927,4.24131,1.0298,1.92753
-6.53945,4.23945,1.02938,1.92597
-6.54702,4.15944,1.01155,1.85864
-6.55176,4.10768,1.00007,1.81461
-6.55893,4.02191,0.98202,1.73903
-6.55902,4.0207,0.98174,1.73775
-6.5591,4.0195,0.981462,1.73648
-6.56023,3.99034,0.973645,1.69627
-6.55721,3.96275,0.973746,1.64535
-6.55706,3.96178,0.973908,1.64383
-6.55052,3.91755,0.983363,1.58094
-6.54097,3.85251,0.999424,1.48995
-6.54069,3.85065,0.999893,1.48725
-6.52278,3.74525,1.02647,1.32231
-6.5224,3.74325,1.02697,1.31895
-6.50391,3.64953,1.04994,1.15523
-6.50349,3.64745,1.05044,1.1515
-6.48586,3.55766,1.07141,0.989699
-6.46536,3.43866,1.09786,0.775438
-6.46499,3.43634,1.09837,0.771309
-6.46463,3.43402,1.09887,0.767179
-6.4502,3.32968,1.12098,0.584053
-6.43911,3.22089,1.14332,0.394928
-6.4389,3.21844,1.14382,0.390711
-6.43241,3.11975,1.16349,0.222002
-6.4323,3.11726,1.16398,0.217778
-6.42983,2.97484,1.19127,-0.0210494
-6.42988,2.97246,1.19169,-0.0250466
-6.4415,2.84196,1.21211,-0.333855
-6.44158,2.84158,1.21213,-0.335706
-6.44166,2.84122,1.21216,-0.337537
-6.44174,2.84085,1.21218,-0.339348
-6.44345,2.81984,1.21769,-0.426588
-6.44325,2.81925,1.21794,-0.427833
-6.44303,2.81865,1.21819,-0.429077
-6.37773,2.73536,1.259,-0.53217
-6.37653,2.7341,1.25972,-0.53354
-6.37533,2.73284,1.26045,-0.534914
-6.28312,2.64131,1.31849,-0.641129
-6.28179,2.64002,1.31936,-0.642739
-6.28046,2.63873,1.32022,-0.64435
-6.17339,2.53411,1.39059,-0.783814
-6.17212,2.53285,1.39143,-0.785579
-6.17085,2.53159,1.39227,-0.787345
-6.07678,2.43788,1.4539,-0.920919
-6.07551,2.43661,1.45472,-0.922745
-6.07425,2.43534,1.45553,-0.92457
-6.07298,2.43408,1.45635,-0.926394
-5.98594,2.34676,1.51383,-1.05495
-5.9847,2.34552,1.51466,-1.0568
-5.91084,2.27179,1.56396,-1.16744
-5.90962,2.27058,1.56478,-1.16927
-5.90841,2.26938,1.56559,-1.17111
-5.83449,2.192,1.61605,-1.31328
-5.83429,2.19173,1.61628,-1.31435
-5.83409,2.19146,1.6165,-1.31541
-5.8339,2.1912,1.61671,-1.31646
-5.82929,2.17977,1.62404,-1.35439
-5.82918,2.17934,1.62405,-1.3544
-5.80905,2.09419,1.60743,-1.24841
-5.80864,2.09258,1.60704,-1.24564
-5.80824,2.09097,1.60665,-1.24283
-5.78609,2.00733,1.58471,-1.0698
-5.7856,2.0056,1.58423,-1.06564
-5.75404,1.90075,1.55234,-0.758432
-5.75358,1.89928,1.55184,-0.753246
-5.75313,1.89781,1.55134,-0.748048
-5.72975,1.81845,1.52228,-0.431133
-5.72941,1.81718,1.52179,-0.425461
-5.71602,1.74095,1.48969,-0.0473383
-5.71597,1.73985,1.4892,-0.0414195
-5.71592,1.73874,1.48871,-0.0354988
-5.72097,1.67906,1.46186,0.29336
-5.72121,1.67797,1.46137,0.299387
-5.74473,1.60881,1.43218,0.663543
-5.74527,1.60758,1.43169,0.669649
-5.74581,1.60635,1.43121,0.675755
-5.78765,1.52317,1.40222,1.07006
-5.78824,1.52219,1.40189,1.07539
-5.81212,1.49518,1.39073,1.27885
-5.81265,1.49485,1.39054,1.28294
-5.8456,1.46739,1.38578,1.5043
-5.84582,1.46646,1.38583,1.50562
-5.84604,1.46551,1.38589,1.50689
-5.84652,1.38763,1.3909,1.50632
-5.84634,1.38584,1.391,1.50511
-5.83037,1.28756,1.39638,1.39565
-5.82993,1.28554,1.39648,1.3927
-5.82949,1.28352,1.39658,1.38972
-5.80782,1.19687,1.40072,1.24436
-5.77593,1.084,1.40594,1.02508
-5.7753,1.08176,1.40605,1.02057
-5.73614,0.931475,1.41248,0.71879
-5.73556,0.929023,1.41257,0.71393
-5.73499,0.926569,1.41267,0.709065
-5.70493,0.775267,1.41857,0.412936
-5.70451,0.772685,1.41868,0.407957
-5.70409,0.770102,1.41878,0.402978
-5.68922,0.662611,1.42302,0.198041
-5.67887,0.534095,1.42786,-0.0424609
-5.67874,0.531407,1.42796,-0.0474753
-5.68812,0.306864,1.43553,-0.526318
-5.68831,0.30603,1.43554,-0.529462
-5.6885,0.305215,1.43555,-0.532579
-5.68869,0.304418,1.43556,-0.535671
-5.68888,0.303638,1.43557,-0.538737
-5.69401,0.261898,1.45053,-0.723165
-5.69375,0.261208,1.45115,-0.725322
-5.69348,0.260512,1.45177,-0.727475
-5.64685,0.19815,1.53428,-0.893055
-5.64605,0.197338,1.53569,-0.895276
-5.64524,0.196527,1.5371,-0.8975
-5.59185,0.148004,1.6343,-1.04583
-5.59101,0.147286,1.63587,-1.04823
-5.59017,0.146569,1.63743,-1.05064
-5.5242,0.0907511,1.76429,-1.25339
-5.5234,0.090079,1.76584,-1.25597
-5.5226,0.0894074,1.7674,-1.25856
-5.46407,0.0413235,1.88166,-1.45188
-5.46328,0.0406886,1.88322,-1.45456
-5.46248,0.0400548,1.88478,-1.45725
-5.42106,0.00824834,1.96681,-1.60028
-5.4203,0.00768199,1.96834,-1.60298
-5.36667,-0.0294447,2.07543,-1.79232
-5.3659,-0.0299478,2.07696,-1.79503
-5.36513,-0.0304501,2.0785,-1.79774
-5.31447,-0.0600412,2.17656,-2.00277
-5.31424,-0.0601215,2.17714,-2.0046
-5.31402,-0.0601966,2.1777,-2.00643
-5.30783,-0.0635327,2.19943,-2.08103
-5.30762,-0.0638395,2.19968,-2.08155
-5.3074,-0.0641649,2.19992,-2.08203
-5.23154,-0.18263,2.20206,-1.93827
-5.23026,-0.18447,2.20195,-1.93496
-5.22897,-0.186316,2.20184,-1.93162
-5.22768,-0.188166,2.20174,-1.92825
-5.14944,-0.295164,2.19463,-1.69853
-5.14796,-0.29708,2.19449,-1.69383
-5.05547,-0.406797,2.18619,-1.38551
-5.05387,-0.408516,2.18605,-1.38003
-4.94655,-0.51137,2.1772,-1.00194
-4.94493,-0.512782,2.17707,-0.996024
-4.9433,-0.514189,2.17694,-0.990102
-4.81824,-0.613275,2.16596,-0.489472
-4.8169,-0.614305,2.16583,-0.483351
-4.81557,-0.615333,2.16569,-0.477229
-4.81424,-0.616359,2.16556,-0.471106
-4.71775,-0.696508,2.15451,0.0535279
-4.71683,-0.697411,2.15438,0.0597281
-4.71592,-0.698313,2.15425,0.0659237
-4.6836,-0.7413,2.14452,0.678345
-4.68387,-0.741163,2.14448,0.681538
-4.68415,-0.741024,2.14444,0.684702
-4.68442,-0.740881,2.14439,0.687837
-4.6847,-0.740736,2.14435,0.690943
-4.69918,-0.745638,2.14275,0.839152
-4.69926,-0.746376,2.14271,0.839854
-4.69933,-0.747141,2.14266,0.840512
-4.70044,-0.829524,2.1367,0.805365
-4.7004,-0.831435,2.13654,0.803564
-4.70036,-0.833357,2.13638,0.801726
-4.69425,-0.95654,2.12481,0.642742
-4.69408,-0.958795,2.12458,0.639244
-4.6851,-1.06866,2.11351,0.453738
-4.68491,-1.07109,2.11328,0.449412
-4.67807,-1.19442,2.10195,0.224753
-4.678,-1.19699,2.10173,0.219963
-4.67813,-1.32787,2.09036,-0.026726
-4.67822,-1.33052,2.09014,-0.0317622
-4.68406,-1.43171,2.08155,-0.225461
-4.68497,-1.44244,2.08065,-0.246026
-4.7024,-1.58089,2.06906,-0.51516
-4.70284,-1.58352,2.06884,-0.52036
-4.73768,-1.7506,2.05457,-0.859161
-4.73832,-1.75311,2.05435,-0.864381
-4.79321,-1.91288,2.04089,-1.24428
-4.7938,-1.91391,2.04081,-1.2482
-4.79438,-1.91493,2.04072,-1.2521
-4.79495,-1.91592,2.04064,-1.25596
-4.81509,-1.9489,2.03419,-1.44428
-4.81491,-1.94924,2.03396,-1.44601
-4.7771,-1.9615,2.01624,-1.47372
-4.77575,-1.96167,2.01575,-1.47318
-4.66155,-1.96724,1.97821,-1.35992
-4.65942,-1.96728,1.97753,-1.35705
-4.65728,-1.96732,1.97685,-1.35415
-4.52803,-1.96753,1.93706,-1.15107
-4.52569,-1.96748,1.93636,-1.14698
-4.38435,-1.95921,1.89453,-0.880785
-4.38199,-1.95897,1.89384,-0.876077
-4.37962,-1.95874,1.89315,-0.871364
-4.22624,-1.93561,1.84772,-0.549441
-4.22398,-1.93516,1.84702,-0.544439
-4.12241,-1.91192,1.81552,-0.312534
-4.12027,-1.91136,1.81484,-0.307463
-4.00589,-1.87845,1.77661,-0.0225192
-4.00395,-1.87784,1.77593,-0.0174254
-3.90997,-1.84661,1.74123,0.242186
-3.90822,-1.846,1.74057,0.247212
-3.84891,-1.82202,1.71849,0.436583
-3.84783,-1.82147,1.71807,0.440927
-3.82146,-1.80277,1.70496,0.610897
-3.82128,-1.80248,1.70478,0.614081
-3.82005,-1.79562,1.70079,0.696211
-3.81782,-1.79244,1.69717,0.759747
-3.80785,-1.79495,1.69405,0.792165
-3.76055,-1.81739,1.68635,0.822894
-3.75914,-1.81815,1.68616,0.823048
-3.70468,-1.8488,1.6795,0.815412
-3.63329,-1.89091,1.67142,0.779739
-3.63149,-1.89198,1.67122,0.778587
-3.5697,-1.92908,1.66434,0.733492
-3.5115,-1.96465,1.65789,0.683272
-3.50969,-1.96576,1.65768,0.681611
-3.44753,-2.00451,1.65075,0.622665
-3.38625,-2.04347,1.64398,0.562429
-3.327,-2.08206,1.63742,0.502729
-3.32516,-2.08327,1.63722,0.500851
-3.24999,-2.13322,1.62881,0.423793
-3.24635,-2.13566,1.6284,0.420042
-3.17382,-2.18476,1.62021,0.34519
-3.1019,-2.2342,1.61209,0.270851
-3.10009,-2.23544,1.61189,0.268998
-3.04263,-2.27537,1.60536,0.210183
-2.99676,-2.30786,1.6005,0.16238
-2.94395,-2.35012,1.59529,0.0802592
-2.94361,-2.35046,1.59525,0.0792731
-2.94328,-2.35078,1.59521,0.0782967
-2.93461,-2.36075,1.59352,0.0424098
-2.93437,-2.36099,1.59343,0.0416824
-2.90437,-2.3803,1.58345,0.00745833
-2.85683,-2.40669,1.56882,-0.0231375
-2.85531,-2.40752,1.56836,-0.0240537
-2.77536,-2.45085,1.54404,-0.0731847
-2.77368,-2.45176,1.54352,-0.0742737
-2.70572,-2.48818,1.52216,-0.120381
-2.70228,-2.49002,1.52107,-0.122818
-2.64665,-2.51981,1.50341,-0.163105
-2.57359,-2.55955,1.48006,-0.219092
-2.57185,-2.56051,1.4795,-0.220457
-2.50258,-2.59881,1.45721,-0.276059
-2.41559,-2.6476,1.42914,-0.34836
-2.41391,-2.64855,1.42859,-0.349787
-2.33993,-2.69035,1.40436,-0.412852
-2.33823,-2.6913,1.4038,-0.414293
-2.27022,-2.72983,1.38155,-0.471969
-2.26853,-2.7308,1.381,-0.473409
-2.22002,-2.75843,1.3651,-0.515043
-2.11459,-2.82005,1.33202,-0.611261
-2.11367,-2.82063,1.33174,-0.612358
-2.11277,-2.8212,1.33147,-0.613447
-2.09243,-2.83498,1.32467,-0.645267
-2.08454,-2.84486,1.32005,-0.662193
-2.08543,-2.86635,1.31376,-0.66569
-2.09309,-2.89108,1.30799,-0.656562
-2.10855,-2.9287,1.29997,-0.631813
-2.13225,-2.98038,1.28908,-0.584028
-2.133,-2.98196,1.28875,-0.582363
-2.16213,-3.04186,1.27575,-0.510159
-2.17763,-3.07273,1.26877,-0.466414
-2.19094,-3.09856,1.26286,-0.426862
-2.21137,-3.13723,1.2538,-0.363242
-2.24376,-3.19616,1.23959,-0.257736
-2.24456,-3.19757,1.23924,-0.255103
-2.26907,-3.23996,1.2288,-0.174928
-2.30271,-3.29563,1.21532,-0.0687422
-2.32724,-3.33494,1.20566,0.00780797
-2.33615,-3.34885,1.20221,0.0351619
-2.37844,-3.41247,1.18641,0.160913
-2.37939,-3.41387,1.18607,0.163644
-2.40927,-3.45695,1.17542,0.248085
-2.50537,-3.55326,1.1462,0.606806
-2.5054,-3.55323,1.14621,0.606887
-2.50542,-3.55321,1.14622,0.606965
-2.50544,-3.55319,1.14623,0.60704
-2.50546,-3.55316,1.14625,0.607113
-2.50549,-3.55314,1.14626,0.607183
-2.50551,-3.55311,1.14627,0.60725
-2.50553,-3.55309,1.14628,0.607315
-2.50555,-3.55307,1.14629,0.607378
-2.50557,-3.55305,1.1463,0.607438
-2.50619,-3.55323,1.14661,0.608375
-2.50621,-3.55333,1.14662,0.608318
-2.50623,-3.55344,1.14663,0.608251
-2.50361,-3.56628,1.147,0.597793
-2.49273,-3.59065,1.14672,0.574789
-2.46695,-3.63732,1.14578,0.524055
-2.46597,-3.63899,1.14575,0.522091
-2.43336,-3.69322,1.14471,0.453188
-2.38648,-3.76899,1.14346,0.341598
-2.34842,-3.83142,1.14265,0.238778
-2.34717,-3.83352,1.14263,0.235171
-2.30875,-3.89943,1.1419,0.118427
-2.2433,-4.02345,1.14065,-0.112588
-2.24222,-4.02565,1.14063,-0.116777
-2.20497,-4.10523,1.13981,-0.269418
-2.20399,-4.10745,1.13979,-0.273698
-2.18027,-4.16282,1.13922,-0.381299
-2.14908,-4.24175,1.13833,-0.537229
-2.12294,-4.31325,1.13743,-0.681272
-2.11539,-4.33482,1.13711,-0.724991
-2.09484,-4.39651,1.13625,-0.851956
-2.06792,-4.48313,1.13513,-1.03524
-2.06733,-4.48512,1.1351,-1.03949
-2.05004,-4.56304,1.13447,-1.231
-2.04995,-4.56402,1.13447,-1.23431
-2.04962,-4.57917,1.13454,-1.29606
-2.05068,-4.59208,1.13548,-1.37532
-2.03891,-4.60842,1.13959,-1.44909
-2.01395,-4.62625,1.1462,-1.49513
-1.97249,-4.64923,1.15716,-1.53631
-1.97104,-4.64997,1.15755,-1.53743
-1.93602,-4.66684,1.16714,-1.56085
-1.86851,-4.69679,1.18623,-1.59384
-1.81413,-4.72,1.2018,-1.61428
-1.77666,-4.73582,1.2125,-1.62663
-1.75283,-4.74585,1.21931,-1.63401
-1.70503,-4.76594,1.23279,-1.64805
-1.65216,-4.78813,1.24756,-1.66294
-1.59343,-4.81276,1.26369,-1.67912
-1.5917,-4.81348,1.26416,-1.6796
-1.52417,-4.84172,1.28258,-1.69831
-1.45142,-4.87206,1.30238,-1.7189
-1.44967,-4.87279,1.30286,-1.7194
-1.39567,-4.89529,1.31746,-1.73493
-1.33505,-4.92049,1.33384,-1.75271
-1.33332,-4.92121,1.3343,-1.75322
-1.22945,-4.96399,1.36087,-1.79228
-1.22912,-4.96412,1.36097,-1.79256
-1.2288,-4.96425,1.36107,-1.79284
-1.22404,-4.9662,1.36285,-1.79872
-1.2189,-4.96859,1.3635,-1.81015
-1.2186,-4.96873,1.36343,-1.8108
-1.19047,-4.98409,1.35064,-1.87285
-1.15783,-5.00431,1.33077,-1.95745
-1.15679,-5.00497,1.33008,-1.96045
-1.12463,-5.02546,1.30757,-2.06193
-1.08708,-5.04771,1.27855,-2.20483
-1.03741,-5.07016,1.23825,-2.423
-1.0363,-5.07056,1.23736,-2.42804
-0.99865,-5.08179,1.20795,-2.59983
-0.997476,-5.08208,1.20707,-2.60517
-0.95372,-5.09008,1.17522,-2.80191
-0.908258,-5.09423,1.14547,-2.99362
-0.90685,-5.09432,1.1446,-2.99932
-0.837097,-5.09695,1.10489,3.01862
-0.761151,-5.09907,1.06697,2.76108
-0.759303,-5.09913,1.0661,2.7552
-0.66911,-5.10429,1.02631,2.48324
-0.667042,-5.10445,1.02544,2.4773
-0.540845,-5.12022,0.97744,2.13253
-0.538882,-5.12057,0.976778,2.12703
-0.440148,-5.13358,0.944688,1.76097
-0.439392,-5.13362,0.944542,1.75735
-0.438631,-5.13367,0.944401,1.75375
-0.437863,-5.13372,0.944265,1.75015
-0.400536,-5.14462,0.944811,1.61462
-0.354168,-5.17255,0.95282,1.49461
-0.35254,-5.17368,0.953152,1.49071
-0.285915,-5.22492,0.967994,1.33455
-0.223467,-5.27698,0.98293,1.18667
-0.221554,-5.27862,0.983398,1.18202
-0.156219,-5.33595,0.999459,1.01907
-0.095058,-5.39318,1.01486,0.857569
-0.0556182,-5.43285,1.025,0.74816
-0.0191425,-5.47214,1.03464,0.641762
0.0300274,-5.5294,1.04789,0.48977
0.0927902,-5.61094,1.06577,0.27922
0.0943611,-5.61313,1.06624,0.273631
0.139363,-5.67944,1.08053,0.104823
0.181949,-5.74909,1.09542,-0.0714773
0.21657,-5.8124,1.10864,-0.231681
0.247205,-5.87507,1.12179,-0.392385
0.263066,-5.91032,1.12933,-0.48449
0.287358,-5.96863,1.14192,-0.63984
0.318743,-6.09238,1.16836,-1.04823
0.318687,-6.09306,1.16858,-1.05244
0.318629,-6.09371,1.1688,-1.05663
0.318953,-6.10766,1.17422,-1.16315
0.327911,-6.11994,1.17927,-1.26849
0.363948,-6.14217,1.18864,-1.45423
0.364983,-6.14266,1.18887,-1.45861
0.394907,-6.15487,1.19546,-1.5801
0.431142,-6.16488,1.20362,-1.72257
0.469017,-6.17071,1.21228,-1.87212
0.470287,-6.17083,1.21257,-1.87721
0.505849,-6.17258,1.22066,-2.02224
0.545822,-6.17049,1.22952,-2.18772
0.599361,-6.16225,1.24095,-2.40725
0.600747,-6.16197,1.24123,-2.41282
0.65568,-6.14898,1.25201,-2.6261
0.70917,-6.134,1.26177,-2.8198
0.710817,-6.13351,1.26206,-2.82552
0.765965,-6.11716,1.27128,-3.00974
0.837745,-6.09635,1.28233,3.05305
0.931597,-6.07169,1.29516,2.79055
0.933788,-6.07116,1.29544,2.78471
1.09493,-6.04029,1.31185,2.34644
1.12014,-6.03399,1.31313,2.24395
1.12094,-6.03374,1.31318,2.24015
1.12173,-6.03349,1.31324,2.23636
1.12252,-6.03324,1.3133,2.2326
1.14844,-6.02619,1.31848,2.11468
1.18545,-6.02894,1.33246,2.00456
1.2276,-6.04176,1.35053,1.90964
1.28682,-6.06663,1.37768,1.78849
1.28869,-6.06748,1.37856,1.78472
1.38494,-6.11364,1.42432,1.58888
1.38689,-6.11462,1.42526,1.58483
1.47007,-6.15766,1.46567,1.40914
1.5624,-6.21085,1.51061,1.20751
1.56441,-6.21207,1.51157,1.20304
1.64735,-6.26592,1.55194,1.01338
1.6493,-6.26725,1.5529,1.00882
1.7224,-6.31968,1.58939,0.833938
1.72431,-6.32112,1.59035,0.829295
1.80533,-6.38555,1.63196,0.628262
1.89754,-6.46904,1.68206,0.382755
1.89924,-6.47068,1.68302,0.378018
1.98513,-6.55929,1.73397,0.126974
1.98666,-6.56098,1.73488,0.122306
1.98818,-6.56266,1.73579,0.117648
2.06462,-6.68553,1.79152,-0.327932
2.06477,-6.68579,1.79157,-0.329698
2.06493,-6.68605,1.79162,-0.331434
2.06509,-6.68629,1.79166,-0.333141
2.06527,-6.68651,1.79169,-0.334819
2.0842,-6.68178,1.7877,-0.375622
2.08496,-6.68127,1.78747,-0.375971
2.12302,-6.64675,1.77473,-0.364803
2.17016,-6.59351,1.75737,-0.313193
2.17147,-6.59196,1.75687,-0.311376
2.22294,-6.52961,1.73704,-0.228543
2.30259,-6.42806,1.70558,-0.0650671
2.30393,-6.42628,1.70504,-0.0620004
2.30526,-6.4245,1.7045,-0.0589275
2.366,-6.34039,1.67964,0.0910136
2.36726,-6.33858,1.67911,0.0943038
2.42068,-6.25943,1.65643,0.238303
2.47243,-6.17719,1.63323,0.388101
2.47357,-6.17532,1.63271,0.391521
2.51478,-6.10657,1.6132,0.518234
2.51587,-6.10472,1.61267,0.521656
2.56722,-6.01527,1.58699,0.688978
2.56824,-6.01347,1.58647,0.692391
2.61419,-5.93018,1.56256,0.850078
2.64379,-5.86456,1.54573,0.99815
2.64402,-5.86383,1.54554,1.00048
2.64424,-5.86312,1.54535,1.00279
2.64651,-5.84471,1.53999,1.0868
2.64644,-5.8445,1.53992,1.08832
2.64288,-5.83869,1.53806,1.14115
2.64801,-5.79702,1.53211,1.23169
2.64819,-5.79567,1.53195,1.23378
2.64837,-5.7943,1.53179,1.23589
2.65597,-5.70815,1.52277,1.36853
2.65609,-5.70628,1.52259,1.37162
2.65977,-5.63199,1.51572,1.50446
2.66234,-5.56137,1.50907,1.65052
2.66239,-5.55947,1.50889,1.65469
2.66365,-5.4868,1.50149,1.82484
2.66389,-5.36849,1.48782,2.154
2.66391,-5.36693,1.48762,2.15885
2.66394,-5.36537,1.48743,2.1637
2.66594,-5.30533,1.47973,2.35998
2.66603,-5.30388,1.47953,2.36493
2.6703,-5.25429,1.47266,2.53982
2.67594,-5.2153,1.46696,2.68574
2.68393,-5.17849,1.46138,2.83209
2.68425,-5.17725,1.46118,2.83715
2.69805,-5.13445,1.45441,3.01471
2.73784,-5.05821,1.44037,-2.86502
2.73816,-5.05801,1.44026,-2.86152
2.73848,-5.05783,1.44016,-2.85805
2.73879,-5.05766,1.44005,-2.8546
2.74648,-5.05687,1.43791,-2.77019
2.755,-5.05817,1.43893,-2.69663
2.77442,-5.05676,1.44583,-2.61519
2.82044,-5.04861,1.46301,-2.49711
2.8385,-5.04493,1.46954,-2.45739
2.89368,-5.03337,1.48928,-2.33997
2.95739,-5.02063,1.51154,-2.20539
2.98771,-5.01461,1.52186,-2.14084
3.04574,-5.00275,1.5412,-2.01557
3.13093,-4.98349,1.5687,-1.82801
3.19432,-4.96691,1.58853,-1.68618
3.28167,-4.93989,1.61527,-1.48706
3.28404,-4.93908,1.61599,-1.48161
3.38048,-4.90258,1.64513,-1.25715
3.38282,-4.9016,1.64584,-1.25163
3.49682,-4.84854,1.68054,-0.979451
3.49912,-4.84735,1.68125,-0.973863
3.56947,-4.8083,1.70333,-0.800031
3.6339,-4.76827,1.72444,-0.635701
3.6923,-4.72812,1.74423,-0.481903
3.82881,-4.59889,1.79585,0.0215644
3.82927,-4.59816,1.79607,0.0255096
3.82974,-4.59743,1.79628,0.0294273
3.8302,-4.59671,1.79648,0.0333168
3.84565,-4.57747,1.79758,0.129995
3.89481,-4.53977,1.78072,0.237517
3.89613,-4.5389,1.78017,0.238987
3.93339,-4.51593,1.76417,0.267212
3.96813,-4.4965,1.74875,0.277464
3.99276,-4.48362,1.73763,0.278309
4.03486,-4.46297,1.71859,0.270502
4.09786,-4.43473,1.69006,0.242723
4.12003,-4.42538,1.68003,0.229536
4.1473,-4.41424,1.66776,0.211519
4.2033,-4.39234,1.6426,0.169717
4.25283,-4.37376,1.6206,0.129615
4.31588,-4.35089,1.59275,0.0762165
4.33276,-4.34487,1.58526,0.0615957
4.36471,-4.3335,1.57103,0.0337075
4.42189,-4.31324,1.54559,-0.0161262
4.46223,-4.29892,1.52754,-0.051187
4.52128,-4.27793,1.50117,-0.101906
4.54312,-4.27014,1.4914,-0.12058
4.62649,-4.24131,1.45602,-0.19304
4.6277,-4.24092,1.45553,-0.194231
4.65508,-4.23178,1.44398,-0.226712
4.67253,-4.21889,1.43701,-0.264444
4.6768,-4.2096,1.43545,-0.284304
4.6796,-4.19347,1.43457,-0.313651
4.67863,-4.14853,1.43559,-0.386654
4.67475,-4.11182,1.43754,-0.446172
4.66815,-4.06682,1.44045,-0.524222
4.65645,-4.00634,1.44451,-0.638892
4.6561,-4.00471,1.44462,-0.642141
4.64115,-3.94247,1.44872,-0.770575
4.63044,-3.90275,1.45128,-0.855466
4.61332,-3.84373,1.455,-0.983294
4.6081,-3.82652,1.45604,-1.02045
4.59788,-3.7935,1.45802,-1.09147
4.5793,-3.73548,1.4613,-1.21593
4.5553,-3.66308,1.46539,-1.36788
4.55469,-3.66123,1.46549,-1.3717
4.53394,-3.59878,1.46892,-1.49779
4.52062,-3.55785,1.47099,-1.57797
4.4977,-3.48613,1.47443,-1.7155
4.46864,-3.38987,1.47811,-1.89862
4.46819,-3.38846,1.47813,-1.90173
4.45478,-3.35329,1.47828,-1.99656
4.45441,-3.35253,1.47828,-1.99902
4.44504,-3.33021,1.47874,-2.05732
4.43858,-3.29669,1.47997,-2.09299
4.43492,-3.24981,1.48123,-2.10259
4.43326,-3.19929,1.48201,-2.08833
4.43374,-3.1166,1.48214,-2.03106
4.43379,-3.11466,1.48213,-2.02931
4.43566,-3.07023,1.48189,-1.98497
4.43811,-3.03212,1.4816,-1.94103
4.44334,-2.9736,1.48123,-1.86542
4.45112,-2.90541,1.4809,-1.77007
4.46139,-2.82684,1.48058,-1.65585
4.46166,-2.82491,1.48057,-1.65301
4.47043,-2.7621,1.48046,-1.56143
4.48093,-2.68733,1.4803,-1.45459
4.48122,-2.6853,1.4803,-1.4517
4.49118,-2.61391,1.48014,-1.3508
4.50256,-2.53139,1.47994,-1.23605
4.50284,-2.5293,1.47994,-1.23318
4.51467,-2.43612,1.47995,-1.10885
4.5149,-2.43407,1.47994,-1.10615
4.52525,-2.35374,1.47853,-0.983333
4.53447,-2.31783,1.47687,-0.882922
4.53446,-2.31719,1.47687,-0.881194
4.53443,-2.31654,1.47686,-0.879457
4.51784,-2.27514,1.47653,-0.793348
4.51712,-2.27392,1.4765,-0.791027
4.4825,-2.22334,1.47425,-0.693816
4.4814,-2.22185,1.47416,-0.69089
4.45009,-2.18028,1.47116,-0.606311
4.4071,-2.12285,1.46605,-0.482262
4.3562,-2.05345,1.45959,-0.325211
4.3549,-2.05167,1.45943,-0.321108
4.30959,-1.98999,1.4539,-0.177637
4.2437,-1.90445,1.44662,0.025222
4.24221,-1.90258,1.44646,0.0297132
4.17735,-1.82366,1.43984,0.220893
4.17574,-1.82177,1.43968,0.225495
4.10695,-1.74468,1.4333,0.415127
4.04764,-1.68286,1.42826,0.569775
4.04578,-1.68099,1.42811,0.574477
3.99441,-1.63123,1.42397,0.701554
3.9435,-1.58496,1.42006,0.824153
3.89355,-1.54197,1.41636,0.941561
3.71564,-1.43293,1.40384,1.49919
3.71564,-1.43293,1.40384,1.49917
3.71564,-1.43293,1.40384,1.49915
3.71565,-1.43293,1.40384,1.49913
3.71565,-1.43293,1.40384,1.49911
3.71565,-1.43293,1.40384,1.49909
3.71566,-1.43293,1.40384,1.49907
3.71566,-1.43293,1.40384,1.49905
3.71565,-1.43289,1.40401,1.49927
3.71563,-1.43288,1.40403,1.49931
3.7156,-1.43287,1.40405,1.49935
3.71558,-1.43285,1.40408,1.49939
3.71554,-1.43283,1.4041,1.49943
3.7155,-1.43281,1.40412,1.49946
3.71545,-1.43279,1.40414,1.49949
3.7154,-1.43276,1.40416,1.4995
3.71533,-1.43273,1.40418,1.49951
3.71526,-1.4327,1.40421,1.49951
3.7099,-1.43221,1.40449,1.4946
3.70914,-1.43232,1.40449,1.49364
3.70874,-1.43239,1.40449,1.49312
3.70832,-1.43248,1.40449,1.49258
3.7079,-1.43257,1.40449,1.492
3.6898,-1.44157,1.40396,1.46262
3.689,-1.4421,1.40392,1.46114
3.68818,-1.44265,1.40388,1.45961
3.66357,-1.46155,1.40239,1.40878
3.63388,-1.48834,1.39969,1.33413
3.59477,-1.52958,1.39471,1.20858
3.59369,-1.53084,1.39455,1.20458
3.57341,-1.55569,1.39142,1.12469
3.54351,-1.59689,1.3865,0.990499
3.50957,-1.64836,1.38067,0.823737
3.47761,-1.6988,1.37531,0.662781
3.42812,-1.77651,1.36775,0.421375
3.4269,-1.77839,1.36757,0.415648
3.3828,-1.84387,1.3619,0.218901
3.36038,-1.87532,1.35928,0.12513
3.30073,-1.95345,1.35296,-0.10576
3.2991,-1.95548,1.3528,-0.111713
3.21231,-2.05427,1.34486,-0.405081
3.21041,-2.05626,1.3447,-0.411091
3.15525,-2.1111,1.34016,-0.579825
2.95576,-2.26265,1.32679,-1.255
2.95511,-2.26334,1.32675,-1.25826
2.95447,-2.26405,1.32672,-1.26149
2.95383,-2.26477,1.32668,-1.2647
2.9532,-2.26551,1.32665,-1.26789
2.92597,-2.3237,1.326,-1.39794
2.92501,-2.32692,1.32603,-1.40224
2.90657,-2.40875,1.32821,-1.4816
2.90623,-2.41069,1.32829,-1.48303
2.89345,-2.49894,1.33263,-1.53623
2.89321,-2.50093,1.33274,-1.5372
2.88368,-2.595,1.33789,-1.5758
2.8835,-2.597,1.338,-1.5765
2.87407,-2.71619,1.34423,-1.61317
2.87392,-2.71817,1.34432,-1.61373
2.86753,-2.81192,1.34885,-1.6388
2.8674,-2.81391,1.34894,-1.63932
2.86155,-2.90574,1.35332,-1.66341
2.86142,-2.90773,1.35341,-1.66394
2.85686,-2.98099,1.35686,-1.68361
2.85674,-2.98297,1.35695,-1.68415
2.85197,-3.06043,1.36056,-1.70542
2.84743,-3.13398,1.36394,-1.726
2.8473,-3.13596,1.36402,-1.72655
2.83852,-3.2458,1.37009,-1.76976
2.83848,-3.24602,1.3701,-1.77003
2.83736,-3.24987,1.3707,-1.77663
2.83733,-3.24997,1.37077,-1.77676
2.83729,-3.25007,1.37084,-1.77687
2.83826,-3.26565,1.38108,-1.76262
2.83839,-3.26642,1.38153,-1.76169
2.85399,-3.32181,1.41494,-1.6781
2.85451,-3.32324,1.41586,-1.67555
2.87634,-3.376,1.45208,-1.56809
2.90938,-3.44277,1.50502,-1.39022
2.91017,-3.44426,1.50628,-1.38571
2.94395,-3.50357,1.55806,-1.18808
2.9448,-3.50495,1.55933,-1.18298
2.96871,-3.54155,1.59457,-1.03639
2.9905,-3.57232,1.62711,-0.894345
3.00979,-3.59842,1.65695,-0.759309
3.04069,-3.63916,1.70886,-0.516586
3.04136,-3.64005,1.71009,-0.510744
3.05796,-3.66263,1.74304,-0.352127
3.07393,-3.68863,1.78489,-0.149874
3.08669,-3.72128,1.84012,0.120348
3.08686,-3.72199,1.84135,0.126373
3.08938,-3.74054,1.8731,0.283201
3.06218,-3.80031,1.96762,0.906611
3.06179,-3.80035,1.96785,0.910361
3.0614,-3.80039,1.96806,0.914082
3.06101,-3.80042,1.96827,0.917773
3.06062,-3.80045,1.96847,0.921434
3.05186,-3.79983,1.97208,0.998195
3.0437,-3.79996,1.97565,1.07233
3.04475,-3.81193,1.97808,1.13208
3.05223,-3.8257,1.9785,1.15514
3.07514,-3.85824,1.97768,1.17749
3.10007,-3.88944,1.97596,1.18166
3.14028,-3.93658,1.97246,1.17129
3.17402,-3.9745,1.96925,1.15294
3.21729,-4.02206,1.96502,1.12109
3.25882,-4.06725,1.96103,1.0849
3.26026,-4.06882,1.96089,1.08357
3.31102,-4.12408,1.9562,1.03473
3.34279,-4.15879,1.95333,1.00243
3.39517,-4.21616,1.94877,0.948162
3.41564,-4.23874,1.94698,0.926855
3.44195,-4.26789,1.9447,0.899406
3.48847,-4.31979,1.94074,0.850857
3.52454,-4.36028,1.93768,0.813242
3.57501,-4.41734,1.93335,0.760919
3.59394,-4.43887,1.93173,0.741612
3.62288,-4.472,1.92924,0.712122
3.70803,-4.5716,1.9217,0.610647
3.70848,-4.57214,1.92165,0.609761
3.70892,-4.57266,1.9216,0.608884
3.71645,-4.58168,1.92068,0.590748
3.72266,-4.58884,1.91872,0.57485
3.73242,-4.59747,1.91423,0.564838
3.76473,-4.61953,1.89889,0.554614
3.81896,-4.65132,1.87298,0.552368
3.82046,-4.65216,1.87225,0.552417
3.87795,-4.68341,1.84378,0.557131
3.91598,-4.70351,1.82419,0.562698
3.93833,-4.7152,1.81254,0.56664
3.98479,-4.73932,1.78818,0.576067
4.03766,-4.76665,1.76033,0.588262
4.05851,-4.77745,1.74936,0.593358
4.09045,-4.79393,1.73263,0.601383
4.12528,-4.81193,1.71434,0.610395
4.16776,-4.83391,1.69203,0.621585
4.22421,-4.86316,1.66244,0.636551
4.28344,-4.8939,1.63135,0.65225
4.285,-4.89471,1.63053,0.652662
4.33546,-4.92095,1.60408,0.665823
4.39084,-4.94972,1.57523,0.680083
4.50876,-5.0092,1.51638,0.717831
4.50896,-5.00929,1.51625,0.718025
4.50916,-5.00938,1.51611,0.718218
4.50934,-5.00947,1.51598,0.718409
4.50952,-5.00956,1.51586,0.718598
4.51174,-5.01061,1.51404,0.721843
4.51511,-5.01595,1.51014,0.718042
4.51524,-5.01637,1.50998,0.717552
4.51853,-5.03777,1.50413,0.693106
4.51859,-5.09642,1.49134,0.621272
4.51632,-5.14351,1.48089,0.556047
4.51442,-5.17747,1.47308,0.504851
4.51093,-5.24252,1.45767,0.398229
4.50487,-5.34304,1.43411,0.219339
4.50469,-5.3455,1.43354,0.214806
4.49698,-5.43003,1.4144,0.0549001
4.48282,-5.53434,1.39171,-0.149058
4.48239,-5.53689,1.39116,-0.154144
4.46947,-5.60579,1.37646,-0.292987
4.45118,-5.6852,1.35967,-0.455659
4.43201,-5.75449,1.34501,-0.599372
4.40374,-5.84,1.32667,-0.781932
4.39469,-5.86453,1.32131,-0.835838
4.3559,-5.95925,1.29993,-1.05181
4.34564,-5.98205,1.29455,-1.10588
4.30266,-6.06962,1.27336,-1.3209
4.23106,-6.16442,1.24931,-1.69349
4.23062,-6.16465,1.24919,-1.69662
4.23018,-6.16487,1.24908,-1.69973
4.22975,-6.16507,1.24897,-1.70281
4.22026,-6.16763,1.24689,-1.77443
4.20557,-6.17039,1.24623,-1.84621
4.16312,-6.17652,1.25112,-1.89629
4.16171,-6.17664,1.25133,-1.89702
4.12747,-6.17905,1.25679,-1.90782
4.05937,-6.18148,1.26961,-1.90514
4.05748,-6.18152,1.26999,-1.90476
3.99669,-6.18265,1.28286,-1.88553
3.90127,-6.18422,1.30466,-1.83425
3.89943,-6.18425,1.30509,-1.83307
3.84829,-6.18527,1.31717,-1.79794
3.78506,-6.18666,1.33209,-1.75026
3.76715,-6.18707,1.33629,-1.73618
3.72259,-6.18806,1.34676,-1.70039
3.64838,-6.18952,1.36408,-1.63962
3.64663,-6.18955,1.36449,-1.63817
3.57071,-6.19055,1.3824,-1.5757
3.54934,-6.19076,1.38742,-1.5583
3.51177,-6.19105,1.39621,-1.52792
3.46534,-6.19125,1.40704,-1.4906
3.4106,-6.19123,1.41981,-1.44658
3.31719,-6.19002,1.44003,-1.35664
3.31668,-6.18999,1.44015,-1.35576
3.31619,-6.18996,1.44026,-1.35488
3.30587,-6.18887,1.44352,-1.3286
3.30565,-6.18886,1.4436,-1.32809
3.28555,-6.19234,1.44529,-1.32668
3.24877,-6.20258,1.44356,-1.35631
3.20867,-6.21421,1.44068,-1.39837
3.18055,-6.22234,1.43845,-1.43148
3.12616,-6.23779,1.43374,-1.50286
3.04994,-6.259,1.42671,-1.61782
2.96361,-6.28155,1.4186,-1.76316
2.96119,-6.28214,1.41837,-1.76742
2.8489,-6.30613,1.40788,-1.97423
2.82173,-6.31092,1.40534,-2.02609
2.75992,-6.32014,1.3996,-2.14641
2.66949,-6.32967,1.39118,-2.32891
2.57956,-6.33497,1.38275,-2.51935
2.57725,-6.33505,1.38253,-2.52438
2.51168,-6.33645,1.37611,-2.67074
2.43949,-6.33634,1.3688,-2.83842
2.3639,-6.3343,1.3608,-3.02188
2.36187,-6.33422,1.36058,-3.02698
2.279,-6.3299,1.3514,3.03953
2.27725,-6.32975,1.35121,3.03469
2.20971,-6.31516,1.34319,2.75254
2.20945,-6.31494,1.34313,2.74932
2.2066,-6.30848,1.34164,2.66175
2.20661,-6.30828,1.34161,2.65924
2.20368,-6.30429,1.34064,2.59708
2.18152,-6.30228,1.33867,2.53639
2.13462,-6.30288,1.33653,2.48266
2.13304,-6.30294,1.33648,2.48128
2.08181,-6.3057,1.33532,2.4431
2.02313,-6.31022,1.3347,2.40768
1.94425,-6.31749,1.33425,2.36638
1.94237,-6.31767,1.33424,2.36544
1.85789,-6.32611,1.33377,2.3247
1.85602,-6.3263,1.33376,2.32382
1.77605,-6.33463,1.33326,2.28616
1.69737,-6.34308,1.33262,2.24934
1.69548,-6.34328,1.3326,2.24846
1.62912,-6.35049,1.33193,2.21741
1.55194,-6.35906,1.33119,2.18067
1.55006,-6.35927,1.33117,2.17976
1.46727,-6.36865,1.33037,2.13979
1.4654,-6.36887,1.33036,2.13888
1.38336,-6.37829,1.32955,2.0988
1.38154,-6.3785,1.32953,2.09791
1.28149,-6.38905,1.32887,2.02456
1.28116,-6.38908,1.3289,2.02399
1.28083,-6.3891,1.32893,2.02341
1.28049,-6.38913,1.32896,2.02283
1.24432,-6.38812,1.33113,1.98305
1.24315,-6.38804,1.33119,1.98196
1.09664,-6.37616,1.34033,1.83026
1.0949,-6.37603,1.34045,1.82813
1.09315,-6.3759,1.34057,1.82598
1.0914,-6.37577,1.3407,1.82383
1.01905,-6.37077,1.34588,1.72689
1.01736,-6.37067,1.346,1.72444
0.933481,-6.36629,1.3521,1.59601
0.931822,-6.36622,1.35222,1.59335
0.848074,-6.36358,1.35834,1.45427
0.846439,-6.36355,1.35846,1.4515
0.766607,-6.36339,1.36424,1.31424
0.764972,-6.36341,1.36436,1.31142
0.692678,-6.36545,1.36959,1.18666
0.691025,-6.36552,1.36971,1.18381
0.603309,-6.3706,1.37598,1.03319
0.601647,-6.37072,1.37609,1.03035
0.525399,-6.37742,1.38128,0.901203
0.523801,-6.37758,1.38138,0.898504
0.445073,-6.39612,1.38368,0.667905
0.445095,-6.39625,1.38368,0.666915
0.445119,-6.39637,1.38367,0.665936
0.445145,-6.3965,1.38367,0.664969
0.445174,-6.39662,1.38366,0.664014
0.441235,-6.40135,1.38502,0.615753
0.440801,-6.40136,1.38507,0.614752
0.409513,-6.39805,1.38647,0.565875
0.408335,-6.39785,1.38649,0.564272
0.36249,-6.3888,1.38653,0.501901
0.315707,-6.37858,1.38562,0.432634
0.257993,-6.36708,1.38384,0.336556
0.256267,-6.36677,1.38378,0.333519
0.188058,-6.35606,1.38115,0.20745
0.131052,-6.34903,1.3788,0.0952624
0.057701,-6.34178,1.37608,-0.0526015
0.0558305,-6.34161,1.37602,-0.05638
-0.0171957,-6.33542,1.37347,-0.202401
-0.0191693,-6.33525,1.3734,-0.206289
-0.0931558,-6.32909,1.37101,-0.351154
-0.167401,-6.32284,1.3688,-0.493325
-0.169495,-6.32265,1.36874,-0.497277
-0.241741,-6.316,1.36667,-0.632126
-0.330229,-6.30643,1.36426,-0.791379
-0.332485,-6.30616,1.3642,-0.795366
-0.433561,-6.29237,1.36159,-0.970978
-0.531834,-6.27985,1.35677,-1.18915
-0.532504,-6.27985,1.35671,-1.19143
-0.53316,-6.27986,1.35665,-1.19369
-0.544219,-6.28033,1.3557,-1.23676
-0.555511,-6.28069,1.3555,-1.27778
-0.575001,-6.27539,1.35574,-1.29772
-0.602794,-6.26315,1.35562,-1.28915
-0.640582,-6.2445,1.35455,-1.25063
-0.642028,-6.24376,1.35449,-1.24873
-0.693886,-6.21567,1.35155,-1.16266
-0.747223,-6.18217,1.34717,-1.03727
-0.787467,-6.15252,1.3434,-0.920719
-0.788843,-6.15145,1.34327,-0.916475
-0.830109,-6.11767,1.33924,-0.783245
-0.880791,-6.07332,1.33457,-0.612313
-0.942675,-6.01725,1.32908,-0.402838
-0.944206,-6.01585,1.32895,-0.397757
-1.00648,-5.95992,1.32409,-0.197419
-1.00814,-5.95846,1.32397,-0.192244
-1.05407,-5.91868,1.32075,-0.0518975
-1.10054,-5.87985,1.31764,0.0839154
-1.16537,-5.82864,1.31343,0.262572
-1.22675,-5.78389,1.30984,0.420409
-1.35728,-5.70107,1.30281,0.738551
-1.40278,-5.67579,1.30013,0.873122
-1.40389,-5.67515,1.30006,0.876982
-1.40499,-5.67451,1.3,0.88082
-1.458,-5.63483,1.30041,1.04566
-1.45909,-5.6338,1.3005,1.04812
-1.54264,-5.54362,1.31237,1.15813
-1.54393,-5.5421,1.31261,1.15899
-1.54522,-5.54058,1.31286,1.15983
-1.59366,-5.48146,1.32329,1.1792
-1.59492,-5.47988,1.32358,1.17941
-1.63833,-5.42397,1.33411,1.1795
-1.68082,-5.36729,1.34502,1.1683
-1.71404,-5.32209,1.35372,1.15389
-1.71517,-5.32053,1.35402,1.15334
-1.75684,-5.26267,1.36496,1.13088
-1.79776,-5.20538,1.37569,1.1063
-1.79886,-5.20382,1.37598,1.10562
-1.83746,-5.14948,1.3861,1.08168
-1.87536,-5.09606,1.39601,1.0584
-1.91666,-5.03783,1.4068,1.03348
-1.91777,-5.03627,1.40709,1.03281
-1.9584,-4.9792,1.41774,1.0086
-2.03209,-4.87558,1.43631,0.955744
-2.03229,-4.87529,1.43637,0.955403
-2.03249,-4.87501,1.43644,0.955066
-2.03269,-4.87474,1.4365,0.954732
-2.03287,-4.87448,1.43655,0.954402
-2.03621,-4.86946,1.43804,0.945822
-2.04238,-4.85926,1.43925,0.944954
-2.06732,-4.81712,1.43889,0.96852
-2.06815,-4.81575,1.43886,0.969447
-2.09585,-4.77093,1.43766,1.00349
-2.14482,-4.69411,1.4353,1.07676
-2.14602,-4.69225,1.43524,1.07874
-2.19798,-4.61211,1.43263,1.17275
-2.1992,-4.61026,1.43257,1.17512
-2.24629,-4.53944,1.43021,1.27003
-2.29514,-4.46879,1.4278,1.37175
-2.29644,-4.46695,1.42774,1.37448
-2.35297,-4.38931,1.42502,1.49412
-2.40394,-4.32158,1.4225,1.60196
-2.40528,-4.31982,1.42244,1.6048
-2.45502,-4.25605,1.42008,1.71029
-2.45636,-4.25435,1.42001,1.71314
-2.51531,-4.1806,1.41714,1.83863
-2.56918,-4.1144,1.41446,1.95274
-2.57052,-4.11277,1.41439,1.95559
-2.66849,-4.00515,1.4106,2.18984
-2.66891,-4.00484,1.41059,2.19154
-2.66933,-4.00454,1.41058,2.19323
-2.66973,-4.00425,1.41057,2.19491
-2.69044,-3.99034,1.41005,2.29566
-2.69096,-3.98984,1.41,2.29749
-2.69149,-3.98931,1.40995,2.29935
-2.72797,-3.95317,1.40626,2.40101
-2.78105,-3.90317,1.40124,2.5469
-2.78234,-3.90196,1.40112,2.55072
-2.82972,-3.85834,1.39675,2.7012
-2.83103,-3.85714,1.39663,2.70571
-2.87102,-3.82091,1.39283,2.85244
-2.91803,-3.77802,1.38788,3.05847
-2.91912,-3.77699,1.38776,3.06381
-2.97247,-3.72349,1.3808,-2.92017
-2.97335,-3.72252,1.38067,-2.91447
-3.0126,-3.67175,1.37366,-2.60765
-3.0132,-3.67076,1.37353,-2.60177
-3.03401,-3.62897,1.36818,-2.36063
-3.03442,-3.62793,1.36805,-2.35474
-3.04993,-3.56959,1.3614,-2.04758
-3.05014,-3.56835,1.36127,-2.04165
-3.05505,-3.53289,1.35787,-1.88166
-3.06057,-3.47533,1.35312,-1.65021
-3.06332,-3.40552,1.34743,-1.36743
-3.06322,-3.40461,1.34733,-1.36274
-3.06311,-3.4037,1.34722,-1.35808
-3.05341,-3.37527,1.34366,-1.18084
-3.04757,-3.34989,1.34358,-1.07632
-3.04752,-3.34879,1.34363,-1.07324
-3.0494,-3.3157,1.34538,-1.00163
-3.06799,-3.2245,1.35099,-0.882675
-3.06847,-3.22255,1.35111,-0.880637
-3.08524,-3.15644,1.355,-0.818237
-3.1058,-3.07937,1.35936,-0.75537
-3.10635,-3.07735,1.35948,-0.753811
-3.12831,-2.99837,1.36396,-0.695653
-3.14513,-2.94,1.36737,-0.654669
-3.16678,-2.86695,1.37178,-0.605024
-3.1674,-2.86492,1.3719,-0.603656
-3.17972,-2.82432,1.37435,-0.576392
-3.19582,-2.77172,1.37752,-0.541019
-3.2165,-2.70483,1.38164,-0.496009
-3.23864,-2.63418,1.38589,-0.448126
-3.26425,-2.55314,1.39079,-0.39296
-3.26489,-2.5511,1.39091,-0.391575
-3.29435,-2.45982,1.39636,-0.329542
-3.29499,-2.45785,1.39647,-0.328204
-3.32857,-2.34917,1.40114,-0.231575
-3.3287,-2.34856,1.40121,-0.230646
-3.32882,-2.34795,1.40128,-0.229709
-3.34076,-2.29944,1.40948,-0.168426
-3.34117,-2.29802,1.40972,-0.166837
-3.34158,-2.29657,1.40997,-0.165231
-3.37018,-2.20348,1.42522,-0.0602619
-3.37082,-2.20145,1.42555,-0.057833
-3.40401,-2.0961,1.44215,0.0769502
-3.40471,-2.09388,1.4425,0.0799938
-3.44268,-1.97669,1.46073,0.250202
-3.44345,-1.97442,1.46108,0.253672
-3.4842,-1.85974,1.47872,0.434331
-3.48507,-1.85743,1.47907,0.43805
-3.52429,-1.75933,1.49399,0.600321
-3.52524,-1.75708,1.49434,0.604144
-3.57386,-1.64712,1.51115,0.793216
-3.5749,-1.64488,1.51149,0.797103
-3.62028,-1.552,1.5259,0.960933
-3.66451,-1.46868,1.53929,1.1133
-3.66567,-1.46659,1.53964,1.11721
-3.71495,-1.37991,1.55416,1.28129
-3.71614,-1.37789,1.55449,1.28516
-3.75609,-1.31396,1.56473,1.41332
-3.78847,-1.2726,1.57225,1.53188
-3.80559,-1.25757,1.57606,1.61906
-3.80594,-1.2573,1.57614,1.621
-3.82705,-1.22267,1.57673,1.68981
-3.82752,-1.22152,1.57668,1.69044
-3.84816,-1.16161,1.57403,1.69581
-3.84867,-1.1599,1.57396,1.69547
-3.86728,-1.09243,1.5715,1.66972
-3.88873,-1.0009,1.56879,1.60616
-3.88915,-0.998978,1.56873,1.60455
-3.90783,-0.906508,1.56599,1.51871
-3.90819,-0.904594,1.56594,1.51677
-3.92315,-0.820977,1.56329,1.42773
-3.92347,-0.81909,1.56323,1.42564
-3.93752,-0.734999,1.56045,1.33001
-3.93782,-0.733143,1.56039,1.32785
-3.95314,-0.640351,1.55712,1.21946
-3.95344,-0.638504,1.55706,1.21729
-3.96797,-0.551535,1.55407,1.11364
-3.96827,-0.549754,1.55401,1.11149
-3.98807,-0.439294,1.55004,0.978598
-3.98839,-0.437523,1.54998,0.976493
-3.99748,-0.384219,1.54811,0.910808
-3.99769,-0.382865,1.54806,0.908967
-4.00321,-0.344677,1.54682,0.841751
-4.00327,-0.344181,1.5468,0.840399
-4.00324,-0.332263,1.54582,0.785241
-4.00229,-0.330302,1.54515,0.775574
-3.99054,-0.317888,1.53958,0.734395
-3.92771,-0.275144,1.51667,0.616317
-3.92623,-0.274275,1.51616,0.613709
-3.84961,-0.232092,1.48975,0.470567
-3.84796,-0.231219,1.48917,0.467231
-3.79147,-0.202124,1.46928,0.347265
-3.78983,-0.201296,1.46869,0.343556
-3.75236,-0.182663,1.45507,0.255791
-3.70479,-0.159561,1.43712,0.135639
-3.6377,-0.127846,1.41044,-0.0524584
-3.63627,-0.127163,1.40984,-0.056722
-3.57283,-0.0961957,1.38258,-0.255436
-3.52441,-0.0705781,1.35994,-0.422529
-3.52318,-0.0698852,1.35934,-0.426956
-3.46003,-0.0312887,1.32736,-0.666744
-3.45894,-0.0305496,1.32677,-0.671187
-3.41629,0.00110203,1.3025,-0.853697
-3.41528,0.00192642,1.30191,-0.858165
-3.35289,0.060657,1.26238,-1.20023
-3.35267,0.0609955,1.2621,-1.20345
-3.35175,0.0705719,1.25366,-1.32686
-3.35179,0.0708039,1.25354,-1.32939
-3.35182,0.071045,1.25344,-1.33193
-3.34747,0.0939996,1.25244,-1.43621
-3.34719,0.0948935,1.25249,-1.43871
-3.32208,0.157404,1.25765,-1.57246
-3.32144,0.158878,1.25778,-1.57523
-3.28816,0.237121,1.26466,-1.71861
-3.28747,0.238798,1.2648,-1.72169
-3.24745,0.342638,1.27315,-1.91515
-3.2468,0.344412,1.27328,-1.91851
-3.20639,0.456363,1.28178,-2.1297
-3.20571,0.458249,1.28193,-2.13325
-3.20502,0.460138,1.28207,-2.1368
-3.17916,0.531414,1.2875,-2.26967
-3.14535,0.622421,1.29383,-2.43729
-3.1446,0.624439,1.29397,-2.44096
-3.10446,0.727897,1.301,-2.62582
-3.10361,0.729999,1.30114,-2.62953
-3.07587,0.79751,1.30555,-2.74821
-3.07499,0.799621,1.30569,-2.75192
-3.04969,0.85893,1.30953,-2.8558
-2.99435,0.978587,1.31602,-3.07307
-2.99374,0.979907,1.31606,-3.07596
-2.957,1.06639,1.32699,2.98171
-2.9563,1.06774,1.32732,2.97871
-2.95558,1.06911,1.32764,2.9757
-2.95486,1.07049,1.32798,2.97267
-2.89937,1.16079,1.35022,2.78627
-2.89807,1.16272,1.3507,2.78226
-2.71891,1.40239,1.41186,2.2169
-2.71716,1.40443,1.41241,2.21143
-2.7154,1.40646,1.41295,2.20595
-2.71365,1.40849,1.41349,2.20047
-2.71188,1.41052,1.41404,2.19497
-2.63007,1.49709,1.43807,1.94664
-2.62813,1.49897,1.43862,1.94087
-2.51654,1.59539,1.46886,1.61252
-2.51452,1.59696,1.46941,1.60656
-2.38791,1.68567,1.50253,1.23319
-2.38586,1.68693,1.50306,1.22712
-2.26845,1.75233,1.5343,0.866551
-2.26462,1.75425,1.53536,0.854281
-2.26272,1.7552,1.53589,0.848146
-2.16292,1.80082,1.56411,0.508373
-2.16138,1.80138,1.56453,0.502608
-2.10082,1.80688,1.58591,0.0985829
-2.1005,1.80678,1.58604,0.0947059
-2.10018,1.80667,1.58616,0.0908422
-2.09984,1.80657,1.58628,0.0869909
-2.06169,1.80406,1.589,-0.0822858
-2.0604,1.80402,1.58901,-0.0856841
-1.99514,1.80203,1.58954,-0.224334
-1.9099,1.80169,1.59097,-0.377316
-1.90631,1.80177,1.59106,-0.383656
-1.80916,1.80557,1.59359,-0.557525
-1.80743,1.80567,1.59364,-0.5607
-1.8057,1.80577,1.59369,-0.563875
-1.71185,1.8124,1.59612,-0.739549
-1.71018,1.81253,1.59617,-0.742758
-1.6444,1.81867,1.5978,-0.871772
-1.56947,1.82775,1.59967,-1.02425
-1.56791,1.82797,1.59971,-1.02751
-1.49007,1.84062,1.60175,-1.1909
-1.48852,1.84091,1.60179,-1.19418
-1.43022,1.85269,1.60327,-1.31886
-1.42869,1.85303,1.60331,-1.32215
-1.35475,1.87122,1.60509,-1.48228
-1.35332,1.8716,1.60512,-1.48542
-1.28983,1.89256,1.60502,-1.69634
-1.28961,1.89275,1.60498,-1.69826
-1.28939,1.89294,1.60494,-1.70017
-1.27112,1.92538,1.59917,-1.78261
-1.27059,