3.51718,3.63624,0.793212,-3.08107
3.50354,3.62219,0.78911,-3.07029
3.48991,3.60814,0.785008,-3.05951
3.47628,3.59409,0.780907,-3.04873
3.46265,3.58005,0.776805,-3.03795
3.44902,3.566,0.772703,-3.02717
3.43539,3.55195,0.768602,-3.01639
3.42175,3.5379,0.7645,-3.00562
3.40812,3.52385,0.760398,-2.99484
3.39449,3.5098,0.756297,-2.98406
3.38086,3.49576,0.752195,-2.97328
3.36723,3.48171,0.748093,-2.9625
3.3536,3.46766,0.743992,-2.95172
3.33996,3.45361,0.73989,-2.94094
3.32633,3.43956,0.735788,-2.93016
3.3127,3.42551,0.731687,-2.91938
3.29907,3.41147,0.727585,-2.9086
3.28544,3.39742,0.723483,-2.89782
3.27181,3.38337,0.719382,-2.88704
3.25817,3.36932,0.71528,-2.87626
3.24454,3.35527,0.711178,-2.86548
3.23091,3.34123,0.707077,-2.8547
3.21728,3.32718,0.702975,-2.84392
3.20365,3.31313,0.698873,-2.83315
3.19001,3.29908,0.694772,-2.82237
3.17638,3.28503,0.69067,-2.81159
3.16275,3.27098,0.686568,-2.80081
3.14912,3.25694,0.682467,-2.79003
3.13549,3.24289,0.678365,-2.77925
3.12186,3.22884,0.674263,-2.76847
3.10822,3.21479,0.670162,-2.75769
3.09459,3.20074,0.66606,-2.74691
3.08096,3.18669,0.661958,-2.73613
3.06733,3.17265,0.657857,-2.72535
3.0537,3.1586,0.653755,-2.71457
3.04007,3.14455,0.649653,-2.70379
3.02643,3.1305,0.645552,-2.69301
3.0128,3.11645,0.64145,-2.68223
2.99917,3.1024,0.637348,-2.67145
2.98554,3.08836,0.633247,-2.66067
2.97191,3.07431,0.629145,-2.6499
2.95828,3.06026,0.625043,-2.63912
2.94464,3.04621,0.620942,-2.62834
2.93101,3.03216,0.61684,-2.61756
2.91738,3.01812,0.612738,-2.60678
2.90375,3.00407,0.608637,-2.596
2.89012,2.99002,0.604535,-2.58522
2.87649,2.97597,0.600433,-2.57444
2.86285,2.96192,0.596332,-2.56366
2.84922,2.94787,0.59223,-2.55288
2.83559,2.93383,0.588128,-2.5421
2.82196,2.91978,0.584026,-2.53132
2.80833,2.90573,0.579925,-2.52054
2.7947,2.89168,0.575823,-2.50976
2.78106,2.87763,0.571721,-2.49898
2.76743,2.86358,0.56762,-2.4882
2.7538,2.84954,0.563518,-2.47742
2.74017,2.83549,0.559416,-2.46665
2.72654,2.82144,0.555315,-2.45587
2.71291,2.80739,0.551213,-2.44509
2.69927,2.79334,0.547111,-2.43431
2.68564,2.7793,0.54301,-2.42353
2.67201,2.76525,0.538908,-2.41275
2.65838,2.7512,0.534806,-2.40197
2.64475,2.73715,0.530705,-2.39119
2.63112,2.7231,0.526603,-2.38041
2.61748,2.70905,0.522501,-2.36963
2.60385,2.69501,0.5184,-2.35885
2.59022,2.68096,0.514298,-2.34807
2.57659,2.66691,0.510196,-2.33729
2.56296,2.65286,0.506095,-2.32651
2.54933,2.63881,0.501993,-2.31573
2.53569,2.62476,0.497891,-2.30495
2.52206,2.61072,0.49379,-2.29418
2.50843,2.59667,0.489688,-2.2834
2.4948,2.58262,0.485586,-2.27262
2.48117,2.56857,0.481485,-2.26184
2.46754,2.55452,0.477383,-2.25106
2.4539,2.54048,0.473281,-2.24028
2.44027,2.52643,0.46918,-2.2295
2.42664,2.51238,0.465078,-2.21872
2.41301,2.49833,0.460976,-2.20794
2.39938,2.48428,0.456875,-2.19716
2.38574,2.47023,0.452773,-2.18638
2.37211,2.45619,0.448671,-2.1756
2.35848,2.44214,0.44457,-2.16482
2.34485,2.42809,0.440468,-2.15404
2.33122,2.41404,0.436366,-2.14326
2.31759,2.39999,0.432265,-2.13248
2.30395,2.38594,0.428163,-2.1217
2.29032,2.3719,0.424061,-2.11093
2.27669,2.35785,0.41996,-2.10015
2.26306,2.3438,0.415858,-2.08937
2.24943,2.32975,0.411756,-2.07859
2.2358,2.3157,0.407655,-2.06781
2.22216,2.30165,0.403553,-2.05703
2.20853,2.28761,0.399451,-2.04625
2.1949,2.27356,0.39535,-2.03547
2.18127,2.25951,0.391248,-2.02469
2.16764,2.24546,0.387146,-2.01391
2.15401,2.23141,0.383045,-2.00313
2.14037,2.21737,0.378943,-1.99235
2.12674,2.20332,0.374841,-1.98157
2.11311,2.18927,0.37074,-1.97079
2.09948,2.17522,0.366638,-1.96001
2.08585,2.16117,0.362536,-1.94923
2.07222,2.14712,0.358435,-1.93846
2.05858,2.13308,0.354333,-1.92768
2.04495,2.11903,0.350231,-1.9169
2.03132,2.10498,0.34613,-1.90612
2.01769,2.09093,0.342028,-1.89534
2.00406,2.07688,0.337926,-1.88456
1.99043,2.06283,0.333825,-1.87378
1.97679,2.04879,0.329723,-1.863
1.96316,2.03474,0.325621,-1.85222
1.94953,2.02069,0.32152,-1.84144
1.9359,2.00664,0.317418,-1.83066
1.92227,1.99259,0.313316,-1.81988
1.90864,1.97855,0.309215,-1.8091
1.895,1.9645,0.305113,-1.79832
1.88137,1.95045,0.301011,-1.78754
1.86774,1.9364,0.29691,-1.77676
1.85411,1.92235,0.292808,-1.76598
1.84048,1.9083,0.288706,-1.75521
1.82685,1.89426,0.284605,-1.74443
1.81321,1.88021,0.280503,-1.73365
1.79958,1.86616,0.276401,-1.72287
1.78595,1.85211,0.2723,-1.71209
1.77232,1.83806,0.268198,-1.70131
1.75869,1.82401,0.264096,-1.69053
1.74506,1.80997,0.259995,-1.67975
1.73142,1.79592,0.255893,-1.66897
1.71779,1.78187,0.251791,-1.65819
1.70416,1.76782,0.24769,-1.64741
1.69053,1.75377,0.243588,-1.63663
1.6769,1.73973,0.239486,-1.62585
1.66327,1.72568,0.235385,-1.61507
1.64963,1.71163,0.231283,-1.60429
1.636,1.69758,0.227181,-1.59351
1.62237,1.68353,0.22308,-1.58273
1.60874,1.66948,0.218978,-1.57196
1.59511,1.65544,0.214876,-1.56118
1.58147,1.64139,0.210775,-1.5504
1.56784,1.62734,0.206673,-1.53962
1.55421,1.61329,0.202571,-1.52884
1.54058,1.59924,0.19847,-1.51806
1.52695,1.58519,0.194368,-1.50728
1.51332,1.57115,0.190266,-1.4965
1.49968,1.5571,0.186165,-1.48572
1.48605,1.54305,0.182063,-1.47494
1.47242,1.529,0.177961,-1.46416
1.45879,1.51495,0.17386,-1.45338
1.44516,1.5009,0.169758,-1.4426
1.43153,1.48686,0.165656,-1.43182
1.41789,1.47281,0.161555,-1.42104
1.40426,1.45876,0.157453,-1.41026
1.39063,1.44471,0.153351,-1.39949
1.377,1.43066,0.14925,-1.38871
1.36337,1.41662,0.145148,-1.37793
1.34974,1.40257,0.141046,-1.36715
1.3361,1.38852,0.136945,-1.35637
1.32247,1.37447,0.132843,-1.34559
1.30884,1.36042,0.128741,-1.33481
1.29521,1.34637,0.12464,-1.32403
1.28158,1.33233,0.120538,-1.31325
1.26795,1.31828,0.116436,-1.30247
1.25431,1.30423,0.112335,-1.29169
1.24068,1.29018,0.108233,-1.28091
1.22705,1.27613,0.104131,-1.27013
1.21342,1.26208,0.10003,-1.25935
1.19979,1.24804,0.095928,-1.24857
1.18616,1.23399,0.0918263,-1.23779
1.17252,1.21994,0.0877247,-1.22701
1.15889,1.20589,0.083623,-1.21624
1.14526,1.19184,0.0795213,-1.20546
1.13163,1.1778,0.0754197,-1.19468
1.118,1.16375,0.071318,-1.1839
1.10437,1.1497,0.0672163,-1.17312
1.09073,1.13565,0.0631146,-1.16234
1.0771,1.1216,0.059013,-1.15156
1.06347,1.10755,0.0549113,-1.14078
1.04984,1.09351,0.0508096,-1.13
1.03621,1.07946,0.046708,-1.11922
1.02258,1.06541,0.0426063,-1.10844
1.00894,1.05136,0.0385046,-1.09766
0.995312,1.03731,0.034403,-1.08688
0.98168,1.02326,0.0303013,-1.0761
0.968049,1.00922,0.0261996,-1.06532
0.954417,0.995168,0.022098,-1.05454
0.940785,0.98112,0.0179963,-1.04377
0.927154,0.967071,0.0138946,-1.03299
0.913522,0.953023,0.00979296,-1.02221
0.89989,0.938975,0.0056913,-1.01143
0.886258,0.924927,0.00158963,-1.00065
0.872627,0.910878,-0.00251204,-0.989868
0.858995,0.89683,-0.00661371,-0.979089
0.845363,0.882782,-0.0107154,-0.968309
0.831732,0.868734,-0.014817,-0.95753
0.8181,0.854686,-0.0189187,-0.94675
0.804468,0.840637,-0.0230204,-0.935971
0.790837,0.826589,-0.027122,-0.925192
0.777205,0.812541,-0.0312237,-0.914412
0.763573,0.798493,-0.0353254,-0.903633
0.749942,0.784444,-0.0394271,-0.892853
0.73631,0.770396,-0.0435287,-0.882074
0.722678,0.756348,-0.0476304,-0.871295
0.709046,0.7423,-0.0517321,-0.860515
0.695415,0.728251,-0.0558337,-0.849736
0.681783,0.714203,-0.0599354,-0.838957
0.668151,0.700155,-0.0640371,-0.828177
0.65452,0.686107,-0.0681387,-0.817398
0.640888,0.672058,-0.0722404,-0.806618
0.627256,0.65801,-0.0763421,-0.795839
0.613625,0.643962,-0.0804437,-0.78506
0.599993,0.629914,-0.0845454,-0.77428
0.586361,0.615865,-0.0886471,-0.763501
0.572729,0.601817,-0.0927487,-0.752721
0.559098,0.587769,-0.0968504,-0.741942
0.545466,0.573721,-0.100952,-0.731163
0.531834,0.559672,-0.105054,-0.720383
0.518203,0.545624,-0.109155,-0.709604
0.504571,0.531576,-0.113257,-0.698824
0.490939,0.517528,-0.117359,-0.688045
0.477308,0.503479,-0.12146,-0.677266
0.463676,0.489431,-0.125562,-0.666486
0.450044,0.475383,-0.129664,-0.655707
0.436413,0.461335,-0.133765,-0.644927
0.422781,0.447286,-0.137867,-0.634148
0.409149,0.433238,-0.141969,-0.623369
0.395517,0.41919,-0.14607,-0.612589
0.381886,0.405142,-0.150172,-0.60181
0.368254,0.391093,-0.154274,-0.59103
0.354622,0.377045,-0.158375,-0.580251
0.340991,0.362997,-0.162477,-0.569472
0.327359,0.348949,-0.166579,-0.558692
0.313727,0.3349,-0.17068,-0.547913
0.300096,0.320852,-0.174782,-0.537133
0.286464,0.306804,-0.178884