-0.484297,-2.3624,0.794019,-3.08178
-0.504173,-2.36425,0.792788,-3.06842
-0.524049,-2.3661,0.791557,-3.05507
-0.543924,-2.36796,0.790326,-3.04171
-0.5638,-2.36981,0.789095,-3.02835
-0.583676,-2.37166,0.787864,-3.01499
-0.603552,-2.37352,0.786633,-3.00164
-0.623428,-2.37537,0.785402,-2.98828
-0.643304,-2.37722,0.784171,-2.97492
-0.66318,-2.37908,0.78294,-2.96156
-0.683055,-2.38093,0.781709,-2.94821
-0.702931,-2.38278,0.780478,-2.93485
-0.722807,-2.38464,0.779247,-2.92149
-0.742683,-2.38649,0.778016,-2.90813
-0.762559,-2.38834,0.776785,-2.89478
-0.782435,-2.3902,0.775554,-2.88142
-0.802311,-2.39205,0.774323,-2.86806
-0.822186,-2.3939,0.773092,-2.85471
-0.842062,-2.39576,0.771861,-2.84135
-0.861938,-2.39761,0.77063,-2.82799
-0.881814,-2.39946,0.769399,-2.81463
-0.90169,-2.40132,0.768168,-2.80128
-0.921566,-2.40317,0.766937,-2.78792
-0.941442,-2.40502,0.765706,-2.77456
-0.961317,-2.40688,0.764475,-2.7612
-0.981193,-2.40873,0.763243,-2.74785
-1.00107,-2.41058,0.762012,-2.73449
-1.02094,-2.41244,0.760781,-2.72113
-1.04082,-2.41429,0.75955,-2.70777
-1.0607,-2.41614,0.758319,-2.69442
-1.08057,-2.418,0.757088,-2.68106
-1.10045,-2.41985,0.755857,-2.6677
-1.12032,-2.4217,0.754626,-2.65434
-1.1402,-2.42356,0.753395,-2.64099
-1.16008,-2.42541,0.752164,-2.62763
-1.17995,-2.42726,0.750933,-2.61427
-1.19983,-2.42912,0.749702,-2.60091
-1.2197,-2.43097,0.748471,-2.58756
-1.23958,-2.43282,0.74724,-2.5742
-1.25946,-2.43468,0.746009,-2.56084
-1.27933,-2.43653,0.744778,-2.54749
-1.29921,-2.43838,0.743547,-2.53413
-1.31908,-2.44024,0.742316,-2.52077
-1.33896,-2.44209,0.741085,-2.50741
-1.35883,-2.44394,0.739854,-2.49406
-1.37871,-2.4458,0.738623,-2.4807
-1.39859,-2.44765,0.737392,-2.46734
-1.41846,-2.4495,0.736161,-2.45398
-1.43834,-2.45136,0.73493,-2.44063
-1.45821,-2.45321,0.733699,-2.42727
-1.47809,-2.45506,0.732468,-2.41391
-1.49797,-2.45692,0.731237,-2.40055
-1.51784,-2.45877,0.730006,-2.3872
-1.53772,-2.46062,0.728775,-2.37384
-1.55759,-2.46248,0.727544,-2.36048
-1.57747,-2.46433,0.726313,-2.34712
-1.59734,-2.46618,0.725082,-2.33377
-1.61722,-2.46804,0.723851,-2.32041
-1.6371,-2.46989,0.72262,-2.30705
-1.65697,-2.47174,0.721389,-2.29369
-1.67685,-2.4736,0.720158,-2.28034
-1.69672,-2.47545,0.718927,-2.26698
-1.7166,-2.4773,0.717695,-2.25362
-1.73648,-2.47916,0.716464,-2.24027
-1.75635,-2.48101,0.715233,-2.22691
-1.77623,-2.48286,0.714002,-2.21355
-1.7961,-2.48472,0.712771,-2.20019
-1.81598,-2.48657,0.71154,-2.18684
-1.83586,-2.48842,0.710309,-2.17348
-1.85573,-2.49028,0.709078,-2.16012
-1.87561,-2.49213,0.707847,-2.14676
-1.89548,-2.49398,0.706616,-2.13341
-1.91536,-2.49584,0.705385,-2.12005
-1.93523,-2.49769,0.704154,-2.10669
-1.95511,-2.49954,0.702923,-2.09333
-1.97499,-2.5014,0.701692,-2.07998
-1.99486,-2.50325,0.700461,-2.06662
-2.01474,-2.5051,0.69923,-2.05326
-2.03461,-2.50696,0.697999,-2.0399
-2.05449,-2.50881,0.696768,-2.02655
-2.07437,-2.51066,0.695537,-2.01319
-2.09424,-2.51252,0.694306,-1.99983
-2.11412,-2.51437,0.693075,-1.98647
-2.13399,-2.51623,0.691844,-1.97312
-2.15387,-2.51808,0.690613,-1.95976
-2.17374,-2.51993,0.689382,-1.9464
-2.19362,-2.52179,0.688151,-1.93305
-2.2135,-2.52364,0.68692,-1.91969
-2.23337,-2.52549,0.685689,-1.90633
-2.25325,-2.52735,0.684458,-1.89297
-2.27312,-2.5292,0.683227,-1.87962
-2.293,-2.53105,0.681996,-1.86626
-2.31288,-2.53291,0.680765,-1.8529
-2.33275,-2.53476,0.679534,-1.83954
-2.35263,-2.53661,0.678303,-1.82619
-2.3725,-2.53847,0.677072,-1.81283
-2.39238,-2.54032,0.675841,-1.79947
-2.41225,-2.54217,0.67461,-1.78611
-2.43213,-2.54403,0.673379,-1.77276
-2.45201,-2.54588,0.672148,-1.7594
-2.47188,-2.54773,0.670916,-1.74604
-2.49176,-2.54959,0.669685,-1.73268
-2.51163,-2.55144,0.668454,-1.71933
-2.53151,-2.55329,0.667223,-1.70597
-2.55139,-2.55515,0.665992,-1.69261
-2.57126,-2.557,0.664761,-1.67925
-2.59114,-2.55885,0.66353,-1.6659
-2.61101,-2.56071,0.662299,-1.65254
-2.63089,-2.56256,0.661068,-1.63918
-2.65077,-2.56441,0.659837,-1.62583
-2.67064,-2.56627,0.658606,-1.61247
-2.69052,-2.56812,0.657375,-1.59911
-2.71039,-2.56997,0.656144,-1.58575
-2.73027,-2.57183,0.654913,-1.5724
-2.75014,-2.57368,0.653682,-1.55904
-2.77002,-2.57553,0.652451,-1.54568
-2.7899,-2.57739,0.65122,-1.53232
-2.80977,-2.57924,0.649989,-1.51897
-2.82965,-2.58109,0.648758,-1.50561
-2.84952,-2.58295,0.647527,-1.49225
-2.8694,-2.5848,0.646296,-1.47889
-2.88928,-2.58665,0.645065,-1.46554
-2.90915,-2.58851,0.643834,-1.45218
-2.92903,-2.59036,0.642603,-1.43882
-2.9489,-2.59221,0.641372,-1.42546
-2.96878,-2.59407,0.640141,-1.41211
-2.98865,-2.59592,0.63891,-1.39875
-3.00853,-2.59777,0.637679,-1.38539
-3.02841,-2.59963,0.636448,-1.37203
-3.04828,-2.60148,0.635217,-1.35868
-3.06816,-2.60333,0.633986,-1.34532
-3.08803,-2.60519,0.632755,-1.33196
-3.10791,-2.60704,0.631524,-1.31861
-3.12779,-2.60889,0.630293,-1.30525
-3.14766,-2.61075,0.629062,-1.29189
-3.16754,-2.6126,0.627831,-1.27853
-3.18741,-2.61445,0.6266,-1.26518
-3.20729,-2.61631,0.625368,-1.25182
-3.22716,-2.61816,0.624137,-1.23846
-3.24704,-2.62001,0.622906,-1.2251
-3.26692,-2.62187,0.621675,-1.21175
-3.28679,-2.62372,0.620444,-1.19839
-3.30667,-2.62557,0.619213,-1.18503
-3.32654,-2.62743,0.617982,-1.17167
-3.34642,-2.62928,0.616751,-1.15832
-3.3663,-2.63113,0.61552,-1.14496
-3.38617,-2.63299,0.614289,-1.1316
-3.40605,-2.63484,0.613058,-1.11824
-3.42592,-2.63669,0.611827,-1.10489
-3.4458,-2.63855,0.610596,-1.09153
-3.46568,-2.6404,0.609365,-1.07817
-3.48555,-2.64225,0.608134,-1.06481
-3.50543,-2.64411,0.606903,-1.05146
-3.5253,-2.64596,0.605672,-1.0381
-3.54518,-2.64781,0.604441,-1.02474
-3.56505,-2.64967,0.60321,-1.01139
-3.58493,-2.65152,0.601979,-0.998028
-3.60481,-2.65337,0.600748,-0.98467
-3.62468,-2.65523,0.599517,-0.971313
-3.64456,-2.65708,0.598286,-0.957956
-3.66443,-2.65893,0.597055,-0.944598
-3.68431,-2.66079,0.595824,-0.931241
-3.70419,-2.66264,0.594593,-0.917883
-3.72406,-2.66449,0.593362,-0.904526
-3.74394,-2.66635,0.592131,-0.891169
-3.76381,-2.6682,0.5909,-0.877811
-3.78369,-2.67005,0.589669,-0.864454
-3.80356,-2.67191,0.588438,-0.851097
-3.82344,-2.67376,0.587207,-0.837739
-3.84332,-2.67561,0.585976,-0.824382
-3.86319,-2.67747,0.584745,-0.811024
-3.88307,-2.67932,0.583514,-0.797667
-3.90294,-2.68118,0.582283,-0.78431
-3.92282,-2.68303,0.581052,-0.770952
-3.9427,-2.68488,0.579821,-0.757595
-3.96257,-2.68674,0.578589,-0.744237
-3.98245,-2.68859,0.577358,-0.73088
-4.00232,-2.69044,0.576127,-0.717523
-4.0222,-2.6923,0.574896,-0.704165
-4.04207,-2.69415,0.573665,-0.690808
-4.06195,-2.696,0.572434,-0.67745
-4.08183,-2.69786,0.571203,-0.664093
-4.1017,-2.69971,0.569972,-0.650736
-4.12158,-2.70156,0.568741,-0.637378
-4.14145,-2.70342,0.56751,-0.624021
-4.16133,-2.70527,0.566279,-0.610663
-4.18121,-2.70712,0.565048,-0.597306
-4.20108,-2.70898,0.563817,-0.583949
-4.22096,-2.71083,0.562586,-0.570591
-4.24083,-2.71268,0.561355,-0.557234
-4.26071,-2.71454,0.560124,-0.543876
-4.28059,-2.71639,0.558893,-0.530519
-4.30046,-2.71824,0.557662,-0.517162
-4.32034,-2.7201,0.556431,-0.503804
-4.34021,-2.72195,0.5552,-0.490447
-4.36009,-2.7238,0.553969,-0.47709
-4.37996,-2.72566,0.552738,-0.463732
-4.39984,-2.72751,0.551507,-0.450375
-4.41972,-2.72936,0.550276,-0.437017
-4.43959,-2.73122,0.549045,-0.42366
-4.45947,-2.73307,0.547814,-0.410303
-4.47934,-2.73492,0.546583,-0.396945
-4.49922,-2.73678,0.545352,-0.383588
-4.5191,-2.73863,0.544121,-0.37023
-4.53897,-2.74048,0.54289,-0.356873
-4.55885,-2.74234,0.541659,-0.343516
-4.57872,-2.74419,0.540428,-0.330158
-4.5986,-2.74604,0.539197,-0.316801
-4.61847,-2.7479,0.537966,-0.303443
-4.63835,-2.74975,0.536735,-0.290086
-4.65823,-2.7516,0.535504,-0.276729
-4.6781,-2.75346,0.534273,-0.263371
-4.69798,-2.75531,0.533042,-0.250014
-4.71785,-2.75716,0.53181,-0.236656
-4.73773,-2.75902,0.530579,-0.223299
-4.75761,-2.76087,0.529348,-0.209942
-4.77748,-2.76272,0.528117,-0.196584
-4.79736,-2.76458,0.526886,-0.183227
-4.81723,-2.76643,0.525655,-0.16987
-4.83711,-2.76828,0.524424,-0.156512
-4.85698,-2.77014,0.523193,-0.143155
-4.87686,-2.77199,0.521962,-0.129797
-4.89674,-2.77384,0.520731,-0.11644
-4.91661,-2.7757,0.5195,-0.103083
-4.93649,-2.77755,0.518269,-0.0897252
-4.95636,-2.7794,0.517038,-0.0763678
-4.97624,-2.78126,0.515807,-0.0630104
-4.99612,-2.78311,0.5145766