3.51227,-2.36736,0.792998,-3.08261
3.51912,-2.38608,0.791459,-3.05802
3.52598,-2.40481,0.789919,-3.03342
3.53283,-2.42353,0.788379,-3.00883
3.53969,-2.44226,0.786839,-2.98424
3.54654,-2.46098,0.7853,-2.95964
3.5534,-2.47971,0.78376,-2.93505
3.56025,-2.49843,0.78222,-2.91046
3.5671,-2.51716,0.78068,-2.88586
3.57396,-2.53589,0.779141,-2.86127
3.58081,-2.55461,0.777601,-2.83668
3.58767,-2.57334,0.776061,-2.81208
3.59452,-2.59206,0.774521,-2.78749
3.60138,-2.61079,0.772982,-2.7629
3.60823,-2.62951,0.771442,-2.7383
3.61509,-2.64824,0.769902,-2.71371
3.62194,-2.66696,0.768362,-2.68912
3.62879,-2.68569,0.766823,-2.66452
3.63565,-2.70442,0.765283,-2.63993
3.6425,-2.72314,0.763743,-2.61534
3.64936,-2.74187,0.762203,-2.59074
3.65621,-2.76059,0.760664,-2.56615
3.66307,-2.77932,0.759124,-2.54156
3.66992,-2.79804,0.757584,-2.51696
3.67678,-2.81677,0.756044,-2.49237
3.68363,-2.83549,0.754505,-2.46778
3.69048,-2.85422,0.752965,-2.44318
3.69734,-2.87295,0.751425,-2.41859
3.70419,-2.89167,0.749885,-2.394
3.71105,-2.9104,0.748345,-2.3694
3.7179,-2.92912,0.746806,-2.34481
3.72476,-2.94785,0.745266,-2.32022
3.73161,-2.96657,0.743726,-2.29562
3.73847,-2.9853,0.742186,-2.27103
3.74532,-3.00402,0.740647,-2.24644
3.75217,-3.02275,0.739107,-2.22184
3.75903,-3.04147,0.737567,-2.19725
3.76588,-3.0602,0.736027,-2.17266
3.77274,-3.07893,0.734488,-2.14806
3.77959,-3.09765,0.732948,-2.12347
3.78645,-3.11638,0.731408,-2.09888
3.7933,-3.1351,0.729868,-2.07428
3.80016,-3.15383,0.728329,-2.04969
3.80701,-3.17255,0.726789,-2.0251
3.81386,-3.19128,0.725249,-2.0005
3.82072,-3.21,0.723709,-1.97591
3.82757,-3.22873,0.72217,-1.95132
3.83443,-3.24746,0.72063,-1.92672
3.84128,-3.26618,0.71909,-1.90213
3.84814,-3.28491,0.71755,-1.87754
3.85499,-3.30363,0.716011,-1.85294
3.86185,-3.32236,0.714471,-1.82835
3.8687,-3.34108,0.712931,-1.80376
3.87555,-3.35981,0.711391,-1.77916
3.88241,-3.37853,0.709852,-1.75457
3.88926,-3.39726,0.708312,-1.72998
3.89612,-3.41599,0.706772,-1.70538
3.90297,-3.43471,0.705232,-1.68079
3.90983,-3.45344,0.703693,-1.6562
3.91668,-3.47216,0.702153,-1.6316
3.92354,-3.49089,0.700613,-1.60701
3.93039,-3.50961,0.699073,-1.58242
3.93724,-3.52834,0.697534,-1.55783
3.9441,-3.54706,0.695994,-1.53323
3.95095,-3.56579,0.694454,-1.50864
3.95781,-3.58452,0.692914,-1.48405
3.96466,-3.60324,0.691375,-1.45945
3.97152,-3.62197,0.689835,-1.43486
3.97837,-3.64069,0.688295,-1.41027
3.98523,-3.65942,0.686755,-1.38567
3.99208,-3.67814,0.685216,-1.36108
3.99893,-3.69687,0.683676,-1.33649
4.00579,-3.71559,0.682136,-1.31189
4.01264,-3.73432,0.680596,-1.2873
4.0195,-3.75305,0.679056,-1.26271
4.02635,-3.77177,0.677517,-1.23811
4.03321,-3.7905,0.675977,-1.21352
4.04006,-3.80922,0.674437,-1.18893
4.04692,-3.82795,0.672897,-1.16433
4.05377,-3.84667,0.671358,-1.13974
4.06062,-3.8654,0.669818,-1.11515
4.06748,-3.88412,0.668278,-1.09055
4.07433,-3.90285,0.666738,-1.06596
4.08119,-3.92158,0.665199,-1.04137
4.08804,-3.9403,0.663659,-1.01677
4.0949,-3.95903,0.662119,-0.992179
4.10175,-3.97775,0.660579,-0.967586
4.10861,-3.99648,0.65904,-0.942993
4.11546,-4.0152,0.6575,-0.9184
4.12231,-4.03393,0.65596,-0.893806
4.12917,-4.05265,0.65442,-0.869213
4.13602,-4.07138,0.652881,-0.84462
4.14288,-4.09011,0.651341,-0.820026
4.14973,-4.10883,0.649801,-0.795433
4.15659,-4.12756,0.648261,-0.77084
4.16344,-4.14628,0.646722,-0.746247
4.1703,-4.16501,0.645182,-0.721653
4.17715,-4.18373,0.643642,-0.69706
4.184,-4.20246,0.642102,-0.672467
4.19086,-4.22118,0.640563,-0.647873
4.19771,-4.23991,0.639023,-0.62328
4.20457,-4.25864,0.637483,-0.598687
4.21142,-4.27736,0.635943,-0.574094
4.21828,-4.29609,0.634404,-0.5495
4.22513,-4.31481,0.632864,-0.524907
4.23199,-4.33354,0.631324,-0.500314
4.23884,-4.35226,0.629784,-0.47572
4.24569,-4.37099,0.628245,-0.451127
4.25255,-4.38971,0.626705,-0.426534
4.2594,-4.40844,0.625165,-0.401941
4.26626,-4.42716,0.623625,-0.377347
4.27311,-4.44589,0.622086,-0.352754
4.27997,-4.46462,0.620546,-0.328161
4.28682,-4.48334,0.619006,-0.303567
4.29368,-4.50207,0.617466,-0.278974
4.30053,-4.52079,0.615927,-0.254381
4.30738,-4.53952,0.614387,-0.229788
4.31424,-4.55824,0.612847,-0.205194
4.32109,-4.57697,0.611307,-0.180601
4.32795,-4.59569,0.609767,-0.156008
4.3348,-4.61442,0.608228,-0.131415
4.34166,-4.63315,0.606688,-0.106821
4.34851,-4.65187,0.605148,-0.0822279
4.35537,-4.6706,0.603608,-0.0576346
4.36222,-4.68932,0.602069,-0.0330414
4.36907,-4.70805,0.600529,-0.00844807
4.23983,-4.74962,0.658034,-2.8809
4.23163,-4.75328,0.675909,-2.86652
4.22344,-4.75693,0.693784,-2.85214
4.21524,-4.76058,0.711658,-2.83776
4.20705,-4.76423,0.729533,-2.82337
4.19885,-4.76788,0.747408,-2.80899
4.19066,-4.77153,0.765283,-2.79461
4.18247,-4.77519,0.783158,-2.78023
4.17427,-4.77884,0.801033,-2.76585
4.16608,-4.78249,0.818908,-2.75147
4.15788,-4.78614,0.836783,-2.73709
4.14969,-4.78979,0.854658,-2.72271
4.14149,-4.79345,0.872533,-2.70833
4.1333,-4.7971,0.890408,-2.69394
4.1251,-4.80075,0.908282,-2.67956
4.11691,-4.8044,0.926157,-2.66518
4.10871,-4.80805,0.944032,-2.6508
4.10052,-4.8117,0.961907,-2.63642
4.09232,-4.81536,0.979782,-2.62204
4.08413,-4.81901,0.997657,-2.60766
4.07594,-4.82266,1.01553,-2.59328
4.06774,-4.82631,1.03341,-2.5789
4.05955,-4.82996,1.05128,-2.56451
4.05135,-4.83362,1.06916,-2.55013
4.04316,-4.83727,1.08703,-2.53575
4.03496,-4.84092,1.10491,-2.52137
4.02677,-4.84457,1.12278,-2.50699
4.01857,-4.84822,1.14066,-2.49261
4.01038,-4.85187,1.15853,-2.47823
4.00218,-4.85553,1.17641,-2.46385
3.99399,-4.85918,1.19428,-2.44947
3.98579,-4.86283,1.21216,-2.43508
3.9776,-4.86648,1.23003,-2.4207
3.9694,-4.87013,1.24791,-2.40632
3.96121,-4.87379,1.26578,-2.39194
3.95302,-4.87744,1.28366,-2.37756
3.94482,-4.88109,1.30153,-2.36318
3.93663,-4.88474,1.31941,-2.3488
3.92843,-4.88839,1.33728,-2.33442
3.92024,-4.89204,1.35516,-2.32004
3.91204,-4.8957,1.37303,-2.30565
3.90385,-4.89935,1.3909,-2.29127
3.89565,-4.903,1.40878,-2.27689
3.88746,-4.90665,1.42665,-2.26251
3.87926,-4.9103,1.44453,-2.24813
3.87107,-4.91396,1.4624,-2.23375
3.86287,-4.91761,1.48028,-2.21937
3.85468,-4.92126,1.49815,-2.20499
3.84649,-4.92491,1.51603,-2.19061
3.83829,-4.92856,1.5339,-2.17622
3.8301,-4.93221,1.55178,-2.16184
3.8219,-4.93587,1.56965,-2.14746
3.81371,-4.93952,1.58753,-2.13308
3.80551,-4.94317,1.6054,-2.1187
3.79732,-4.94682,1.62328,-2.10432
3.78912,-4.95047,1.64115,-2.08994
3.78093,-4.95413,1.65903,-2.07556
3.77273,-4.95778,1.6769,-2.06118
3.76454,-4.96143,1.69478,-2.04679
3.75634,-4.96508,1.71265,-2.03241
3.74815,-4.96873,1.73053,-2.01803
3.73996,-4.97238,1.7484,-2.00365
3.73176,-4.97604,1.76628,-1.98927
3.72357,-4.97969,1.78415,-1.97489
3.71537,-4.98334,1.80203,-1.96051
3.70718,-4.98699,1.8199,-1.94613
3.69898,-4.99064,1.83778,-1.93175
3.69079,-4.9943,1.85565,-1.91736
3.68259,-4.99795,1.87353,-1.90298
3.6744,-5.0016,1.8914,-1.8886
3.6662,-5.00525,1.90928,-1.87422
3.65801,-5.0089,1.92715,-1.85984
3.64981,-5.01255,1.94503,-1.84546
3.64162,-5.01621,1.9629,-1.83108
3.63343,-5.01986,1.98078,-1.8167
3.62523,-5.02351,1.99865,-1.80231
3.61704,-5.02716,2.01653,-1.78793
3.60884,-5.03081,2.0344,-1.77355
3.60065,-5.03447,2.05228,-1.75917
3.59245,-5.03812,2.07015,-1.74479
3.58426,-5.04177,2.08803,-1.73041
3.57606,-5.04542,2.1059,-1.71603
3.56787,-5.04907,2.12378,-1.70165
3.55967,-5.05272,2.14165,-1.68727
3.55148,-5.05638,2.15953,-1.67288
3.54328,-5.06003,2.1774,-1.6585
3.53509,-5.06368,2.19528,-1.64412
3.5269,-5.06733,2.21315,-1.62974
3.5187,-5.07098,2.23103,-1.61536
3.51051,-5.07464,2.2489,-1.60098
3.50231,-5.07829,2.26678,-1.5866
3.49412,-5.08194,2.28465,-1.57222
3.48592,-5.08559,2.30253,-1.55784
3.47773,-5.08924,2.3204,-1.54345
3.46953,-5.09289,2.33828,-1.52907
3.46134,-5.09655,2.35615,-1.51469
3.45314,-5.1002,2.37402,-1.50031
3.44495,-5.10385,2.3919,-1.48593
3.43675,-5.1075,2.40977,-1.47155
3.42856,-5.11115,2.42765,-1.45717
3.42036,-5.11481,2.44552,-1.44279
3.41217,-5.11846,2.4634,-1.42841
3.40398,-5.12211,2.48127,-1.41402
3.39578,-5.12576,2.49915,-1.39964
3.38759,-5.12941,2.51702,-1.38526
3.37939,-5.13306,2.5349,-1.37088
3.3712,-5.13672,2.55277,-1.3565
3.363,-5.14037,2.57065,-1.34212
3.35481,-5.14402,2.58852,-1.32774
3.34661,-5.14767,2.6064,-1.31336
3.33842,-5.15132,2.62427,-1.29898
3.33022,-5.15498,2.64215,-1.28459
3.32203,-5.15863,2.660026