-0.632263,-0.52632,0.805812,-2.99643
-0.648987,-0.518033,0.812997,-2.98093
-0.665711,-0.509745,0.820182,-2.96542
-0.682435,-0.501458,0.827367,-2.94992
-0.699159,-0.49317,0.834553,-2.93441
-0.715883,-0.484883,0.841738,-2.91891
-0.732607,-0.476595,0.848923,-2.9034
-0.749331,-0.468308,0.856108,-2.8879
-0.766055,-0.46002,0.863293,-2.87239
-0.782779,-0.451733,0.870478,-2.85689
-0.799503,-0.443445,0.877664,-2.84138
-0.816227,-0.435158,0.884849,-2.82588
-0.832951,-0.42687,0.892034,-2.81037
-0.849675,-0.418583,0.899219,-2.79486
-0.866399,-0.410295,0.906404,-2.77936
-0.883123,-0.402008,0.913589,-2.76385
-0.899847,-0.39372,0.920775,-2.74835
-0.916571,-0.385432,0.92796,-2.73284
-0.933294,-0.377145,0.935145,-2.71734
-0.950018,-0.368857,0.94233,-2.70183
-0.966742,-0.36057,0.949515,-2.68633
-0.983466,-0.352282,0.9567,-2.67082
-1.00019,-0.343995,0.963886,-2.65532
-1.01691,-0.335707,0.971071,-2.63981
-1.03364,-0.32742,0.978256,-2.62431
-1.05036,-0.319132,0.985441,-2.6088
-1.06709,-0.310845,0.992626,-2.5933
-1.08381,-0.302557,0.999811,-2.57779
-1.10053,-0.29427,1.007,-2.56228
-1.11726,-0.285982,1.01418,-2.54678
-1.13398,-0.277695,1.02137,-2.53127
-1.15071,-0.269407,1.02855,-2.51577
-1.16743,-0.26112,1.03574,-2.50026
-1.18415,-0.252832,1.04292,-2.48476
-1.20088,-0.244545,1.05011,-2.46925
-1.2176,-0.236257,1.05729,-2.45375
-1.23433,-0.22797,1.06448,-2.43824
-1.25105,-0.219682,1.07166,-2.42274
-1.26777,-0.211394,1.07885,-2.40723
-1.2845,-0.203107,1.08603,-2.39173
-1.30122,-0.194819,1.09322,-2.37622
-1.31795,-0.186532,1.1004,-2.36072
-1.33467,-0.178244,1.10759,-2.34521
-1.35139,-0.169957,1.11477,-2.3297
-1.36812,-0.161669,1.12196,-2.3142
-1.38484,-0.153382,1.12914,-2.29869
-1.40156,-0.145094,1.13633,-2.28319
-1.41829,-0.136807,1.14351,-2.26768
-1.43501,-0.128519,1.1507,-2.25218
-1.45174,-0.120232,1.15789,-2.23667
-1.46846,-0.111944,1.16507,-2.22117
-1.48518,-0.103657,1.17226,-2.20566
-1.50191,-0.0953691,1.17944,-2.19016
-1.51863,-0.0870816,1.18663,-2.17465
-1.53536,-0.078794,1.19381,-2.15915
-1.55208,-0.0705065,1.201,-2.14364
-1.5688,-0.062219,1.20818,-2.12814
-1.58553,-0.0539315,1.21537,-2.11263
-1.60225,-0.0456439,1.22255,-2.09712
-1.61898,-0.0373564,1.22974,-2.08162
-1.6357,-0.0290689,1.23692,-2.06611
-1.65242,-0.0207814,1.24411,-2.05061
-1.66915,-0.0124938,1.25129,-2.0351
-1.68587,-0.00420631,1.25848,-2.0196
-1.7026,0.00408121,1.26566,-2.00409
-1.71932,0.0123687,1.27285,-1.98859
-1.73604,0.0206563,1.28003,-1.97308
-1.75277,0.0289438,1.28722,-1.95758
-1.76949,0.0372313,1.2944,-1.94207
-1.78622,0.0455188,1.30159,-1.92657
-1.80294,0.0538064,1.30877,-1.91106
-1.81966,0.0620939,1.31596,-1.89556
-1.83639,0.0703814,1.32314,-1.88005
-1.85311,0.0786689,1.33033,-1.86454
-1.86984,0.0869565,1.33751,-1.84904
-1.88656,0.095244,1.3447,-1.83353
-1.90328,0.103532,1.35188,-1.81803
-1.92001,0.111819,1.35907,-1.80252
-1.93673,0.120107,1.36625,-1.78702
-1.95346,0.128394,1.37344,-1.77151
-1.97018,0.136682,1.38063,-1.75601
-1.9869,0.144969,1.38781,-1.7405
-2.00363,0.153257,1.395,-1.725
-2.02035,0.161544,1.40218,-1.70949
-2.03707,0.169832,1.40937,-1.69399
-2.0538,0.178119,1.41655,-1.67848
-2.07052,0.186407,1.42374,-1.66298
-2.08725,0.194694,1.43092,-1.64747
-2.10397,0.202982,1.43811,-1.63196
-2.12069,0.211269,1.44529,-1.61646
-2.13742,0.219557,1.45248,-1.60095
-2.15414,0.227844,1.45966,-1.58545
-2.17087,0.236132,1.46685,-1.56994
-2.18759,0.244419,1.47403,-1.55444
-2.20431,0.252707,1.48122,-1.53893
-2.22104,0.260995,1.4884,-1.52343
-2.23776,0.269282,1.49559,-1.50792
-2.25449,0.27757,1.50277,-1.49242
-2.27121,0.285857,1.50996,-1.47691
-2.28793,0.294145,1.51714,-1.46141
-2.30466,0.302432,1.52433,-1.4459
-2.32138,0.31072,1.53151,-1.4304
-2.33811,0.319007,1.5387,-1.41489
-2.35483,0.327295,1.54588,-1.39939
-2.37155,0.335582,1.55307,-1.38388
-2.38828,0.34387,1.56025,-1.36837
-2.405,0.352157,1.56744,-1.35287
-2.42173,0.360445,1.57462,-1.33736
-2.43845,0.368732,1.58181,-1.32186
-2.45517,0.37702,1.58899,-1.30635
-2.4719,0.385307,1.59618,-1.29085
-2.48862,0.393595,1.60337,-1.27534
-2.50535,0.401882,1.61055,-1.25984
-2.52207,0.41017,1.61774,-1.24433
-2.53879,0.418457,1.62492,-1.22883
-2.55552,0.426745,1.63211,-1.21332
-2.57224,0.435033,1.63929,-1.19782
-2.58896,0.44332,1.64648,-1.18231
-2.60569,0.451608,1.65366,-1.16681
-2.62241,0.459895,1.66085,-1.1513
-2.63914,0.468183,1.66803,-1.13579
-2.65586,0.47647,1.67522,-1.12029
-2.67258,0.484758,1.6824,-1.10478
-2.68931,0.493045,1.68959,-1.08928
-2.70603,0.501333,1.69677,-1.07377
-2.72276,0.50962,1.70396,-1.05827
-2.73948,0.517908,1.71114,-1.04276
-2.7562,0.526195,1.71833,-1.02726
-2.77293,0.534483,1.72551,-1.01175
-2.78965,0.54277,1.7327,-0.996247
-2.80638,0.551058,1.73988,-0.980741
-2.8231,0.559345,1.74707,-0.965236
-2.83982,0.567633,1.75425,-0.949731
-2.85655,0.57592,1.76144,-0.934225
-2.87327,0.584208,1.76862,-0.91872
-2.89,0.592496,1.77581,-0.903215
-2.90672,0.600783,1.78299,-0.887709
-2.92344,0.609071,1.79018,-0.872204
-2.94017,0.617358,1.79736,-0.856699
-2.95689,0.625646,1.80455,-0.841193
-2.97362,0.633933,1.81174,-0.825688
-2.99034,0.642221,1.81892,-0.810183
-3.00706,0.650508,1.82611,-0.794677
-3.02379,0.658796,1.83329,-0.779172
-3.04051,0.667083,1.84048,-0.763667
-3.05724,0.675371,1.84766,-0.748161
-3.07396,0.683658,1.85485,-0.732656
-3.09068,0.691946,1.86203,-0.717151
-3.10741,0.700233,1.86922,-0.701645
-3.12413,0.708521,1.8764,-0.68614
-3.14086,0.716808,1.88359,-0.670635
-3.15758,0.725096,1.89077,-0.655129
-3.1743,0.733383,1.89796,-0.639624
-3.19103,0.741671,1.90514,-0.624119
-3.20775,0.749959,1.91233,-0.608613
-3.22447,0.758246,1.91951,-0.593108
-3.2412,0.766534,1.9267,-0.577603
-3.25792,0.774821,1.93388,-0.562097
-3.27465,0.783109,1.94107,-0.546592
-3.29137,0.791396,1.94825,-0.531087
-3.30809,0.799684,1.95544,-0.515581
-3.32482,0.807971,1.96262,-0.500076
-3.34154,0.816259,1.96981,-0.484571
-3.35827,0.824546,1.97699,-0.469065
-3.37499,0.832834,1.98418,-0.45356
-3.39171,0.841121,1.99136,-0.438055
-3.40844,0.849409,1.99855,-0.422549
-3.42516,0.857696,2.00573,-0.407044
-3.44189,0.865984,2.01292,-0.391539
-3.45861,0.874271,2.0201,-0.376033
-3.47533,0.882559,2.02729,-0.360528
-3.49206,0.890846,2.03448,-0.345023
-3.50878,0.899134,2.04166,-0.329517
-3.52551,0.907421,2.04885,-0.314012
-3.54223,0.915709,2.05603,-0.298507
-3.55895,0.923997,2.06322,-0.283001
-3.57568,0.932284,2.0704,-0.267496
-3.5924,0.940572,2.07759,-0.251991
-3.60913,0.948859,2.08477,-0.236486
-3.62585,0.957147,2.09196,-0.22098
-3.64257,0.965434,2.09914,-0.205475
-3.6593,0.973722,2.10633,-0.18997
-3.67602,0.982009,2.11351,-0.174464
-3.69275,0.990297,2.1207,-0.158959
-3.70947,0.998584,2.12788,-0.143454
-3.72619,1.00687,2.13507,-0.127948
-3.74292,1.01516,2.14225,-0.112443
-3.75964,1.02345,2.14944,-0.0969376
-3.77636,1.03173,2.15662,-0.0814322
-3.79309,1.04002,2.16381,-0.0659269
-3.80981,1.04831,2.17099,-0.0504216
-3.82654,1.0566,2.17818,-0.0349163
-3.84326,1.06488,2.18536,-0.0194109
-3.85998,1.07317,2.19255,-0.00390559
-3.99193,1.04428,2.24876,-2.97732
-3.97886,1.05933,2.25034,-2.95505
-3.96578,1.07438,2.25192,-2.93277
-3.95271,1.08943,2.2535,-2.9105
-3.93963,1.10448,2.25507,-2.88823
-3.92655,1.11953,2.25665,-2.86596
-3.91348,1.13458,2.25823,-2.84369
-3.9004,1.14964,2.25981,-2.82141
-3.88733,1.16469,2.26138,-2.79914
-3.87425,1.17974,2.26296,-2.77687
-3.86117,1.19479,2.26454,-2.7546
-3.8481,1.20984,2.26612,-2.73233
-3.83502,1.22489,2.26769,-2.71005
-3.82195,1.23994,2.26927,-2.68778
-3.80887,1.25499,2.27085,-2.66551
-3.79579,1.27004,2.27243,-2.64324
-3.78272,1.28509,2.274,-2.62097
-3.76964,1.30015,2.27558,-2.59869
-3.75657,1.3152,2.27716,-2.57642
-3.74349,1.33025,2.27874,-2.55415
-3.73041,1.3453,2.28031,-2.53188
-3.71734,1.36035,2.28189,-2.50961
-3.70426,1.3754,2.28347,-2.48733
-3.69119,1.39045,2.28505,-2.46506
-3.67811,1.4055,2.28662,-2.44279
-3.66503,1.42055,2.2882,-2.42052
-3.65196,1.4356,2.28978,-2.39824
-3.63888,1.45066,2.29136,-2.37597
-3.62581,1.46571,2.29293,-2.3537
-3.61273,1.48076,2.29451,-2.33143
-3.59966,1.49581,2.29609,-2.30916
-3.58658,1.51086,2.29767,-2.28688
-3.5735,1.52591,2.29924,-2.26461
-3.56043,1.54096,2.30082,-2.24234
-3.54735,1.55601,2.3024,-2.22007
-3.53428,1.57106,2.30398,-2.1978
-3.5212,1.58611,2.30555,-2.17552
-3.50812,1.60116,2.30713,-2.15325
-3.49505